scalars length: 10329
freq>1000 (count, total, %):          2,       6109,      59.14%
freq>500  (count, total, %):          2,       6109,      59.14%
freq>100  (count, total, %):          2,       6109,      59.14%
freq>20   (count, total, %):          2,       6109,      59.14%

top values:
   0, 0x0000000000000000000000000000000000000000000000000000000000000000, 4603
      [1, 2, 3, 4, 5, 7, 8, 10, 11, 12, 13, 14, 15, 16, 17, 18, 21, 26, 28, 29]
   1, 0x2405f583c68a368e3b3603bc4b337f3a1bc0909748320f9d6723fd7e582bbb68, 1506
      [6, 9, 30, 36, 37, 39, 40, 307, 308, 310, 313, 316, 318, 319, 321, 322, 324, 325, 326, 329]
   2, 0x1a53a4ac2c037164dd96c858e3edb82a11c27b0f1bcc39821738d88cd62e4e33, 10
      [6470, 6537, 6604, 6671, 7256, 7323, 8504, 8571, 9156, 9223]
   3, 0x368a1c8563fd40c7dd9ec85a5f6eea44e32f8e87a977aea5d0a9c0e724c50a67, 9
      [3886, 3889, 3890, 3905, 3908, 3913, 3921, 3927, 3942]
   4, 0x2afc6a9031a8a53ad9aedab529089da4507fc45937cca3b2885730af7be7ec79, 8
      [3787, 3789, 3798, 3807, 3816, 3825, 3834, 3843]
   5, 0x2c3614e5648dac61d536695ca669e9d3e547240015c9043c877a29db862a1513, 8
      [3788, 3790, 3799, 3808, 3817, 3826, 3835, 3844]
      offset: 1
   6, 0x18d99ac4f4ec5da4b0b66e19378ccf3f4bd062bdc56e7ccf2db2835c957a4637, 8
      [3885, 3887, 3888, 3904, 3907, 3912, 3925, 3941]
   7, 0x2437a2ed59486c4fca231cb437720506700b89e6553bbb67f7b98c67503d1037, 7
      [3103, 3105, 3114, 3123, 3132, 3141, 3150]
   8, 0x3f22d27e9251bebf025aa08c63d519036e5dacd8ea2032ab5dd54f8d1032c91c, 7
      [3104, 3106, 3115, 3124, 3133, 3142, 3151]
      offset: 1
   9, 0x28fbb64283ffc98056da32dbbaf3eaabfa11e791054e3f5d153e9b5b5295852e, 6
      [2788, 2790, 2799, 2808, 2817, 2826]
  10, 0x2e6de151eccd001cff4fce37d05b6203451697ea95c574d9e3e9cb3815dcd18a, 6
      [2789, 2791, 2800, 2809, 2818, 2827]
      offset: 1
  11, 0x226a530bd66b05664e1c5ac95e30ae2c9a5e28d765e92bc217aaed60eeb4acb7, 6
      [3454, 3456, 3465, 3474, 3483, 3492]
      offset: 665
  12, 0x1088979a91c9fca80a9b8fbefc3d9243c650a27c96115fcece6f08b469b8d963, 6
      [3455, 3457, 3466, 3475, 3484, 3493]
      offset: 1
  13, 0x2420d1c4fdb970832f519b59d237f87f77e0be9ec95905b085ada37e6ad6cf07, 6
      [3679, 3681, 3690, 3699, 3708, 3717]
      offset: 224
  14, 0x3af17eb376dffc785c94aa21d84c3b7414699c0750ef817b5328148874746dd0, 6
      [3680, 3682, 3691, 3700, 3709, 3718]
      offset: 1
  15, 0x176414e921554ae75490698dbc51141ef5aa728b65850f2f901c25c7e001e2f5, 5
      [3634, 3636, 3645, 3654, 3663]
  16, 0x3adaa6e15ed38d787fbd8a4c8cafe854f6ac6e1e293ddc3eec09274c431a64e6, 5
      [3635, 3637, 3646, 3655, 3664]
      offset: 1
  17, 0x176b79138f80da414d3778a26bd074cb092be21f07d6e05083e9348544537998, 5
      [3733, 3735, 3744, 3753, 3762]
      offset: 98
  18, 0x3bc06a358dd3a86c2feb07b9ecc7662fe4752205f521dba940c53d94476b1e07, 5
      [3734, 3736, 3745, 3754, 3763]
      offset: 1
  19, 0x2d23e95ec78f508a8cf7102b83c88d2e4c37f2c11acdbded1e39bc1e4833c47e, 4
      [301, 7324, 9236, 9246]
  20, 0x3329a0c435e59fee97e1c85a311d72f172fb538aca940236cbd09d638142ee97, 4
      [302, 7325, 9237, 9247]
      offset: 1
  21, 0x25ca306876a6343f4169abe92120bab009a89e45031983b97e76a68c64d73ac6, 4
      [303, 7326, 9238, 9248]
      offset: 1
  22, 0x2656853a9bc7d1acbe210934d6a3637e86121aa806bd0697356e2a8f31b9f38b, 4
      [304, 7327, 9239, 9249]
      offset: 1
  23, 0x329514ed6db37fc4b521d2e04d861dc6546ad88dc97f3608f3670291185c1ef5, 4
      [2833, 2835, 2844, 2853]
  24, 0x3709f21dab56a6baac95bc009a7d29f5416b177578cf841a2b703a58522e0a40, 4
      [2834, 2836, 2845, 2854]
      offset: 1
  25, 0x38f36ea8e4800a49290d5441e453e1ab52e35da1b6ecb6f3eb593e4791c98dfb, 4
      [2878, 2880, 2889, 2898]
      offset: 44
  26, 0x1cf9a2ec12e3adfa5e23771a1b94e5449ddc1373e63c77c865183ce6b83133b8, 4
      [2879, 2881, 2890, 2899]
      offset: 1
  27, 0x0f726ba2bd82c4b61114d27dcd6e86f89dbc41a33296e85ad2f540f9d9d4e56e, 4
      [2905, 2907, 2916, 2925]
      offset: 26
  28, 0x3f377cf2b328e47a4bd6998e8601b3cece16f85b659eb190679cb4030019d725, 4
      [2906, 2908, 2917, 2926]
      offset: 1
  29, 0x0228afee2ebfac2da4c8a738ea736ef89207fcac623a3bb2b25d73a758dcb5f0, 4
      [3013, 3015, 3024, 3033]
      offset: 107
  30, 0x38c3d706efce9f1aa56a5b6678e110989545692eb0c8c14d04ef03f1229753cf, 4
      [3014, 3016, 3025, 3034]
      offset: 1
  31, 0x01a931fb7011892056e81a54b756c70e3f4938c6ba42f4d5121a70f3bff89762, 4
      [3049, 3051, 3060, 3069]
      offset: 35
  32, 0x2e4f14d4d96d5b10a27bad5d6a5ee01a57ef0d54d32acada6bc6f8c922221af9, 4
      [3050, 3052, 3061, 3070]
      offset: 1
  33, 0x3b8dc341e35dc908fd2d71f7e9c14b61cb72129396035a91415e11b1684de6d4, 4
      [3211, 3213, 3222, 3231]
      offset: 161
  34, 0x1d65154c2300949df545f366561c89281f10dcd4487ae49a572f781e1ac6752a, 4
      [3212, 3214, 3223, 3232]
      offset: 1
  35, 0x0c11beebe0b35c170fa233b19dcab57bf51b091b6cbe7a08b3dd1633fde7f55c, 4
      [3310, 3312, 3321, 3330]
      offset: 98
  36, 0x16697a31c90356ba3f71e8d21a9c518350fd1ccc557fadde057027ca1fd848b7, 4
      [3311, 3313, 3322, 3331]
      offset: 1
  37, 0x3f9a931d87f70a4fd35861cdc87a62c6b53b60db895501a5e9b1f7e29ae823b3, 4
      [3418, 3420, 3429, 3438]
      offset: 107
  38, 0x285313c290443eefd55cfdbfcde3c91a4f8b64e12903d26fa36b53ef0325ef72, 4
      [3419, 3421, 3430, 3439]
      offset: 1
  39, 0x0893699c8e59d612a63bb86e4ea501eeba8ad3e5dab909853f7c72633d878f9c, 4
      [3526, 3528, 3537, 3546]
      offset: 107
  40, 0x12fed2b47e122f040403428ecccb6cfb44d79136ab1f191427a00be65433edcd, 4
      [3527, 3529, 3538, 3547]
      offset: 1
  41, 0x04d10cae3dffc83af3a87d466d600765442731202a831db3a4b8c1e5f0e719bb, 3
      [572, 1653, 9253]
  42, 0x16ca700198776d5752b723257724dfc2110bf7811e9336d5538ce7abac53c618, 3
      [573, 1654, 9254]
      offset: 1
  43, 0x1a109132ac30d481c0c654fe7ac70c21e39e3853443d35a2ab15a32135180a90, 3
      [574, 1655, 9255]
      offset: 1
  44, 0x246f8bf02a61190d77a4bd695c30766e0c0f4ba923f1d33f44ed8412949df3ef, 3
      [581, 1662, 9262]
      offset: 7
  45, 0x217c3431d2a44bad4532f2785a2ab325adb17dd386a2e539aae70de70994cc64, 3
      [582, 1663, 9263]
      offset: 1
  46, 0x35c511b7db273f10e5275c6584d6daf204c5d25cdabc0eef8cf7f450001e2dc2, 3
      [583, 1664, 9264]
      offset: 1
  47, 0x21ec6187228c54daa175d75c822da504415a8c6ea48d4edb907419d6097631e5, 3
      [593, 1674, 9274]
      offset: 10
  48, 0x36f39510df5a8c6ef2fcabf2b8865196aabaf8f0deb91557ab47cebb5c7d4445, 3
      [594, 1675, 9275]
      offset: 1
  49, 0x2fe8c46a296b3d37fe8e84ebc570b366ca35e2d6d52c4c25aee551a0551a20ba, 3
      [595, 1676, 9276]
      offset: 1
  50, 0x372862cf9530af3acb73e19375969bfb4e7b931cab1849b75d391b0007b1a7c8, 3
      [605, 1686, 9286]
      offset: 10
  51, 0x3e7721fa0855f57a42a63ca057ebc603e65fc709d386975102c31d53ff599d48, 3
      [606, 1687, 9287]
      offset: 1
  52, 0x15145d0f3c7723cc657ae87bd375e861fb53111eb26ec7e0d177c3ddc782460b, 3
      [607, 1688, 9288]
      offset: 1
  53, 0x38c6c980152c379804c058e02c13523bf338ef1754e2fb4fdbf3b5a7433ab86f, 3
      [608, 1689, 9289]
      offset: 1
  54, 0x23b8983991095061adadab9bb26927d9e4f35fa4aac8fc686fa12757ce549a89, 3
      [609, 1690, 9290]
      offset: 1
  55, 0x1f2c2558b6fd255a7128b5804c97ebac01512880ee51ade4092fbd2acf2f146e, 3
      [610, 1691, 9291]
      offset: 1
  56, 0x20002bd0d0186af1a23c9c84a133188fdf34fa48f54ccc4c79898691bd1da96d, 3
      [611, 1692, 9292]
      offset: 1
  57, 0x236b97565e7c210465f29f8fe7598457e38a5bf133b175531d9f9d6fdf285f73, 3
      [612, 1693, 9293]
      offset: 1
  58, 0x255041dee00d67b591e3b1476c4a0c7203bff64c0e814cb792d71c17aa7e6e1c, 3
      [613, 1694, 9294]
      offset: 1
  59, 0x2e56730f1a3888afb998863ac8acb4383f0190273b45a98081569e3bfbdfc6fc, 3
      [614, 1695, 9295]
      offset: 1
  60, 0x1911f37443b00253e4f41ae01252bc50712ba695919c77947bb9d50829cbd36d, 3
      [615, 1696, 9296]
      offset: 1
  61, 0x21ba0363e30a80510b3b9e1ec7fddcf3c0299b906afc40af99db5eb7c08de231, 3
      [616, 1697, 9297]
      offset: 1
  62, 0x3f51b1132a6322e9facb0f15bf9ca92b74159fd1d7a7e90c7699a293e1f5642e, 3
      [629, 1710, 9310]
      offset: 13
  63, 0x2c7900042fce822fd980740bc313e56f7045e5f5e2db3cb896287fcb797ceb6f, 3
      [630, 1711, 9311]
      offset: 1
  64, 0x273463b4199515558fe679aa6d07c148488448b8ed77d3b097c98f9066214169, 3
      [631, 1712, 9312]
      offset: 1
  65, 0x125398dca724cdb3c7626163e7db1e4d922ed10cd82b02f6341f2e8032f672b3, 3
      [632, 1713, 9313]
      offset: 1
  66, 0x265769b1bc27d4c9c0949aad0fd147faa8886c4c69d5dc1c8a18c14f8677dabd, 3
      [633, 1714, 9314]
      offset: 1
  67, 0x093a9b38bf3106d086bd5a7388f7b7e1d916930dbe887ea7d7589c8669d6d167, 3
      [634, 1715, 9315]
      offset: 1
  68, 0x35b498f9ffceb6582080255cdf454a2d4af0373a9a1ce4a52e45a93598e075a3, 3
      [635, 1716, 9316]
      offset: 1
  69, 0x09297586944675e2f543a856adf2afff8d1bdfc7f74de8535bd60eea4108e863, 3
      [636, 1717, 9317]
      offset: 1
  70, 0x2067c7ef216475958b603400d40021531dad818ef7b02ea3ce5288cc690c3530, 3
      [637, 1718, 9318]
      offset: 1
  71, 0x19cb26fa39754553e7192359e952efff864b691d2a978aaa7d29f25fccacae1c, 3
      [638, 1719, 9319]
      offset: 1
  72, 0x058e4fe7b8643ef17394ec4d3659883e5c749387d12c439d1411ea43b224b585, 3
      [639, 1720, 9320]
      offset: 1
  73, 0x175bf5578b9d06b3e25fabc7463bd4a92bdab4691a3b01da132dd97800ebd443, 3
      [640, 1721, 9321]
      offset: 1
  74, 0x1fcc1172c99dec2076c6fba80719486b8ed8ec7a3897d3bffc99ff6bb513a546, 3
      [641, 1722, 9322]
      offset: 1
  75, 0x19e95d19b6424095ab83a091e66bf2425966c74583ab95e2618c4032c12f13a0, 3
      [642, 1723, 9323]
      offset: 1
  76, 0x1d8d66170fabbdf79e731093899b68214ebcf1a58b69b91d8f90c7f828763b3d, 3
      [643, 1724, 9324]
      offset: 1
  77, 0x398e93eb6e6c04efbf24313eb8ad6162800fa7cb99b7ff0fd05fc951692e19f6, 3
      [2743, 2745, 2754]
  78, 0x148c09231e6f4cc85bae5ed55873744700abc0244507e5a26dbeaace1adf2285, 3
      [2744, 2746, 2755]
      offset: 1
  79, 0x1343c7d189dd0ee0bb471e9ee1df0d9aa13527621d606906a77befe6efefe938, 3
      [2770, 2772, 2781]
      offset: 26
  80, 0x17c7e618c02c0864613f5011ed66d0277f797d6e4d07429c02f48a15b0bd655d, 3
      [2771, 2773, 2782]
      offset: 1
  81, 0x10b2b0ef95e75569e8c48cdc6e2b66384b42cd5140e81d424bf2c016db2a6dfb, 3
      [2950, 2952, 2961]
      offset: 179
  82, 0x1685639546fdae8677df654654f6325dc08abaad5774da7587bfe3d64860cc52, 3
      [2951, 2953, 2962]
      offset: 1
  83, 0x1845230b8664a203f6d731946e4214c1909d5f9a0c3ce7bc2b4b474d85fc7472, 3
      [2968, 2970, 2979]
      offset: 17
  84, 0x1a82eaff8182aa12f057853a6cefbc2f721f9e00b7a370742c2a0bd6572805d1, 3
      [2969, 2971, 2980]
      offset: 1
  85, 0x14fe3c4d98e7adef422de4affa7b48550b8b061b3eea28251569da3bdaf9d478, 3
      [2986, 2988, 2997]
      offset: 17
  86, 0x097343f1c422ee4bfa5a4b56e5f772ffa690bcf9cc97bfe25cb260da8cb6598e, 3
      [2987, 2989, 2998]
      offset: 1
  87, 0x16e73db31d477018b17469ef71f1f409771de9df0135a3abb93af6108cfadb5d, 3
      [3085, 3087, 3096]
      offset: 98
  88, 0x1b7a1a921a1e9e8a31c60abd7e80bc1b9d265a41068c41e5bb931aaf7d363f03, 3
      [3086, 3088, 3097]
      offset: 1
  89, 0x02fe183e2fd9e279cfcb1a917ed74e6e7dc2795cb2fc041a76f7bf635bbf0ced, 3
      [3157, 3159, 3168]
      offset: 71
  90, 0x2582e1832fe575edc4ecadd67ca8dbe7e11c0378fa7f2349b72a69f6b699d925, 3
      [3158, 3160, 3169]
      offset: 1
  91, 0x0b66bf8c4aa46595cf083af0153b46fbb158d54aa5588a7ba875b74fac885547, 3
      [3184, 3186, 3195]
      offset: 26
  92, 0x0997516e26aebe685ddcfa7dc1cd02d9d8726b16f52ca1c27705b2df46a2e400, 3
      [3185, 3187, 3196]
      offset: 1
  93, 0x3071e8d03cd26635dedd32c42e6ad698560c96908a7d34dba487099ce616ddb6, 3
      [3238, 3240, 3249]
      offset: 53
  94, 0x0cfbc2252fa4b450b8ac1c90f180928c595067009ae5857ce4127f816b7a74b2, 3
      [3239, 3241, 3250]
      offset: 1
  95, 0x10513bd8c5e67ae48e617917fed23cd13df9fc9b09623c6024bf4bcb6d09d9f8, 3
      [3265, 3267, 3276]
      offset: 26
  96, 0x0c2f3ff20973f0d9923bcef8d9e9b9fdadd685ed24a8ede657fca94b512e0da6, 3
      [3266, 3268, 3277]
      offset: 1
  97, 0x23a580338c018815f30c226c4689b2f69a8e72e51a5968b38a7b5acb8d65e7b2, 3
      [3337, 3339, 3348]
      offset: 71
  98, 0x1876eda54c39bc10d9879c0b742d5c1a9e98945f18e26fe462b3edf61a3e65aa, 3
      [3338, 3340, 3349]
      offset: 1
  99, 0x1185d360cef7e7e1113f2c4f2703de8491726ccbb9fc1c90a7c8bf16174bdd08, 3
      [3373, 3375, 3384]
      offset: 35
 100, 0x3f0692061e2ac82970a26c90a8b2e9e15eb3ad4ef8b490d71eaf48057e6023b4, 3
      [3374, 3376, 3385]
      offset: 1
 101, 0x0bbe30bab74b2f101c1d90503b3a30e31d56dfe1ea109bd3756615fb7431e0ff, 3
      [3400, 3402, 3411]
      offset: 26
 102, 0x0f404a83b95472fb5d23cd27b5c2e07752cd3958832ff27b73be3fa02dae565a, 3
      [3401, 3403, 3412]
      offset: 1
 103, 0x2f0964bec3fd8ceeea46e4b00abe8088a90a0c7034ff9d723b721bc663413270, 3
      [3499, 3501, 3510]
      offset: 98
 104, 0x0fa60c60073e23c9ea8333f1d2ee768bd33dacef4cd419a617ae0e20cf50520a, 3
      [3500, 3502, 3511]
      offset: 1
 105, 0x20b1dc78e991ed4e2ff4d7781b12e0c0dbddb0970bfe70e74b8ba6cdcf3c7ac1, 3
      [3553, 3555, 3564]
      offset: 53
 106, 0x0eb436e39e56280e71c449f92f3decab8e506039a51bb79987c6c647f179c948, 3
      [3554, 3556, 3565]
      offset: 1
 107, 0x02207bd08035a07295423701313a0800d393c5499f74b0d0a031b01c57c66704, 3
      [3589, 3591, 3600]
      offset: 35
 108, 0x150903d9a6552fdfa7fb8e441380f3640dc36b9ad7c5ff4afea9a1b7564e5866, 3
      [3590, 3592, 3601]
      offset: 1
 109, 0x3b991d835766ad14cd9b5b6b9976fb4d67b46ac34d067b4cff4ac6c265fb48f7, 3
      [3607, 3609, 3618]
      offset: 17
 110, 0x295f6f1a964fab8968afd3ec145e759f3cd9f6bf9c0f179e633ed33fcddd5dc7, 3
      [3608, 3610, 3619]
      offset: 1
 111, 0x16c9afc67b20f14f180b5ed17c3eb48e3233a02622caeeab4430b5374af6833f, 3
      [3859, 3861, 3870]
      offset: 251
 112, 0x0444ca5b383ea94cab5b1f4841b44dd69167579ce806628f6fb80cae44cb4821, 3
      [3860, 3862, 3871]
      offset: 1
 113, 0x297cfe00a00b1c06e5942717596ac2b54786f99f67518beb05c2ae98b3266d71, 2
      [19, 9225]
 114, 0x1b74671e49c500037aa7057fe4663a5c0fc2fc648e28b7d91ab2d4824b30c62a, 2
      [20, 9226]
      offset: 1
 115, 0x1d12fdf1e45c38406ee9d30c36bd1b7016519e186af36121801f62cc0ac97fde, 2
      [22, 25]
 116, 0x1378aa8baef2cc66d768190155734be66d635f84f948045251f7931e6ad53b05, 2
      [23, 2729]
 117, 0x130aa9d97829cb29e1bd9e50616175915a47c82f1b75b4cd56a507000555b174, 2
      [569, 9250]
 118, 0x3a71ae17c525dc68243fe4956bd1c14327adc54bcea9b5aa9230a2e6cdb18291, 2
      [570, 9251]
      offset: 1
 119, 0x07a6125c17060ec9ef7059315a2091c5ec994b1510f5e9420497813372e881ac, 2
      [571, 9252]
      offset: 1
 120, 0x3a7391b422e653d61971ed163f60697cfd7376973858e3bfbabeb69a9b8852f5, 2
      [578, 9259]
      offset: 7
 121, 0x30fac61531fda25c069330819ee548c34f743ac169627d94e5887bdb7c3fff55, 2
      [579, 9260]
      offset: 1
 122, 0x2b90d3f292e113fc412d5ed8e1d681beef0490a8b0210fe65f5bb2f5aeaf066a, 2
      [580, 9261]
      offset: 1
 123, 0x09073e5595f96bb52b7a70a3e2d9d69c891c473601b3d92905ab0fecfaf28653, 2
      [584, 1665]
 124, 0x064da6fc1b6b93fc3ae6ebc3923d831e5eafdd4744d197b164e9c63a8431a19e, 2
      [585, 1666]
      offset: 1
 125, 0x31a67ba6650010070cfe6b6f35a43717421c9ba0dd39eef380f740900ec2a2f7, 2
      [586, 1667]
      offset: 1
 126, 0x23e6e1cdce0d4192051b9bc8f26cb8fe67fcf2eb545604f2a714acdd0be03d4b, 2
      [596, 9277]
 127, 0x3f48c30fc6a8e1ea2cc27e6906ac1c4b42d5c0facbdce727bc7727829581f1d1, 2
      [597, 9278]
      offset: 1
 128, 0x28be38caab9e70bc9047527298db3534937455fa8b1770bc824451e89c478398, 2
      [598, 9279]
      offset: 1
 129, 0x14c460cd42b0dc21f209836890c839b33b2b5d15b72a909ca1b006cd82d6ab6a, 2
      [599, 9280]
      offset: 1
 130, 0x3c4f9b3bf41c1f07cb8fa97f9d508fda7a8a3446c002ec5efeb15cabd57df020, 2
      [600, 9281]
      offset: 1
 131, 0x231610df3f59a1009a1969999e554453de0e195a77d7f6aacbdb0b8068c1db3e, 2
      [601, 9282]
      offset: 1
 132, 0x3e5164c14f959448d155a3e4f881e6b9dc2f471c6a96d1a12ed4a6bdd14f0689, 2
      [602, 1683]
 133, 0x28172de901797b1924ff3862cb12eb4b9dc1aa15c37918d58644ddaca0da02f8, 2
      [603, 1684]
      offset: 1
 134, 0x0bc1ec49b4537075d098f43421068cd025e373a2ef3ef817f2ded27b41c3c3ec, 2
      [604, 1685]
      offset: 1
 135, 0x21feb6d88018db9b209a90e9e03bca273fce2b0b171fdb0e4d00a09e8815aa9a, 2
      [617, 1698]
      offset: 13
 136, 0x2107177188e00608ffcc50553268e3fa862e116d4cc6f8a12bbbfc6d64c82c56, 2
      [618, 1699]
      offset: 1
 137, 0x09a5d23978fb77b0013030e445e7c2fff6104c2b6495f324c4d95c6bc04304da, 2
      [619, 1700]
      offset: 1
 138, 0x36e9744f4da85a402fb6aa7e2d333943b7ac94c02142a02e88624f5681c0490e, 2
      [620, 1701]
      offset: 1
 139, 0x138d4a9b09c576062a2d95fd319ceee4fde15cd94b3cea5186f03a13a541eb35, 2
      [621, 1702]
      offset: 1
 140, 0x05a969b8906198150b87cbd5555ef12fe7a59eac1560773a12f9b7d3f7e4bda2, 2
      [622, 1703]
      offset: 1
 141, 0x02681fdb2791aacee979ffa14b5a7bd5b958ccdd2de2422f1e17bbd330059047, 2
      [623, 1704]
      offset: 1
 142, 0x26a3ba8b57c3cbbb259217e5d1ff2c5434072b0f57458d1f548d176ddf319a98, 2
      [624, 1705]
      offset: 1
 143, 0x06de27cf66ddd583e3bceddf511b592f25c390d72e5b0a58b0225c848ac06b56, 2
      [625, 1706]
      offset: 1
 144, 0x0cb4a207359b9de1e327ac4c170afab5c32b068fd82fa4e3428c0dd53347c8b8, 2
      [626, 1707]
      offset: 1
 145, 0x0e2e29b8f20c23fba569e6cf8414d4db7325f2d6080791e0e34d8b1631929909, 2
      [627, 1708]
      offset: 1
 146, 0x05adf1842e8defb992265851bcf9e08d3f75544f90e937038f431337b351314a, 2
      [628, 1709]
      offset: 1
 147, 0x2d1f267f01a8ffcc5e3fb8aae96b619050547aff2dd6a729bde8b31721b3689d, 2
      [1671, 9271]
 148, 0x39adcdd4250ec050afbc282470875d5e00e238b9e1e3c78fd1489a7da3153152, 2
      [1672, 9272]
      offset: 1
 149, 0x277d703f8eea2b9f95e3128ae792b94448a68240d4b7121760451a32ea21033e, 2
      [1673, 9273]
      offset: 1
 150, 0x11014d1f075a302d19078378a578325d09876ddcf393b04c2b7720a49cd74f49, 2
      [2728, 5159]
 151, 0x341c22ec7d90a27dbe79c41e78a6be0ee67c11b0c84905eacd4b2cbdd22424d0, 2
      [2734, 2736]
 152, 0x267653abf35322b69d6107f67c1723c71b8bbbc6120b2ae63c1d3e73d869e7fd, 2
      [2735, 2737]
      offset: 1
 153, 0x3f5b07b5d8216ed25d9a14ad0cf4e6febc93c83b93d4db7c90618c0bc71cf256, 2
      [2761, 2763]
      offset: 26
 154, 0x370c9ced3c8bc56ba18b8e09c3c560d61ef1d434ae46641e4c2aac7a38063d9a, 2
      [2762, 2764]
      offset: 1
 155, 0x26fa62d9107e13c6c5b840052e8d4f4033e80277ee70bbb55d55ed80f0033d4d, 2
      [2860, 2862]
      offset: 98
 156, 0x23ee4843ad7477064c3aaae190fdfaeb826166a65bca81c538ea046876b9c73f, 2
      [2861, 2863]
      offset: 1
 157, 0x2b68060629b014cd3fb7789c8eec608f1e88381bef41f578d5e2e6d4f3067ed9, 2
      [2869, 2871]
      offset: 8
 158, 0x0cec357fe6024f6f48bcb319f281a744980c4a9d11b0be31fd3baa1a28e65766, 2
      [2870, 2872]
      offset: 1
 159, 0x09fbd49df0670e04c896298336bff3c6f0bd6e60fd1ab26f27242084821ffc78, 2
      [2932, 2934]
      offset: 62
 160, 0x062cc8905bc72858604955c15903afb33f6ed8ec6ef51d0b28db724f17eec4db, 2
      [2933, 2935]
      offset: 1
 161, 0x10ec505ff5d0a664f49a790af8c648b05928e76f2744d8c6ee60c89bfd9b460b, 2
      [2941, 2943]
      offset: 8
 162, 0x364606bd03290f6f98996ce1b5bf1daa3a903200f101678e54683b378c70078b, 2
      [2942, 2944]
      offset: 1
 163, 0x14598721d7ea7f600999454bc31ecfb98689fc7b1abd067776006d74aa7ae381, 2
      [3004, 3006]
      offset: 62
 164, 0x35d6aa7b500109f7ea132d17d50f3aed2428165d148d7a3e5bd94004ae1c5c6d, 2
      [3005, 3007]
      offset: 1
 165, 0x2881b929c88050d7c6e91ed1e3e0690499dee5a44b0d10fa7077294c904525db, 2
      [3040, 3042]
      offset: 35
 166, 0x2d9899176a428bc2df289563bdbf059a67194c6c937c4491262e441afe002dca, 2
      [3041, 3043]
      offset: 1
 167, 0x3fce9569fa4459c123a96b0ec8ee82e71e20f5a0ba343af45590c7aaa2462eec, 2
      [3076, 3078]
      offset: 35
 168, 0x07b2c8390978e9fd716f0b51aadfddabcc65615273a6e87c8ec77f40d181174f, 2
      [3077, 3079]
      offset: 1
 169, 0x1a71a395425bdd331dbe45664e901a4a96e2b7c8688ad6f0e8fad4dedad6e420, 2
      [3175, 3177]
      offset: 98
 170, 0x13bb6ba238326ea4f659c272ebe7d74e807a9ef16fd924ba2d76c5eed7b281e8, 2
      [3176, 3178]
      offset: 1
 171, 0x19035dcd5fd613abd8dbd7252d71eaacf60a3e4ebe788eff6b25dde4981bdc2e, 2
      [3202, 3204]
      offset: 26
 172, 0x2561d9b1cf4b5425e7396989bb437e61d50eb7b7d243432339c661ddad1b5fe6, 2
      [3203, 3205]
      offset: 1
 173, 0x29231c5c10fb53f70741911681e26502c4751dc7921f8091980303741da6e49f, 2
      [3256, 3258]
      offset: 53
 174, 0x1bd80ec90ab901112089c5483819f5d41f56ac80404fb9c5a33ba63b94ef3f11, 2
      [3257, 3259]
      offset: 1
 175, 0x14128ff7f18d9b0c077a5cb13b5f48dbe85460d69d0e19be46e2a375df7f1389, 2
      [3283, 3285]
      offset: 26
 176, 0x1d1f23decbada06b402af711334a2773ecbf0b8d0c07deda4978819f04240a32, 2
      [3284, 3286]
      offset: 1
 177, 0x31df61dd6442ae4e56b1899626c0090be082b414b9b084bdbf47af46ad14030b, 2
      [3292, 3294]
      offset: 8
 178, 0x3d3b223a4666f2818550fc9b5b96bfc4eee7225a35ba133f27cf09f71de84dc8, 2
      [3293, 3295]
      offset: 1
 179, 0x09c1e8e3df719d239e672e88a3598bedb93bb7fa119604a2dd8e71fe4f35ee46, 2
      [3301, 3303]
      offset: 8
 180, 0x0852cf09d0227f956d4b636e00cad058a8224f89ad7f7c24bfcd2099b9226e99, 2
      [3302, 3304]
      offset: 1
 181, 0x2869f0dacada5d69059c0051ec24f21b467bb7e04c60a87f8007b24a0b585d10, 2
      [3355, 3357]
      offset: 53
 182, 0x3c66c99ebe409c0226aa6a9533836b5734b9d4d597fdfeeb376c56cc2dab261d, 2
      [3356, 3358]
      offset: 1
 183, 0x253de40a8963ee070c1e92abfef022ef149fc2a5bcd951f2b5cfb10adc0340c9, 2
      [3364, 3366]
      offset: 8
 184, 0x1f1718bbffe0c532fb98368a9e0d3fe624efad6671390f64526fea6311974356, 2
      [3365, 3367]
      offset: 1
 185, 0x390cc80665d197011aa19908a59a0b1d6f7c709451e84b34732623fd37585339, 2
      [3391, 3393]
      offset: 26
 186, 0x3b95ac217c528b0722a3a9b07db352554875184f82ef4c4ba03d37f3649b16fb, 2
      [3392, 3394]
      offset: 1
 187, 0x18c5b5f6f9660d7f2cd3306aca3c0e2a5214f224a11ca07925c9e865d091368e, 2
      [3445, 3447]
      offset: 53
 188, 0x01c21c66862ae4681b40cae9b02636554c458782d18350a47944fad89cd6f266, 2
      [3446, 3448]
      offset: 1
 189, 0x3196b4cd666412bc78c8d4d681674c895ab7f4d18996465fa89cba5bb7eb6f59, 2
      [3517, 3519]
      offset: 71
 190, 0x120caee2222e549e5950e7e63481056243c4158b18a5948c374869a5d63facc7, 2
      [3518, 3520]
      offset: 1
 191, 0x188b552d40c3ed6365125f5836769bcd4f5abaccd8c6b1ebb03a7ae3116bda72, 2
      [3571, 3573]
      offset: 53
 192, 0x330912352e48557b5a8767bbce4cec795a343fa318c9f45a3fdc838eda1f0388, 2
      [3572, 3574]
      offset: 1
 193, 0x0a211ba3f66f93f1e8a88665d7a31887b58253d24900c80de1e989d07cbdf0ca, 2
      [3580, 3582]
      offset: 8
 194, 0x2fa99f58c47854cb04094cbb7c7fb494a91ef065cca244b8df8e866fb2997388, 2
      [3581, 3583]
      offset: 1
 195, 0x256ace8db3f0b02f141f5eb06f985a3f739fce63a18caa0f304cf64f3ffe88c6, 2
      [3625, 3627]
      offset: 44
 196, 0x0baa1ed0e7d4f9814164775ba8ce1a3a07ab5a55a425253b8078b6ba96c4d073, 2
      [3626, 3628]
      offset: 1
 197, 0x14d58ee03214ce6c66abbd2091a314935603bda40937dfed4d1231590720e620, 2
      [3670, 3672]
      offset: 44
 198, 0x30496d6ad558ac39218ee9fa31c2f425d48da83a0452d063c4cd7ee766e53f76, 2
      [3671, 3673]
      offset: 1
 199, 0x380f29b2cc589c77e18891d862abcf177d36578f176c31bafa7d6c28d2b563e1, 2
      [3724, 3726]
      offset: 53
 200, 0x1bf53fd35b8207f6869722cef4bff0a8083560437915530e3b2c86079f9c4355, 2
      [3725, 3727]
      offset: 1
 201, 0x34099de867c77b1616d7a814079fc881d6a4628db8645e6283983eed8c2b9ebd, 2
      [3769, 3771]
      offset: 44
 202, 0x35c7ef3327315ab4cce2a33d1c1e0899ce8e318496e77fb2d13763c3aff4f5fe, 2
      [3770, 3772]
      offset: 1
 203, 0x0cc1243b22ea8d5456815ac0d83741e931392c2ada44ee586a78c23ecb7c223f, 2
      [3778, 3780]
      offset: 8
 204, 0x1ead88987f3bdffd68e4bd6755eeeb98d4bcc66a98efd83a46da52332bfa2af2, 2
      [3779, 3781]
      offset: 1
 205, 0x05fe710ef7e79e48bfbdb448327e93faa2d4567cebd9ac724fbbecac4ca0b377, 2
      [3850, 3852]
      offset: 71
 206, 0x2aaab127fbaa0993ee3e22c3aadc9a74fe1e6f53278e630325d02222122f5988, 2
      [3851, 3853]
      offset: 1
 207, 0x3f363be25d560f736a72ea79f1cf1b6b42e89abeee80903c5f560a9ca6fa7965, 2
      [3893, 3894]
 208, 0x26cceeed554b83984e59ef9e0cd41e6a53049a95504177a5f24989ef786aa88c, 2
      [3897, 3899]
 209, 0x0c20890e3c96dcb9c8d98a2d7ab74e5741275eafec09aab55a02f888028d98a1, 2
      [3898, 3900]
      offset: 1
 210, 0x3b4e90ee57ba04a22550ca63d8a67892a4eb9ccd91b175bcf0d4f867bca279cc, 2
      [3922, 3924]
      offset: 24
 211, 0x20de717d48a7e6956ba7a68ff75a7c3bf438817627b8b281aba5e8fca2de4754, 2
      [3923, 3926]
 212, 0x254d63504c9d0c97b10d505a4666010808b2b5dbac8377003183e7838a705b77, 2
      [3947, 3948]
 213, 0x115358d413274325ec43541691998042067580966c5372dbbde9d745029c16de, 2
      [3956, 3975]
 214, 0x3c00000000000000000000000000000020222f6c48fb5e4fb3827c6ef0000001, 2
      [3962, 3964]
 215, 0x0a5358d413274325ec4354169199804202b5c7dadb4730638292158d669c16de, 2
      [3965, 4002]
 216, 0x3fc00000000000000000000000000000222452630d8b1434aebaa435df000001, 2
      [3971, 3982]
 217, 0x097358d413274325ec43541691998042023dd0c36925a8147b271d56731c16de, 2
      [3974, 4029]
 218, 0x3ffc00000000000000000000000000002244749279d40f92fe6e26b24df00001, 2
      [3980, 4000]
 219, 0x095758d413274325ec43541691998042022ed1e07ae1770a9a39be4f94ac16de, 2
      [3983, 4056]
 220, 0x3fffc000000000000000000000000000224676b570989f48e3695eda14df0001, 2
      [3989, 4018]
 221, 0x0953d8d413274325ec43541691998042022cf2041d18f0e95e1c126eb8de16de, 2
      [3992, 4083]
 222, 0x3ffffc00000000000000000000000000224696d7a004e84441b9125c914df001, 2
      [3998, 4036]
 223, 0x095368d413274325ec43541691998042022cb608915fe02536985cf29d6456de, 2
      [4001, 4110]
 224, 0x3fffffc0000000000000000000000000224698d9c2fbacd3f79e0d94b914df01, 2
      [4007, 4054]
 225, 0x09535ad413274325ec43541691998042022cae891fe8be0cb1a7e64319f51ede, 2
      [4010, 4137]
 226, 0x3ffffffc000000000000000000000000224698f9e52b191cf2fc5d483b914df1, 2
      [4016, 4072]
 227, 0x0953591413274325ec43541691998042022cad9931b9d9c9a109d76d298737de, 2
      [4019, 4164]
 228, 0x3fffffffc00000000000000000000000224698fbe74e0fe182b2424373b914e0, 2
      [4025, 4090]
 229, 0x095358dc13274325ec43541691998042022cad7b33f3fd413ef615926b797afe, 2
      [4028, 4191]
 230, 0x03fffffffc00000000000000000000000224698fbe74e0fe182b2424373b914e, 2
      [4034, 4108]
 231, 0x095358d513274325ec43541691998042022cad77743b41b032b39d5713b7c362, 2
      [4037, 4218]
 232, 0x083fffffffc000000000000000000000046b19b87d19e32b930b8fa66373b915, 2
      [4043, 4126]
 233, 0x295358d433274325ec43541691998042134ff9f5010e7eacd74ec3e028bf8c6f, 2
      [4046, 4245]
 234, 0x2c83fffffffc0000000000000000000017d73ac8ce67d24b09a17aa116373b92, 2
      [4052, 4144]
 235, 0x055358d417274325ec43541691998042000843e72cabfcc1f435d5bcab608590, 2
      [4055, 4272]
 236, 0x3ac83fffffffc00000000000000000001f7b3989154890e68b582566f16373ba, 2
      [4061, 4162]
 237, 0x38d358d413a74325ec435416919980421b9d1301fa81c0467290c5b51bb4a4b5, 2
      [4064, 4299]
 238, 0x1bac83fffffffc0000000000000000000ed22cf714ec48617d501a82cf16373c, 2
      [4070, 4180]
 239, 0x174358d413374325ec4354169199804209a38d47ce3f8f2c8aafd0bf89bf2899, 2
      [4073, 4326]
 240, 0x11bac83fffffffc00000000000000000097ec90e73b3eebd7ae6bc706cf16374, 2
      [4079, 4198]
 241, 0x331158d413294325ec435416919980421887a90e8d819d7813d727b157807916, 2
      [4082, 4353]
 242, 0x311bac83fffffffc00000000000000001a4cdf4dee6abd9200e39c1fc6cf1638, 2
      [4088, 4216]
 243, 0x0e8b18d413278325ec4354169199804204f80ce9df6cf5b70d4fbf9af138a325, 2
      [4091, 4380]
 244, 0x2311bac83fffffffc00000000000000012c81a72e3b10047e631af527c6cf164, 2
      [4097, 4234]
 245, 0x11fa50d413274b25ec4354169199804206ceec84cadcf5da9e07affc446fa867, 2
      [4100, 4407]
 246, 0x32311bac83fffffffc000000000000001ae17464356a8eaaa7984b4de7c6cf17, 2
      [4106, 4252]
 247, 0x026837d413274425ec43541691998041fe78223925e5cba7ad0cf3402ed6890f, 2
      [4109, 4434]
 248, 0x272311bac83fffffffc000000000000014f5cd5408ba47e7496168f76e7c6cf2, 2
      [4115, 4270]
 249, 0x0075f4b413274345ec43541691998041fd6d48efb146e6614eed9ba8ac236524, 2
      [4118, 4461]
 250, 0x3a72311bac83fffffffc0000000000001f4d22b1c8edb8404f54244c56e7c6d0, 2
      [4124, 4288]
 251, 0x1837ac5013274329ec435416919980420a266725064ac90b97c448e21bcd00a7, 2
      [4127, 4488]
 252, 0x03a72311bac83fffffffc0000000000001f4d22b1c8edb8404f54244c56e7c6d, 2
      [4133, 4306]
 253, 0x032fe343932743266c43541691998041fee3118d2d53860dcc44865ce9c23417, 2
      [4136, 4515]
 254, 0x0c3a72311bac83fffffffc0000000000068c89d1f394cd61ca9ca03a7c56e7c7, 2
      [4142, 4324]
 255, 0x008eea2203274325fc43541691998041fd7aa6da32349dae12d48e0c4380da85, 2
      [4145, 4542]
 256, 0x24c3a72311bac83fffffffc00000000013b07eaae49cebd2bb91ae4637c56e7d, 2
      [4151, 4342]
 257, 0x103acafdd1274325ee4354169199804205df3fc2d535ead97eb849ca6eb8af53, 2
      [4154, 4569]
 258, 0x0e4c3a72311bac83fffffffc0000000007a84499f015ae66b60666fa937c56e8, 2
      [4160, 4360]
 259, 0x223047194ae74325ec835416919980420f7d791eebfb3eb64f467c0a741fa9ed, 2
      [4163, 4596]
 260, 0x20e4c3a72311bac83fffffffc0000000119dd0c7a3cbaf553183dc002937c56f, 2
      [4169, 4378]
 261, 0x146ef69cba1f4325ec4b541691998042081f9a0b6c6ebefa8646878a34cc8940, 2
      [4172, 4623]
 262, 0x060e4c3a72311bac83fffffffc000000033e469c3ad605832bdcac7212937c57, 2
      [4178, 4396]
 263, 0x3ab6cc8d28064325ec445416919980421c9ffdc6827a188d84d2dbeecce2252b, 2
      [4181, 4650]
 264, 0x2460e4c3a72311bac83fffffffc00000137b9a778910ff54d1a5af09b12937c6, 2
      [4187, 4414]
 265, 0x277fc74b35c32325ec43741691998042125590df61a3c46cd009ce4effe4d8a8, 2
      [4190, 4677]
 266, 0x2a460e4c3a72311bac83fffffffc000016a3d944fe8df97fc4c6ade53b12937d, 2
      [4196, 4432]
 267, 0x3d18e6a2f77abf25ec435816919980421de6bca10120b93bce0b44c766452f18, 2
      [4199, 4704]
 268, 0x0ea460e4c3a72311bac83fffffffc00007d77a4391b4bf418699b6f483b12938, 2
      [4205, 4450]
 269, 0x3fcc0a8defb1b2a5ec435496919980421f58e219351057d5adcb7396731139e6, 2
      [4208, 4731]
 270, 0x20ea460e4c3a72311bac83fffffffc0011a0c4223de5a062de8d10ffc83b1294, 2
      [4214, 4468]
 271, 0x10226f0b4eb89115ec4354269199804205d2340b345ecd02c08e491794aabb3f, 2
      [4217, 4758]
 272, 0x320ea460e4c3a72311bac83fffffffc01acefeff2b0dd8ac571e0168bc83b12a, 2
      [4223, 4486]
 273, 0x022d3b9afa996ce3ec43541891998041fe588b29f316068cb15dc66398ddeb6a, 2
      [4226, 4785]
 274, 0x1b20ea460e4c3a72311bac83fffffffc0e87694e76489cddda0c7842ebc83b13, 2
      [4232, 4504]
 275, 0x286e952cf015885dac435416d199804212d575ab50e9d74867240901b9645170, 2
      [4235, 4812]
 276, 0x35b20ea460e4c3a72311bac83fffffffdcc1d2e1af2d5301df9a668efebc83b2, 2
      [4241, 4522]
 277, 0x3d36c05f2ec50bcce4435416999980421df6b93a7f097b9740ee8c1dbd751e31, 2
      [4244, 4839]
 278, 0x3b5b20ea460e4c3a72311bac840000001bc9e30aa354e8f1f8b7b425cfebc83c, 2
      [4250, 4540]
 279, 0x37cfc5c5769afc3acb435416929980421b120e8ce39adb056a9eff1d1df737c9, 2
      [4253, 4866]
 280, 0x13b5b20ea460e4c3a72311bac84000000a4e446fac9a78c6829d360a9cfebc84, 2
      [4259, 4558]
 281, 0x3722e6723f95ba488823541691b980421ab57937302d06f32fd50d7d0a077afc, 2
      [4262, 4893]
 282, 0x313b5b20ea460e4c3a72311bac8400001a59d70401f92632915f03b969cfebc9, 2
      [4268, 4576]
 283, 0x1f0d4a87d8b5120a3fbf5416919d80420dcf6d2df6278d1dd3e1371ca7898362, 2
      [4271, 4920]
 284, 0x1f13b5b20ea460e4c3a72311bac8400010a4805e84509c441674f71a069cfebd, 2
      [4277, 4594]
 285, 0x2c0a970a8bd8fd0276b2d416919a004214c451ebd14c081a8b747718db39c46f, 2
      [4280, 4947]
 286, 0x0df13b5b20ea460e4c3a72311bac8400077784b52a10e96dcbb49b87d069cfec, 2
      [4286, 4612]
 287, 0x05aa409ae23d7a617d914416919990420036cee606b3adefaaba8c23c1afcc90, 2
      [4289, 4974]
 288, 0x10df13b5b20ea460e4c3a72311bac84009091e8a550638ce3fcd0480bd069cff, 2
      [4295, 4630]
 289, 0x38de35cced0a0a0d5e6d1216919982421ba2e461d5c2b66c29615c81fe7e8d95, 2
      [4298, 5001]
 290, 0x050df13b5b20ea460e4c3a72311bac8402b4fb7865e9ae1abcc13efa1bd069d0, 2
      [4304, 4648]
 291, 0x1744b4732e639c02da888bd69199808209a44773c9a7adf14189e399261865b5, 2
      [4307, 5028]
 292, 0x0050df13b5b20ea460e4c3a72311bac8402b4fb7865e9ae1abcc13efa1bd069d, 2
      [4313, 4666]
 293, 0x13118447f68ece418a0bfb0e9199804a076473d608244ce1e48ef47c0b0ba0b9, 2
      [4316, 5055]
 294, 0x0c050df13b5b20ea460e4c3a72311bac8a6ff1aaba31c957a50a0d552a1bd06a, 2
      [4322, 4684]
 295, 0x328b1e428f9434895ffc68f591998043183fc5e054be352ebf130c28e7aa081a, 2
      [4325, 5082]
 296, 0x18c050df13b5b20ea460e4c3a72311bad58178792f3adbe88eeb3901b2a1bd07, 2
      [4331, 4702]
 297, 0x258c050df13b5b20ea460e4c3a72311bc09fcd9558574cbb27d697d2ab2a1bd1, 2
      [4340, 4720]
 298, 0x3e58c050df13b5b20ea460e4c3a72311dc2c2c459e80d31b65ffe5ec1ab2a1be, 2
      [4349, 4738]
 299, 0x0be58c050df13b5b20ea460e4c3a7231220b95e3db1aa24d67e8dbc2e1ab2a1c, 2
      [4358, 4756]
 300, 0x10be58c050df13b5b20ea460e4c3a7231ab25f9d4016d45c399048846e1ab2a2, 2
      [4367, 4774]
 301, 0x390be58c050df13b5b20ea460e4c3a724fa8ebd65c6381079e57124526e1ab2b, 2
      [4376, 4792]
 302, 0x1790be58c050df13b5b20ea460e4c3a72fb09e8c28c4acd5b5bb9a9ea26e1ab3, 2
      [4385, 4810]
 303, 0x35790be58c050df13b5b20ea460e4c3a8ed466358a5514015d5558b4ba26e1ac, 2
      [4394, 4828]
 304, 0x135790be58c050df13b5b20ea460e4c3b17eeca25b0a7b7778e710538ba26e1b, 2
      [4403, 4846]
 305, 0x1535790be58c050df13b5b20ea460e4c45cdfe98e8af1c7cb3649a7f88ba26e2, 2
      [4412, 4864]
 306, 0x39535790be58c050df13b5b20ea460e4e25aa5c616ed0589a5f45764d88ba26f, 2
      [4421, 4882]
 307, 0x079535790be58c050df13b5b20ea460e504a13ec22081ae67323b4285d88ba27, 2
      [4430, 4900]
 308, 0x2479535790be58c050df13b5b20ea460f84c574c878420ab061a1f8515d88ba3, 2
      [4439, 4918]
 309, 0x36479535790be58c050df13b5b20ea462b5e21c190410b3eb25b4103215d88bb, 2
      [4448, 4936]
 310, 0x176479535790be58c050df13b5b20ea46d6bf1eadc02857926fbdd8a8215d88c, 2
      [4457, 4954]
 311, 0x1176479535790be58c050df13b5b20ea4f68655db025528ef58178a0e8215d89, 2
      [4466, 4972]
 312, 0x1d176479535790be58c050df13b5b20eb3f569441f335f09dcb71e687e8215d9, 2
      [4475, 4990]
 313, 0x1dd176479535790be58c050df13b5b20fa3e398286243fd18b2a78c4f7e8215e, 2
      [4484, 5008]
 314, 0x09dd176479535790be58c050df13b5b213ecb6b7a994d918ca3b84f06f7e8216, 2
      [4493, 5026]
 315, 0x289dd176479535790be58c050df13b5b36aaeb090096371c04500b43a6f7e822, 2
      [4502, 5044]
 316, 0x3a89dd176479535790be58c050df13b5d168748d186b77339b030e711a6f7e83, 2
      [4511, 5062]
 317, 0x37a89dd176479535790be58c050df13b78efe395994f80a73ba9cff1e1a6f7e9, 2
      [4520, 5080]
 318, 0x0cfb03615faf6b363da18bddec6146622e331a14ab8e82954ed8574db24bc52d, 2
      [8096, 8892]
 319, 0x1c1b38c4fb241ffa3990ef4c2fbe8662775799bb89b7155b7e17da3d2cf12e1c, 2
      [8097, 8893]
      offset: 1
 320, 0x225ecf25928039c18f35c35846b2e46aaf4f96f0bfb54a3a994d6082bb6f88e2, 2
      [8098, 8894]
      offset: 1
 321, 0x1622f2fb3edc387e4301785d9f12d457b0b2866edac493e000098314f65aec37, 2
      [8099, 8895]
      offset: 1
