scalars length: 10349
freq>1000 (count, total, %):          1,       3269,      31.59%
freq>500  (count, total, %):          4,       5832,      56.35%
freq>100  (count, total, %):          4,       5832,      56.35%
freq>20   (count, total, %):          4,       5832,      56.35%

top values:
   0, 0x0000000000000000000000000000000000000000000000000000000000000000, 3269
      [2, 6, 7, 14, 18, 19, 20, 21, 23, 28, 34, 37, 40, 46, 51, 58, 69, 70, 72, 85]
   1, 0x0626383c9ddc168d9de5ce77bea995ef010b59d5fbad32ee28b3dd61be044bd9, 895
      [0, 8, 15, 22, 24, 27, 32, 38, 42, 44, 47, 52, 53, 62, 63, 66, 73, 74, 77, 82]
   2, 0x31a0a7ecdcb74c3ce3ac9cfebe2461093f95e36d157ef7690b9b247b8d4311a0, 850
      [1, 25, 29, 30, 36, 43, 45, 48, 55, 57, 64, 67, 68, 71, 76, 78, 88, 91, 95, 99]
   3, 0x34cdc884520278d5320a229d91144b5c40b7370e04f2a23aef4840fab1dadca5, 818
      [26, 31, 33, 35, 39, 41, 49, 50, 54, 56, 59, 60, 61, 65, 75, 79, 80, 81, 84, 94]
   4, 0x032d2097754b2c984e5d859ed2efea53012153a0ef73aad1e3ad1c7f2497cb05, 18
      [572, 1474, 1549, 1661, 2557, 2602, 2632, 5087, 5088, 5097, 5109, 5126, 5127, 5136, 5148, 9297, 10210, 10271]
   5, 0x1485904fc124ca50ba393179008534e5e3bc0f64efc2e462a95fa40730c13a3a, 4
      [1555, 1586, 2651, 10190]
   6, 0x1af42165ba265ba5515e6715f62a4ad2a0b5b407c8136693a8d44cf13e80436f, 3
      [4, 1640, 2714]
   7, 0x0e08fdc36da2d16a9b6b065a9246b48658227f57faa59b353ae9342bccf79866, 3
      [10, 1655, 3933]
   8, 0x24753187717a2f2429f74f62be0e58965a47cfb0f2c1e5b135d740a7c9e636b6, 2
      [3, 1643]
   9, 0x0f69cf22fadacc6a73f91b38a467c8642845132b24707a6a618f9072d2064641, 2
      [9, 1658]
  10, 0x17e6b9d9832a398c076bf3ddbaab5defe614b071c270b1ea2bb31c22e0844f70, 2
      [557, 9273]
  11, 0x17b2b0e7366ff6e90896b717d3751f38e4dd6305df368f348d0cc0865559053f, 2
      [581, 1529]
  12, 0x1cae797d49f8ce13d7c03c047865786e1a1e7ba4c86ebd2da7339cd7d6efe86f, 2
      [5083, 5089]
  13, 0x2df4869f52718b73d654f3cb0dad11bcb9804bf6625167c7759f764b4768c642, 2
      [5110, 5118]
  14, 0x0ae9f9a23d31d44d388fdabaa1a21cd6ab691a3f2142a30ca2e5991f213f4dc8, 2
      [5111, 5119]
      offset: 1
  15, 0x3e707369fb880095e1b2628e51e4a050688acd3d82b9c00dfb1d28951ca605ea, 2
      [5149, 9245]
  16, 0x250e6f807304ee2a82a6bdb5e376494e0fac23d3a49afae480d28a4f20c756d8, 2
      [5150, 9246]
      offset: 1
