scalars length: 22233
freq>1000 (count, total, %):          1,       9918,      44.61%
freq>500  (count, total, %):          1,       9918,      44.61%
freq>100  (count, total, %):          8,      12548,      56.44%
freq>20   (count, total, %):         10,      12597,      56.66%

top values:
   0, 0x0000000000000000000000000000000000000000000000000000000000000000, 9918
      [14, 18, 19, 20, 21, 22, 23, 24, 25, 26, 27, 28, 29, 30, 31, 32, 33, 37, 38, 39]
   1, 0x0000000000000000000000000000000000000000000000000000000000000001, 419
      [2, 15, 1593, 1610, 1619, 1620, 1627, 1637, 1639, 1641, 1651, 1673, 1680, 1686, 1689, 1690, 1693, 1706, 1708, 1710]
   2, 0x000000000000000000000000000000002d36316096bcb2521dadce85d2f8c7f9, 383
      [1585, 1587, 1595, 1605, 1607, 1617, 1622, 1630, 1633, 1642, 1652, 1662, 1667, 1717, 1725, 1740, 1743, 1746, 1747, 1758]
   3, 0x00000000000000000000000000000000339b9393b1e37e44d57e51be36d55ce1, 378
      [1, 1591, 1604, 1606, 1621, 1624, 1629, 1632, 1654, 1658, 1664, 1676, 1685, 1696, 1701, 1721, 1736, 1754, 1793, 1834]
   4, 0x00000000000000000000000000000000066562331b26cbf2b7d0833863dc94e8, 369
      [1618, 1640, 1656, 1663, 1666, 1675, 1679, 1682, 1687, 1703, 1711, 1730, 1734, 1735, 1770, 1795, 1799, 1812, 1820, 1840]
   5, 0x000000000000000000000000000000002d36316096bcb2521dadce85d2f8c7f8, 368
      [1588, 1594, 1596, 1615, 1626, 1631, 1636, 1638, 1645, 1665, 1671, 1672, 1674, 1678, 1681, 1683, 1694, 1712, 1715, 1719]
   6, 0x00000000000000000000000000000000066562331b26cbf2b7d0833863dc94e9, 358
      [0, 8, 1597, 1598, 1599, 1602, 1603, 1608, 1611, 1634, 1644, 1655, 1657, 1660, 1668, 1670, 1688, 1691, 1697, 1716]
   7, 0x00000000000000000000000000000000339b9393b1e37e44d57e51be36d55ce0, 355
      [1584, 1589, 1592, 1601, 1628, 1635, 1643, 1646, 1647, 1648, 1649, 1650, 1659, 1661, 1669, 1684, 1698, 1702, 1704, 1707]
   8, 0x40000000000000000000000000000000224698fc0994a8dd8c46eb2100000000, 25
      [55, 1748, 1750, 1751, 1809, 1836, 1897, 2817, 2889, 4116, 4117, 4126, 4138, 4155, 4156, 4165, 4177, 9506, 11316, 11322]
   9, 0x3ffffffffffffffffffffffffffffffff510679b72d7f68b6e991c9b2d073808, 24
      [10744, 11027, 13628, 17590, 17598, 17604, 17616, 17630, 17638, 17644, 17652, 17658, 17668, 17674, 17696, 17715, 17749, 17750, 17761, 17762]
  10, 0x400000000000000000000000000000001be136c8ee6ddcead47667e89c236b19, 19
      [1737, 2830, 2882, 2901, 14416, 17778, 17783, 17799, 17805, 17812, 17816, 17842, 17872, 18737, 18768, 20317, 20319, 22098, 22101]
  11, 0x400000000000000000000000000000001be136c8ee6ddcead47667e89c236b18, 13
      [79, 1912, 2876, 5335, 5336, 5345, 5357, 5374, 5375, 5384, 5396, 10455, 20437]
  12, 0x3fffffffffffffffffffffffffffffffeeab056857b12a98b6c89962c92aa320, 8
      [88, 9871, 9877, 10160, 18186, 18266, 20404, 22099]
  13, 0x2a85d512931f549b56737ae88c7a5bb0a7bef6a4f52024b6aa51859cb24798ed, 7
      [18812, 18872, 19346, 19521, 19537, 19760, 19994]
  14, 0x3ffffffffffffffffffffffffffffffff510679b72d7f68b6e991c9b2d073809, 5
      [1802, 2907, 2908, 22097, 22185]
  15, 0x11e39fd04147fb641b64800c38bb1d4672b8c5feb6e85a260ff8f82f98199606, 4
      [17599, 17639, 17653, 17669]
  16, 0x0f580380cfef037a70ee61de70c3f70be70d846a48a5eae662edbd8e10d13d92, 3
      [4, 1891, 2962]
  17, 0x2fd863ff5b87539c34b13f205f60a093799025cd3650a92456e9a41bb016067a, 3
      [10, 1906, 4181]
  18, 0x40000000000000000000000000000000157bd495d34710f81ca5e4b03846d631, 3
      [17815, 18738, 18744]
  19, 0x108cde05888336e2091b8b9866712cecca129c8f75fb6ef09a4deef3ca23b88a, 3
      [18185, 18265, 18274]
  20, 0x0581136045da9dc09e893cf496a57230a6151bb3913cf6d17540681518986f40, 2
      [3, 1894]
  21, 0x27644732897ce0a0b3ddf8caef0dbc9e3e2d923f1fcae966d3cb35d5c8a6a2e8, 2
      [9, 1909]
  22, 0x3fffffffffffffffffffffffffffffffdb7adecf063cc6c08f570fb99d94e460, 2
      [34, 20383]
  23, 0x10d5a317daeb2d8f3ac7c5e52b3019c530442e39ac183df0b135d92e1c2157e3, 2
      [4112, 4118]
  24, 0x27e3dcce3eadf6acd0fd4ba2fa4b2eb143f381919579b997068ce5404f4e9baa, 2
      [4139, 4147]
  25, 0x1a82d96c60a23a04e140b45a0637f40810e1f5c82929db4d9fbef6bdf4f2a23a, 2
      [4140, 4148]
      offset: 1
  26, 0x2da84500c95471fef73e7efbabc5ad37d8e165396a1db6aa0e34206a88ee5ee8, 2
      [4178, 9490]
  27, 0x1165761795af85568bc3250d0f748623360281e5e28321daad716210b3302b7f, 2
      [4179, 9491]
      offset: 1
  28, 0x206cbb5e8b3b357e939fb28212edb55c532a387eb65288812597f5faf91aa1fb, 2
      [5331, 5337]
  29, 0x3b0f8d13b428e10b30a20a948a4067be228a026531d36e0ffdc56d84cdb61d8e, 2
      [5358, 5366]
  30, 0x27fca36e6a157018b7ce2c3d2f993aa077773279866d2a596ea32d3d4871bc95, 2
      [5359, 5367]
      offset: 1
  31, 0x02f6c3a01f111db3255298710740967e220be89365c9ad95c6825fd838a5e47a, 2
      [9872, 10161]
  32, 0x16223b251331e74aa33d0bd03cdd5c24468fe272bbe8c5987f6d56c6cc317fbb, 2
      [9873, 10162]
      offset: 1
  33, 0x1ac9d8bc901d459af3065f31560f7e3847d8c387388f7f49fefc21a2a86f3327, 2
      [11323, 11612]
      offset: 1450
  34, 0x3543e657a7654d0d2d5b5ef3ef5fbae686b2a78a0dd7d1c1ee4d246e7694535e, 2
      [11324, 11613]
      offset: 1
  35, 0x110c5cdba1bbc302e332228b3d44c847f8dd70d159e33927179ef460371d983d, 2
      [12183, 14407]
  36, 0x0000000000000000000000000000000000000000000000000000000000000002, 2
      [17472, 17690]
  37, 0x3fffffffffffffffffffffffffffffffc7da363adc1b443950eb4e155a0e700f, 2
      [17660, 17723]
  38, 0x1b99b1acd29227df50b2f5b896c1b052b5fef25e994822a38b588bde16a0d6c1, 2
      [17693, 17695]
  39, 0x279a9bce8a1d345b0487ce0ed1df2ddd4a1e344f38d909e8b1020975f44b3229, 2
      [17800, 17813]
  40, 0x3fffffffffffffffffffffffffffffffd585fe96c3c3197cee80c47c51a90521, 2
      [17818, 18742]
  41, 0x2f90815a5082dc8eb0ecfaaba5496a5cfd95c0a7464de3a9a915bce9d05178df, 2
      [17819, 20323]
  42, 0x34d552fd329e60009ff341d90b40e3a874cfe8e167e9fd59af3ada1a8004923d, 2
      [17831, 20327]
  43, 0x0b2aad02cd619fff600cbe26f4bf1c57ad76b01aa1aaab83dd0c11067ffb6dc4, 2
      [18351, 18501]
  44, 0x000000000000000000000000000000004cc09a6545d18f609dc626a4ae56fae0, 2
      [18613, 20324]
