scalars length: 10329
freq>1000 (count, total, %):          2,       5468,      52.94%
freq>500  (count, total, %):          2,       5468,      52.94%
freq>100  (count, total, %):          2,       5468,      52.94%
freq>20   (count, total, %):          2,       5468,      52.94%

top values:
   0, 0x0000000000000000000000000000000000000000000000000000000000000000, 3490
      [2, 3, 6, 9, 21, 30, 35, 36, 38, 45, 47, 49, 52, 54, 55, 56, 57, 58, 60, 61]
   1, 0x2405f583c68a368e3b3603bc4b337f3a1bc0909748320f9d6723fd7e582bbb68, 1978
      [39, 40, 46, 48, 50, 51, 53, 59, 62, 63, 64, 66, 67, 68, 69, 70, 71, 72, 73, 77]
   2, 0x1a53a4ac2c037164dd96c858e3edb82a11c27b0f1bcc39821738d88cd62e4e33, 8
      [6604, 6671, 7256, 7323, 8504, 8571, 9156, 9223]
   3, 0x2dfde99de36dbdb558df7a5d243ad2537e447e05d8fb0e88f79e0d555e4e88a4, 6
      [3580, 3582, 3591, 3600, 3609, 3618]
   4, 0x3f4f10f58b43176e27040488206c8fcc3a00bbdb40926705e4beed7555900a52, 6
      [3581, 3583, 3592, 3601, 3610, 3619]
      offset: 1
   5, 0x04ed6486bfc34b1d62e55b5180c03888eb1fe7877b9b2c6d5e43f3797b6480d0, 6
      [4795, 4797, 4806, 4815, 4824, 4833]
      offset: 1214
   6, 0x376e8a458d01c67aaba909a0d1741a2239babf99c2c26cbafd8f4d7e1ddba6f8, 6
      [4796, 4798, 4807, 4816, 4825, 4834]
      offset: 1
   7, 0x0753cc26aa7964d6bf1841d7d7db5c9b814eafaf15637b9a9cd112cc3e1b5bca, 5
      [2770, 2772, 2781, 2790, 2799]
   8, 0x2da7c65eb7ad685d7ca08d893e986363b4b6034591cdb855197a1b8927a81a49, 5
      [2771, 2773, 2782, 2791, 2800]
      offset: 1
   9, 0x008b19bc82ebb3c1c81f478086088d083892e8e860f0d2f41a467758610c6f20, 5
      [2833, 2835, 2844, 2853, 2862]
      offset: 62
  10, 0x35b8c4af9f187a4460d047fc874f81930b66bb7e61a25ca9fd0cc88512ddbe5c, 5
      [2834, 2836, 2845, 2854, 2863]
      offset: 1
  11, 0x27c625483d4dc66762015fa2561f036ae91d6879899811ec2c25cf45e80c5ad9, 5
      [3094, 3096, 3105, 3114, 3123]
      offset: 260
  12, 0x0ff0ee49fe65d73256f147bad8939f5534b5398fa41b4894a4e9aa5692922835, 5
      [3095, 3097, 3106, 3115, 3124]
      offset: 1
  13, 0x3778cc52692096f7e7cc1c117425498eb8a613ff24df8f90781b333f6c118bc2, 5
      [3292, 3294, 3303, 3312, 3321]
      offset: 197
  14, 0x11ab496401d3093e98b7757f9ab1adb587a54dbabb6b50f11ecc3577694980db, 5
      [3293, 3295, 3304, 3313, 3322]
      offset: 1
  15, 0x3ba9d21b1109d513c475be513d042bd4d96b97eb2151729be654014bbb108e84, 5
      [3481, 3483, 3492, 3501, 3510]
      offset: 188
  16, 0x2c686c4adaec9a824ba0a72ad1f0e1b765e4b3ec4cb86b939cbbf09850989baa, 5
      [3482, 3484, 3493, 3502, 3511]
      offset: 1
  17, 0x29de8d3a8af600a76124874bd8a6d9eab7f0105df4f55fc14fc0dfe0f0b832fc, 5
      [3634, 3636, 3645, 3654, 3663]
      offset: 152
  18, 0x1e83f8a07e630ec08eaaf21e168b682a60c37ba671f14f2a8c7cf991f96d4e38, 5
      [3635, 3637, 3646, 3655, 3664]
      offset: 1
  19, 0x06ae3aa32e3df690fe57b657531fcb349fc3e5cdf4c55163013a94026436beed, 5
      [3697, 3699, 3708, 3717, 3726]
      offset: 62
  20, 0x30051cd3fe614fc9a2266870856b393b143c87fb182bba129c1ebc76eb26032e, 5
      [3698, 3700, 3709, 3718, 3727]
      offset: 1
  21, 0x3342f8c6c5639cdf1a7c735fa569b576ad258c41bc9479279508d0e4fcb5a949, 5
      [3751, 3753, 3762, 3771, 3780]
      offset: 53
  22, 0x237c94fb9f5e060bd4004afd35bac7865d0f39693297a320e7c433e6c08b4b2f, 5
      [3752, 3754, 3763, 3772, 3781]
      offset: 1
  23, 0x2db193b603a230af3cb241aceda9b26b16a5c4cfc38c76e91ef7add728541c91, 5
      [3922, 3924, 3925, 3941, 9225]
  24, 0x067923d98d3547f9efa0b3c7f0d965ee402fa30686e99b33c0788d422f1b6712, 5
      [3923, 3926, 3927, 3942, 9226]
  25, 0x0d83ed7283fea03a98a85d7882b2a763713c0a5a20a8e158513c85b18cc0f42f, 5
      [3985, 3987, 3996, 4005, 4014]
  26, 0x19c2676151ef4b79b969cf0ba0ba139ad20d2a0d5522d892e9170db825b50b1b, 5
      [3986, 3988, 3997, 4006, 4015]
      offset: 1
  27, 0x1cb8db6ac5372fa034ed9e44cc52b77ddd7f813509eae0e184cf287b4a37176f, 5
      [4048, 4050, 4059, 4068, 4077]
      offset: 62
  28, 0x065daad3578b1509689d1ab6afc159782bf9152c65de510f491de750759f8a1b, 5
      [4049, 4051, 4060, 4069, 4078]
      offset: 1
  29, 0x23a2b5530086c1f5bc13ea6483c8384d3ed686c65b66688106086d254c5fd849, 5
      [4309, 4311, 4320, 4329, 4338]
      offset: 260
  30, 0x0d42d50e396387a0f1095ffe28a54934451aca23d8b483167b1952abd540a636, 5
      [4310, 4312, 4321, 4330, 4339]
      offset: 1
  31, 0x203a7dd23429256e3446bc5229286e75f1db82c1014de906a3c80fb0a81514b9, 5
      [4507, 4509, 4518, 4527, 4536]
      offset: 197
  32, 0x30b9dc5ce8ccefab8f545fc3b2e6b3e968d6dd7a8079525fa37d63829fceced1, 5
      [4508, 4510, 4519, 4528, 4537]
      offset: 1
  33, 0x32b9cdaa5969ebbbc0631478e2bf3ad5cc2ebcf8803ddbe916a4a49ff7f89b06, 5
      [4696, 4698, 4707, 4716, 4725]
      offset: 188
  34, 0x2b053eaca7cb46b4b73e2602519e6b934d35a90f6c4d8d4ad2f682e2be4aaa33, 5
      [4697, 4699, 4708, 4717, 4726]
      offset: 1
  35, 0x28a72d87d9b5c14145c0e6c7df33c1a7ab462ee29a9e63f1838697fac6d1bb44, 5
      [4849, 4851, 4860, 4869, 4878]
      offset: 152
  36, 0x35b585e637c39a8bfabe14b277f10d3a6546123fc6066623c61c2eacf611dda5, 5
      [4850, 4852, 4861, 4870, 4879]
      offset: 1
  37, 0x3d114e4a7ffa5c07ec0294f77b7d313ac37bbb9f9c49ed9afeaa42866044abb2, 5
      [4912, 4914, 4923, 4932, 4941]
      offset: 62
  38, 0x3d4c0574c0d8ea58ca1a8abec04bdf92a2dd488a24cda04137cca92a3c721999, 5
      [4913, 4915, 4924, 4933, 4942]
      offset: 1
  39, 0x09fb86617ff3db068d05145240e11bd9ed31c5560e775a681940c8159f40646b, 5
      [4966, 4968, 4977, 4986, 4995]
      offset: 53
  40, 0x1b939d8f311ff7eb4cae85dd4f5c358c8717c7a483bec1b88d146097d32db35a, 5
      [4967, 4969, 4978, 4987, 4996]
      offset: 1
  41, 0x3021c3595c4ec884fe4d219c45c460a50a195f40946976159661c1883d2cc967, 5
      [5137, 5139, 5140, 5156, 9228]
  42, 0x09fca525ad2b8fc5b077aebf8d133f32c1be254e93a810b86e8e258efa22b8d6, 5
      [5138, 5141, 5142, 5157, 9229]
  43, 0x0460450038ebea43b48561e832ba6fc77decf1789306f4c1511234a5003ed721, 4
      [19, 2736, 2745, 2754]
  44, 0x029d3bd38df1202d8eefe84a23dedcbaba066f47542dff5a5386ac844388deda, 4
      [20, 2737, 2746, 2755]
      offset: 1
  45, 0x10b7083fa986f3129c7672def1f9f8425f0c61aaee088b41e56b6672e2f8b8a1, 4
      [28, 3951, 3960, 3969]
  46, 0x2d012980cd4b3e37314d6d6967f995bbb708ec3c675c89a5ba3c9638694e20f3, 4
      [29, 3952, 3961, 3970]
      offset: 1
  47, 0x3e3d70e9fc779249b1865569a5fe27b929a6719c791188d99f6deb44cfbf1457, 4
      [2806, 2808, 2817, 2826]
  48, 0x31dc15c02a4a6b17e385557b35fd67082f2cf8788c5fa353bdb76eac3bb5a32c, 4
      [2807, 2809, 2818, 2827]
      offset: 1
  49, 0x35354e216a111150058b441fd9754fbf08696a9043b9e21f3ba2bfcf0cce5b27, 4
      [2923, 2925, 2934, 2943]
      offset: 116
  50, 0x04347b9d54ab28e4a1eae9e3f922b3d55bcba208d5a0e48cfad4229d93b061cf, 4
      [2924, 2926, 2935, 2944]
      offset: 1
  51, 0x3f87f0db19dc05157a405ee69b2cac97a0775c88342b54f641d5945427d7c16a, 4
      [2977, 2979, 2988, 2997]
      offset: 53
  52, 0x2dafc4f9d7b1da3ecbb38c095773d45ce5fb64faeb1a4ec5ab85f296a2ecd262, 4
      [2978, 2980, 2989, 2998]
      offset: 1
  53, 0x1db5081fb3605c3c66b9cc03e6ee623e89dae8448db65a2f5b8c416f6726436a, 4
      [3193, 3195, 3204, 3213]
      offset: 215
  54, 0x3077986d5a8d458c686828a8b65229a5b82b8ddd5fce226801a88f5c8366d227, 4
      [3194, 3196, 3205, 3214]
      offset: 1
  55, 0x1e1d8cb47d7f4f8eb09a2361a3ee4a4088025a7d0fe39b2b733147a14367bdf3, 4
      [3238, 3240, 3249, 3258]
      offset: 44
  56, 0x189070517856dc371eff9b80c51dfaaa0f5b689b3be654727f78db60191e62e5, 4
      [3239, 3241, 3250, 3259]
      offset: 1
  57, 0x26ed4670e351730c1d13ffbe551d8793f17b7aac7fd7290e4112ab058f4c870f, 4
      [3670, 3672, 3681, 3690]
      offset: 431
  58, 0x32665fa9fd87d8007cd1e64aac890a6f9075340b85e7b4e89b2f90e859b07e5a, 4
      [3671, 3673, 3682, 3691]
      offset: 1
  59, 0x106fe6afe8c2c38a5b1feae49c59fd163c6a254fc584f55db3305573501f5177, 4
      [3805, 3807, 3816, 3825]
      offset: 134
  60, 0x153f2aa766e44dce35a62d6dbfa72e8aab6e2052bb0e30936a3c77ae19a56875, 4
      [3806, 3808, 3817, 3826]
      offset: 1
  61, 0x3e9d814f8fd8a61e1841b17103351d6944b1ad8309695f10f4c1f5a461ea4463, 4
      [3868, 3870, 3907, 3912]
  62, 0x0734a66a053fa9b690c46d269d65370156ffa6f404bb3bd2aa20adee502367ae, 4
      [3869, 3871, 3908, 3913]
      offset: 1
  63, 0x3ba6449259be6d0ed7bd9e85142c4d4b3050683b91122250864887786c38083f, 4
      [3885, 3887, 3888, 3904]
  64, 0x31f383e5c46175e23e9e8fd13367fafb989a13e0b800479b452963144fed7b33, 4
      [3886, 3889, 3890, 3905]
  65, 0x096cc9f5ff5d2630605403d596d540726ac3f7c47e08b9c1b2eaba3b43fa452a, 4
      [4021, 4023, 4032, 4041]
  66, 0x1142cf6913d425416b0e343194b38ffa3429f0f845963efbe15c1e09fdbc8bc0, 4
      [4022, 4024, 4033, 4042]
      offset: 1
  67, 0x00dda3c37cc46f788b4c3e7ec4da2e2e9b2f6ff89b8b086839118028933b7148, 4
      [4138, 4140, 4149, 4158]
      offset: 116
  68, 0x3022d5a6a1ee76163d200463149a28038add27420f09847c9e3e7fd8729cc721, 4
      [4139, 4141, 4150, 4159]
      offset: 1
  69, 0x2d8c2473f3e902ee8a871704605e64243b568165b998c2a122fa6a7ad91f5de7, 4
      [4192, 4194, 4203, 4212]
      offset: 53
  70, 0x2e3fe2e6fc29f4c564685e9f9d2652537a31918ef3d34021b0740c10f6040aa0, 4
      [4193, 4195, 4204, 4213]
      offset: 1
  71, 0x2b77494036d918da398cf819d1c3503aa1617e71d0a06c2d87f21162272c60d7, 4
      [4408, 4410, 4419, 4428]
      offset: 215
  72, 0x3def6d0a71c4d4ce07dd8dd377da4b30eea32ab52a99d8ac0a3bda05e4876baa, 4
      [4409, 4411, 4420, 4429]
      offset: 1
  73, 0x2200d6d4acabe4ac930253a986c0ece403c9d7991228817cfaeaf9ead2aa6298, 4
      [4453, 4455, 4464, 4473]
      offset: 44
  74, 0x1b024e20e6416da83346d26cf50e66587a315d394a600b7c1b2415d3f185e89e, 4
      [4454, 4456, 4465, 4474]
      offset: 1
  75, 0x25e81f980cdf98d6a185ccd846e8db015b0f2bc38f400d934710079a3465c024, 4
      [4885, 4887, 4896, 4905]
      offset: 431
  76, 0x101f03680afe4651f91dc3b5ef1d681f04175af679bf4384c27d3061c3eebf06, 4
      [4886, 4888, 4897, 4906]
      offset: 1
  77, 0x37b698254eeb6030ea1513b9c2c2a066a3bdc7b22749f8aa20667c5d8b958f43, 4
      [5020, 5022, 5031, 5040]
      offset: 134
  78, 0x0a8abaf85abf2175e729bfe808a44262e626f7018105c795c767e31ef0cb90a3, 4
      [5021, 5023, 5032, 5041]
      offset: 1
  79, 0x134e7b8fca49d4f78cacfaa47cfc77df80fe7d9dddfd8b9f3369361cfdb7a609, 4
      [5083, 5085, 5122, 5127]
  80, 0x2faf28f2d8c9c003116e0b0870b57a6495d73e8fd83335876d64ba3b46a15107, 4
      [5084, 5086, 5123, 5128]
      offset: 1
  81, 0x11cc893471ad1c9169373c027bb75b2c78107de68665d19935e1c8f176a10135, 4
      [5100, 5102, 5103, 5119]
  82, 0x22f84cd2e8bdf03c61b3af0cfe6bc9c58528a2c1e8ead12257dadcbf55a6feee, 4
      [5101, 5104, 5105, 5120]
  83, 0x04d10cae3dffc83af3a87d466d600765442731202a831db3a4b8c1e5f0e719bb, 3
      [572, 1653, 9253]
  84, 0x16ca700198776d5752b723257724dfc2110bf7811e9336d5538ce7abac53c618, 3
      [573, 1654, 9254]
      offset: 1
  85, 0x1a109132ac30d481c0c654fe7ac70c21e39e3853443d35a2ab15a32135180a90, 3
      [574, 1655, 9255]
      offset: 1
  86, 0x246f8bf02a61190d77a4bd695c30766e0c0f4ba923f1d33f44ed8412949df3ef, 3
      [581, 1662, 9262]
      offset: 7
  87, 0x217c3431d2a44bad4532f2785a2ab325adb17dd386a2e539aae70de70994cc64, 3
      [582, 1663, 9263]
      offset: 1
  88, 0x35c511b7db273f10e5275c6584d6daf204c5d25cdabc0eef8cf7f450001e2dc2, 3
      [583, 1664, 9264]
      offset: 1
  89, 0x1152f1c2bf280ddb737eba156f61407f7171833f9d5a68d0c24b5e25d47e42cf, 3
      [599, 1680, 9280]
      offset: 16
  90, 0x3fa94f259f397959ba55ca864d1987b9779b07f8c6c4614adab673e54df758c2, 3
      [600, 1681, 9281]
      offset: 1
  91, 0x1659250da9d29b30f05f5bab63e67c0a0fb2be9e3439b01dbcb1aebc662f5f80, 3
      [601, 1682, 9282]
      offset: 1
  92, 0x3f51b1132a6322e9facb0f15bf9ca92b74159fd1d7a7e90c7699a293e1f5642e, 3
      [629, 1710, 9310]
      offset: 28
  93, 0x2c7900042fce822fd980740bc313e56f7045e5f5e2db3cb896287fcb797ceb6f, 3
      [630, 1711, 9311]
      offset: 1
  94, 0x273463b4199515558fe679aa6d07c148488448b8ed77d3b097c98f9066214169, 3
      [631, 1712, 9312]
      offset: 1
  95, 0x125398dca724cdb3c7626163e7db1e4d922ed10cd82b02f6341f2e8032f672b3, 3
      [632, 1713, 9313]
      offset: 1
  96, 0x265769b1bc27d4c9c0949aad0fd147faa8886c4c69d5dc1c8a18c14f8677dabd, 3
      [633, 1714, 9314]
      offset: 1
  97, 0x093a9b38bf3106d086bd5a7388f7b7e1d916930dbe887ea7d7589c8669d6d167, 3
      [634, 1715, 9315]
      offset: 1
  98, 0x35b498f9ffceb6582080255cdf454a2d4af0373a9a1ce4a52e45a93598e075a3, 3
      [635, 1716, 9316]
      offset: 1
  99, 0x09297586944675e2f543a856adf2afff8d1bdfc7f74de8535bd60eea4108e863, 3
      [636, 1717, 9317]
      offset: 1
 100, 0x2067c7ef216475958b603400d40021531dad818ef7b02ea3ce5288cc690c3530, 3
      [637, 1718, 9318]
      offset: 1
 101, 0x19cb26fa39754553e7192359e952efff864b691d2a978aaa7d29f25fccacae1c, 3
      [638, 1719, 9319]
      offset: 1
 102, 0x058e4fe7b8643ef17394ec4d3659883e5c749387d12c439d1411ea43b224b585, 3
      [639, 1720, 9320]
      offset: 1
 103, 0x175bf5578b9d06b3e25fabc7463bd4a92bdab4691a3b01da132dd97800ebd443, 3
      [640, 1721, 9321]
      offset: 1
 104, 0x1fcc1172c99dec2076c6fba80719486b8ed8ec7a3897d3bffc99ff6bb513a546, 3
      [641, 1722, 9322]
      offset: 1
 105, 0x19e95d19b6424095ab83a091e66bf2425966c74583ab95e2618c4032c12f13a0, 3
      [642, 1723, 9323]
      offset: 1
 106, 0x1d8d66170fabbdf79e731093899b68214ebcf1a58b69b91d8f90c7f828763b3d, 3
      [643, 1724, 9324]
      offset: 1
 107, 0x0d03f8a42cfbfe73c730c3531d52bf2aec15360fc33e1d0170163414d3f4734c, 3
      [2869, 2871, 2880]
 108, 0x0f17fdc3f84b6e2dd729a8b96d5d27d73b26c2a77696ffd698502819a98f0a3a, 3
      [2870, 2872, 2881]
      offset: 1
 109, 0x0efe75d72d7f103a15a5dd416d2cbe69a57de1bbc7b5b1a75d306ddd79d0686b, 3
      [2950, 2952, 2961]
      offset: 80
 110, 0x2ad65ee2d3288a55acddabd58a038dc633b91e9a887c09b18200495978321c7f, 3
      [2951, 2953, 2962]
      offset: 1
 111, 0x33b4ee0e64e99539de2cb1c42fe2f87f5c4e61620a7f91e3a650e2c4cdc76c84, 3
      [3004, 3006, 3015]
      offset: 53
 112, 0x1a526004282779a36e2f51539dfc94130567d0baefe7ed13bec44650b18860b8, 3
      [3005, 3007, 3016]
      offset: 1
 113, 0x25b6bc869d97295fdb09c391e0b0c02b895d20b89d1922e8cea4415ef7a81473, 3
      [3022, 3024, 3033]
      offset: 17
 114, 0x217693b44cf2dbd8ea1ee6b06729e48bf9803bff7feee90f0520e27120f98aec, 3
      [3023, 3025, 3034]
      offset: 1
 115, 0x37e263073e48464e76ee93663533ba378a238666cf77a6b469e0762c585b392b, 3
      [3058, 3060, 3069]
      offset: 35
 116, 0x161af2ffedf03a44b60b962f7f9c78d9657c6e809b13f7138b32bdd37a0ca38c, 3
      [3059, 3061, 3070]
      offset: 1
 117, 0x2412821ef39f461525c14cc876eb5bfedccef481517ba67c1bb1f701d0ba9131, 3
      [3076, 3078, 3087]
      offset: 17
 118, 0x26ae7bb75bdae438d8afcbdb7e981c61c68d476e1f45b0af4ff1bf0af66c2303, 3
      [3077, 3079, 3088]
      offset: 1
 119, 0x3441ffb778f88d6a78023b60d3bbd4cfa100058d31fe87874b501e77e1b98741, 3
      [3157, 3159, 3168]
      offset: 80
 120, 0x30a0fc6094331353fb0a06dd3d7aa12296630087b3167643fc2d1fe7c4d4ea3f, 3
      [3158, 3160, 3169]
      offset: 1
 121, 0x148df6162bcd5bf41010f250165468472238c5c14b002b71a4faa6d14ca5acb8, 3
      [3220, 3222, 3231]
      offset: 62
 122, 0x0713027f958d5bf6b9e3421dc0ca62f2967e6b18d24ace92b24647bb7a21ed90, 3
      [3221, 3223, 3232]
      offset: 1
 123, 0x315549ce4a03445afe4ab9e89d1a7674e822cccd4659af1e4b3a25b54f5339be, 3
      [3274, 3276, 3285]
      offset: 53
 124, 0x3e9237c7b1892c1170d52bf6c54b2c6ca788581cd952bd1f3c9ee082b6a58701, 3
      [3275, 3277, 3286]
      offset: 1
 125, 0x3e91c51da86582b659dcab7ae19a2cfb3467fff8480c368a2c28d02cc897061c, 3
      [3355, 3357, 3366]
      offset: 80
 126, 0x281e68a379166bd395a6c32f5efabc0a2aad6d76bf4d192491f10615b02ffeed, 3
      [3356, 3358, 3367]
      offset: 1
 127, 0x1576a7001d4f0caf65a55a08b046712c615c40ee6e7625ef621d8b7a1b07280f, 3
      [3400, 3402, 3411]
      offset: 44
 128, 0x3e92d486035b5880fe5778605d062f30450ac9ba38105898e496ae29b329b5d3, 3
      [3401, 3403, 3412]
      offset: 1
 129, 0x2ec3a0df4bcbc770b8df9f7b6fd9f279f5455510066ab3de45331be010d0dcf7, 3
      [3463, 3465, 3474]
      offset: 62
 130, 0x0aa3fa6fa6f8c8dca0b6a2b456d8c6949ab2ec2a73794954b6a8e601ffb9648c, 3
      [3464, 3466, 3475]
      offset: 1
 131, 0x132622c4ff9e89baaa74b5f9e5e2b5d2c5845a8352c3995e22ad35ff32ff0e86, 3
      [3733, 3735, 3744]
      offset: 269
 132, 0x3ed1123e8aca324ec0e2932227eda8edfcecadefcd8e1388c662094671e3a331, 3
      [3734, 3736, 3745]
      offset: 1
 133, 0x2eeca035d5864df1a5cf897f5d7d498756678cad555722b15885c4a464a048ee, 3
      [3841, 3843, 3852]
      offset: 107
 134, 0x048c61cc6f8bcb177f27e0c50d530deee7a9ee35b1c98ef602d203f9bb2d3faa, 3
      [3842, 3844, 3853]
      offset: 1
 135, 0x2b4eaed38c5f82cfac1fb2631eac2e183b4ce0216411e4acc203885212d917aa, 3
      [4084, 4086, 4095]
      offset: 242
 136, 0x2b0c1c4b5cb2310b9d74b1beb0f67be7c33f35cda60d59887b37516a2fd0ad22, 3
      [4085, 4087, 4096]
      offset: 1
 137, 0x135a21372d121ac2867ce05f3b1102f3e5f63c51ab361855ef3d15b411880727, 3
      [4165, 4167, 4176]
      offset: 80
 138, 0x2b2b050f03cf58793f05c243d8748e3b86c0634d08107125e7dc325dd2d25408, 3
      [4166, 4168, 4177]
      offset: 1
 139, 0x1c2d9929c332d9bc2b49d13edb3fae57dae6f3fb5a49673e19bf2da6a65fda2b, 3
      [4219, 4221, 4230]
      offset: 53
 140, 0x18c9b55c9866a26ca1c1a5d4a2920e35b8bd94a5ba3e3198d81955c13c0ce484, 3
      [4220, 4222, 4231]
      offset: 1
 141, 0x21b049dffdd347dc4fad4863c71dbc95309818f9cdcdb702e0a90c15dac380ac, 3
      [4237, 4239, 4248]
      offset: 17
 142, 0x17e8a632b55ab87465622aeb25fc4b104623f868f72ad28b79f0090366e71a5f, 3
      [4238, 4240, 4249]
      offset: 1
 143, 0x384c05a4d4c45914eef97ce6cef365c32ad9704bcaccd88321b11b41ca11c8d3, 3
      [4273, 4275, 4284]
      offset: 35
 144, 0x0d31526c05659f43c475986d5eab786a0992561962915824fdde33009b240241, 3
      [4274, 4276, 4285]
      offset: 1
 145, 0x10526ec85817c378dbe7d3205d0f680532544381bddd4b6c4b8adeefc5036bb6, 3
      [4291, 4293, 4302]
      offset: 17
 146, 0x1084385687cd490a994e14079bc8ae05b4953c7933d9f517b2b8436608be0ac7, 3
      [4292, 4294, 4303]
      offset: 1
 147, 0x1180fb909cf018c8610d92cf669e0d3c8dac7f0bd9ccd32139c14a8f53d1a0b4, 3
      [4372, 4374, 4383]
      offset: 80
 148, 0x34519ced4e1df6fce514ee0d624ca2af510b425af186d559af5a5fee696f177c, 3
      [4373, 4375, 4384]
      offset: 1
 149, 0x0e905d525fa3d797c3b234ceb1095414f05fe734050da6c4b32246bb59367d93, 3
      [4435, 4437, 4446]
      offset: 62
 150, 0x36e89efcfe4cbdde9404d7808755912768fdcb7c059c18acacaa6ccd4c2ccfa2, 3
      [4436, 4438, 4447]
      offset: 1
 151, 0x093639c64fe32cca4d64cc852200cd7bd2f4b7d86ccab31784298c09a94072ad, 3
      [4489, 4491, 4500]
      offset: 53
 152, 0x348e062f36d08861b732a284f13f674ee0a3e1fdfad6734e52c0b0faf51966e2, 3
      [4490, 4492, 4501]
      offset: 1
 153, 0x1487acee26c84af2b608a6e994fb52d771a48382e19c67f4638d655138cea56f, 3
      [4570, 4572, 4581]
      offset: 80
 154, 0x2e3b003d1a5bd72b6337dfbd412a0997d799a2a65a496da3b7b085bbbb8e932a, 3
      [4571, 4573, 4582]
      offset: 1
 155, 0x0c90219a5524c179958270544a4077e1a8da1cd962a19d7820be6385a89bcf7e, 3
      [4615, 4617, 4626]
      offset: 44
 156, 0x2e286a2a1791173c3a09f5c0ee4f191a0e465a5aa330a5021d146006dba06953, 3
      [4616, 4618, 4627]
      offset: 1
 157, 0x359359070f7fa0c13c112afe2a9933c505ffc3f271837b0cb1de662658611a32, 3
      [4678, 4680, 4689]
      offset: 62
 158, 0x2f05c7a64ebe25abd1f582b9f5ec9afa8b8dace729fc986f3eb52d89979f1035, 3
      [4679, 4681, 4690]
      offset: 1
 159, 0x1cadeb1d92d8746e7b362c4f6cdbab22b061407bf110931bff881ae0230b0f57, 3
      [4948, 4950, 4959]
      offset: 269
 160, 0x3409c5dc16acd4cb1731286ed342348cfd841d7bf4372718f14e884ba4fa0972, 3
      [4949, 4951, 4960]
      offset: 1
 161, 0x3e8d27541cf637569e9945642a0f5468c0664b790b11e7a83dcc61477df1b69d, 3
      [5056, 5058, 5067]
      offset: 107
 162, 0x33a4e69736718a355bfcc9381f6fd7c8e55c9820f73e50a1ac12685f07f6cf5e, 3
      [5057, 5059, 5068]
      offset: 1
 163, 0x32ea64d963e0f3d6e31bca949a33187151eaab5d6911ec55ccfbea6104292172, 3
      [5420, 7248, 9148]
 164, 0x0e29753c1b8a85ca82ac481140dfcf910deb4bcec80572f9287f87ec8e7d8d15, 3
      [5421, 7249, 9149]
      offset: 1
 165, 0x1d1004bd818dc2e3ef1537442525437e8ff83fc7c73bbf9d0e0c84c92f392376, 3
      [5423, 7251, 9151]
      offset: 2
 166, 0x2b25231b88d17f80f8b11d1989d31ccce28965f2f898299213a84def3d68a1c6, 3
      [6992, 9232, 9242]
 167, 0x12ff99c4853e0ad70b39293d7302336eb123a6f4a206b8f30ddd8e7c78c43a84, 3
      [6993, 9233, 9243]
      offset: 1
 168, 0x1dc3085c58aa263d28681c293d146294b4099fc0f749325a8d3a9f7cdf06a068, 3
      [6994, 9234, 9244]
      offset: 1
 169, 0x2f95c28be7b2504765180d2a8733b86e3509e995700e3a877e5515e5de237231, 3
      [6995, 9235, 9245]
      offset: 1
 170, 0x080bf1a875651ccb9e4e900633670b0d74042d01fd991352e3b4b7f2e834ade0, 3
      [8892, 9236, 9246]
 171, 0x37a5eee71dde841512a8d9f459fed17002fe5973b1f7c050822dd004e734c085, 3
      [8893, 9237, 9247]
      offset: 1
 172, 0x0813df84eb0b6f36efa3820bb6da0bb3229e44fd2a26496ca37df2f22199d935, 3
      [8894, 9238, 9248]
      offset: 1
 173, 0x2d5c820bab21bca15f5e465f0bcdc3acdbb1954e44dc92aaf2e597f813245cb5, 3
      [8895, 9239, 9249]
      offset: 1
 174, 0x39deeaf3220316d8ce74cbf663097029b365d6dd2277b70b696107ce789cc00a, 2
      [11, 561]
 175, 0x19d7552e986f109769bbaeb7b36f85fcb948f6a89d04e822db0083ba18d02064, 2
      [12, 562]
      offset: 1
 176, 0x2a22838d1a2d2e7f75c68d94a3eb2ef7ff355bcaed6c472564d07c19654d3e74, 2
      [13, 563]
      offset: 1
 177, 0x27101134b251c0b2d28e4313b93724312f70a5547f33424ff408fcb7f96072fe, 2
      [14, 564]
      offset: 1
 178, 0x0f8034e76ff0f851b3f02ec1b0f71a4db89509f8f4b82ef0d94d17568ca12ff4, 2
      [15, 565]
      offset: 1
 179, 0x297a9eeb496d20c27d2893ba1e6ea1b999a619894f417669e25acb09a40c6e82, 2
      [16, 566]
      offset: 1
 180, 0x2bdeade08ea61bc901b013f6d803811db36f0199518a3e7fa658e5e98822f60a, 2
      [17, 567]
      offset: 1
 181, 0x3f14f6452af8ad094cf6938e1c82a405bff2767b21cc52fc20ec22f6674e15cf, 2
      [18, 568]
      offset: 1
 182, 0x25bbd306184543ad34d0e98b3fd81cd6ff3d6e6fcb23ff6d36cb32c9ec319590, 2
      [22, 25]
 183, 0x0a97d5fb5d2e938686a4a5a90ba847c06d527505173208e60851faa97cecc61f, 2
      [23, 2729]
 184, 0x3716e7d74ea1fe399dba8b84f5b71c92bba5436c7612021737bd5b8aaa91c5e5, 2
      [26, 1647]
 185, 0x2bd074869eed99a568c72a4e206dfac83cf6e5bafadcd212b473d4e563b4f1bf, 2
      [31, 34]
 186, 0x256f1026203d5a738344724dc98794e33f34876680231cf1a6da5b8bf30b7af0, 2
      [32, 3944]
 187, 0x39febcf3de4d82fe71b7b73466fcaf167ccb9a8547ee23fed5f3c7e3a4899ad1, 2
      [41, 5424]
 188, 0x1b2e59dcff8bf6f531c431a8582efc94b0f4ba931b0bb3b0dc075c2ef4c0c008, 2
      [42, 5425]
      offset: 1
 189, 0x3da6ca79044483a241d62dc89278f6210ad25b652b80c276d9bfb986f4b21cf7, 2
      [43, 5426]
      offset: 1
 190, 0x0f20ca59f6d77a2ae47098de6f785e2b104e5b0f21c369309e0ef442eb91ffb2, 2
      [44, 5427]
      offset: 1
 191, 0x1fb7805939dcc7098c292adcf27d735ea09f7dadf99271562b103f612b14b7b8, 2
      [301, 7324]
 192, 0x1159f0c0bb6e4a8f8e6ec9f23220c0eaa70a0f07b8fb9d6832f4a6b10259b763, 2
      [302, 7325]
      offset: 1
 193, 0x3bd6c0a1e2568e3e2886702734da973248e402fb1d5b46a793dffda70a340bec, 2
      [303, 7326]
      offset: 1
 194, 0x2383df66fae773e32ad754fa0a926d95936c93b3c0de537ac75618e556366f35, 2
      [304, 7327]
      offset: 1
 195, 0x130aa9d97829cb29e1bd9e50616175915a47c82f1b75b4cd56a507000555b174, 2
      [569, 9250]
 196, 0x3a71ae17c525dc68243fe4956bd1c14327adc54bcea9b5aa9230a2e6cdb18291, 2
      [570, 9251]
      offset: 1
 197, 0x07a6125c17060ec9ef7059315a2091c5ec994b1510f5e9420497813372e881ac, 2
      [571, 9252]
      offset: 1
 198, 0x3a7391b422e653d61971ed163f60697cfd7376973858e3bfbabeb69a9b8852f5, 2
      [578, 9259]
      offset: 7
 199, 0x30fac61531fda25c069330819ee548c34f743ac169627d94e5887bdb7c3fff55, 2
      [579, 9260]
      offset: 1
 200, 0x2b90d3f292e113fc412d5ed8e1d681beef0490a8b0210fe65f5bb2f5aeaf066a, 2
      [580, 9261]
      offset: 1
 201, 0x2d1f267f01a8ffcc5e3fb8aae96b619050547aff2dd6a729bde8b31721b3689d, 2
      [590, 9271]
      offset: 10
 202, 0x39adcdd4250ec050afbc282470875d5e00e238b9e1e3c78fd1489a7da3153152, 2
      [591, 9272]
      offset: 1
 203, 0x277d703f8eea2b9f95e3128ae792b94448a68240d4b7121760451a32ea21033e, 2
      [592, 9273]
      offset: 1
 204, 0x075e124d308ba4af944cc0f4dd7c323db255efc767aa187bd5b7ea5ff878fac7, 2
      [2761, 2763]
 205, 0x3160d484c87ff1a3235636cfb4c04b58310de3859842e6517c81630acfca3803, 2
      [2762, 2764]
      offset: 1
 206, 0x2c095d03eb55ed301abe99e57284edd1efed827b37bb961933610d29608e7b0b, 2
      [2887, 2889]
      offset: 125
 207, 0x02854271bd9b36f769f328dd35737227d8d047d4e96b8e614fd73448a7154085, 2
      [2888, 2890]
      offset: 1
 208, 0x28cce47271a1d80b4ed43dfe52138e176114f425ec87b1b9386ba25b6f565eee, 2
      [2896, 2898]
      offset: 8
 209, 0x034dd8cd9525226f66cfaf9ffccd36fa61c232dfc3ea32a10512285079421d26, 2
      [2897, 2899]
      offset: 1
 210, 0x11cb189ed173139ed291f9ceddac1aac6c1b1d079337014e0fd6e84f4726d116, 2
      [2905, 2907]
      offset: 8
 211, 0x2612fd53096eaf407182d6a6d1937aea9d4dcd785daf0551ebaacfdd236850c2, 2
      [2906, 2908]
      offset: 1
 212, 0x35e5338eb2b8cd75a1e3948884ae000fd7c43a3de16601c9a7958687243429e2, 2
      [2914, 2916]
      offset: 8
 213, 0x1bbcafbcf62b89d001095084c0857af0dc17c3e1be2e41bf0b546f2f78e4ebaf, 2
      [2915, 2917]
      offset: 1
 214, 0x202ec5c3a8dc5ba429a1ab50de4fffb7387a3667696a4c842ae446402a69faf1, 2
      [2968, 2970]
      offset: 53
 215, 0x19fbcf706ccc9f8fa7eef8b7266b5a22a7d9f143d26b50ec536e358428735229, 2
      [2969, 2971]
      offset: 1
 216, 0x2a19fed12ecc3e9a5d7b48f193704b6157443c05cae0a36fb51b030c0ee93e0d, 2
      [3040, 3042]
      offset: 71
 217, 0x3db3761cf6de7f08a5cc5a172c4da5587bb57356209073d1cff7d524e8d0a70d, 2
      [3041, 3043]
      offset: 1
 218, 0x1c0b9f28df622485392115c279ccf3f59223f2b74a42509bf2c19ba3b83f7e29, 2
      [3049, 3051]
      offset: 8
 219, 0x18227552a193efae37687999d1eeb1b6ea3920af70f817280c7f715ceb1167f6, 2
      [3050, 3052]
      offset: 1
 220, 0x2e55a1c79bb0e0b858bd1e08523d5c9cad91c6b61089dd5bbe85e904e7699f3a, 2
      [3130, 3132]
      offset: 80
 221, 0x03ea1e7c5d96f37c52c9893be94937717e6aac35fca36e734f4303d407e21119, 2
      [3131, 3133]
      offset: 1
 222, 0x1e33307f10301f29945366863f5f190ec4ff7017ec00897926b345c5b8ecc866, 2
      [3139, 3141]
      offset: 8
 223, 0x15f1c0453c5e7f610229fbf4382d31ccf006c6ec36a9f13167608426a00fc15d, 2
      [3140, 3142]
      offset: 1
 224, 0x120f87b627f40bdbde3f27a5376233d255585652d2c3164436fa003e913d2b76, 2
      [3148, 3150]
      offset: 8
 225, 0x3099a80d5b2a6ad1f1fcfb93666731bfa181dd0f7ce060e2c8206c3ce14bf13b, 2
      [3149, 3151]
      offset: 1
 226, 0x043eee9bdb979d27a5491e92b6341f53d36b2b08385aa967a6e718ede44c5854, 2
      [3175, 3177]
      offset: 26
 227, 0x33b34e888a5e6a3934782fa5bf3598e981637c13347a0bc8d9ea26299b617eef, 2
      [3176, 3178]
      offset: 1
 228, 0x0930d6aadbf7757dd25fbc2332294d4a537d9417bbe4b3334cf80e4774b50626, 2
      [3184, 3186]
      offset: 8
 229, 0x2804d2449597579861daa1d81f1574fc9ab8c35cf368f68203be0056916bb0bb, 2
      [3185, 3187]
      offset: 1
 230, 0x27da48db5dfc0148f18ed9576f33de786aa01418346a16e9c8fe1273fe57fb09, 2
      [3265, 3267]
      offset: 80
 231, 0x0aaa62b27c5dfd311851a01fc2e8a2a031413f2c0d04fa764f8095cc68453041, 2
      [3266, 3268]
      offset: 1
 232, 0x373cca54f55d7890b3d373d22453bcae0f7646c4796bbc161802543f5202ae9f, 2
      [3328, 3330]
      offset: 62
 233, 0x2329c17cae0c0e7c4dbc529ec7787e140a137e0f3c583dbc0a81cc6a32f54083, 2
      [3329, 3331]
      offset: 1
 234, 0x2e5e441b4d74796253cf6fe55f29eb1e48a64c0090bf32a8e27e1894f15215d4, 2
      [3337, 3339]
      offset: 8
 235, 0x341eaa212d22eb82137f3c1c7791e09328d6f942c6916a981311e930b0cf7568, 2
      [3338, 3340]
      offset: 1
 236, 0x19527794ad70a3066f01559fa83323ce7ee940baebc948eb520a5ab7f355410e, 2
      [3346, 3348]
      offset: 8
 237, 0x1a2e6cebc0fd081837994e0790fc203a2b875ef776f743c6ed7b0c3c0d973794, 2
      [3347, 3349]
      offset: 1
 238, 0x284378ee54c3a37251094f8bcaa9d96e5b04ac60701f3e558b4b560ae6efe3e0, 2
      [3373, 3375]
      offset: 26
 239, 0x3118c51ad14b15389d77a71daf1fca87b519dd3b23ba5c3118e289bfce00f7a5, 2
      [3374, 3376]
      offset: 1
 240, 0x34675dcd78a6a2bcd92ba816b9188352ffe45919bcca02d8e075d5d9102ab647, 2
      [3382, 3384]
      offset: 8
 241, 0x16fc81ad374a1a15b22148c90cc6672340d517cfd76f991d4b2a69f7de75e9e7, 2
      [3383, 3385]
      offset: 1
 242, 0x18d09e90bfbc8f1654cff1fd582546eda03ce856d06659973230452de2c1b22c, 2
      [3391, 3393]
      offset: 8
 243, 0x15ada249012ccb40131bee90a5222fe7bd3bd89d07a166165866d8e92ee8313d, 2
      [3392, 3394]
      offset: 1
 244, 0x20a781f77ef0447dd4210bea2f2552f16f74ef21882359cae5098e1056b9a7ff, 2
      [3418, 3420]
      offset: 26
 245, 0x023e61c40596ef08516c7cf6961847139610de0de7326e6c6eb3022b179b766a, 2
      [3419, 3421]
      offset: 1
 246, 0x3dd2f7ac00101f9b2649e71d17878bcc283f0b62789f7dcdaccd7ccb73e29aec, 2
      [3427, 3429]
      offset: 8
 247, 0x21c9af1ef528e2d01f861480008b25c8f4d18fb2597cf17b7e3077b7709ee6b3, 2
      [3428, 3430]
      offset: 1
 248, 0x1dfd7c4732e190b93c57f7c247ce79731358ce2d0a193d0cf8c99c7090802bfd, 2
      [3436, 3438]
      offset: 8
 249, 0x2e95da42b846b80fc212a981c980c7556bd1154ad5bfaeee73c848f84b8efd46, 2
      [3437, 3439]
      offset: 1
 250, 0x142de30eca9128ae31ae2632bcfa38c6063184a1d51d0ebdd04cb9ef533e8917, 2
      [3445, 3447]
      offset: 8
 251, 0x38a747f742a99ad5421f7e0e8104f6cc153817de36f469a6e4d170646b2f8e49, 2
      [3446, 3448]
      offset: 1
 252, 0x30398dc38c25a06a8cd54a888832ab75f588184c9e46592b6c27d6896ea82007, 2
      [3454, 3456]
      offset: 8
 253, 0x06d4d0df884a9a9d2ef2022bc27529ae416c49692df9deef9c36226b8afaf0a8, 2
      [3455, 3457]
      offset: 1
 254, 0x2f857772cf5f540f5ce2b6e4c112c074cd1e636601f55cc1dd031dcb10a81d00, 2
      [3517, 3519]
      offset: 62
 255, 0x28ca4f36f2f20aa6e7f7d899547a86209b0a5ab57daf9667c85cf04ff166fbbd, 2
      [3518, 3520]
      offset: 1
 256, 0x2a5eedae89eb05ea1173fc8ccc8d57f6e14d785cafae1774638d1bfa04477c7c, 2
      [3526, 3528]
      offset: 8
 257, 0x3218c8889fa1a99695796cfa47f423a66e7a05b2a86a9d933fc7b431b36adeb6, 2
      [3527, 3529]
      offset: 1
 258, 0x276a7cf4e9656d2aa255093ba3a04e0c08a1ab47ca04470836074b25b98b2445, 2
      [3535, 3537]
      offset: 8
 259, 0x13d8443a52e38655b48b49b5f827fdbc064b01a6975a8b85317408eb584ac00b, 2
      [3536, 3538]
      offset: 1
 260, 0x3ca8d971a79403bfcc1e8f476524c9c45a9b33945e187ce9d66f30da04014b2f, 2
      [3544, 3546]
      offset: 8
 261, 0x347bd74474e94824cabb96d3407f747ec98b78c349b5c5923f5885a1b0096bef, 2
      [3545, 3547]
      offset: 1
 262, 0x2994bad2c16c9d66851b2311965464aeed52681bbc8e4588a3d843730f6295c8, 2
      [3553, 3555]
      offset: 8
 263, 0x36f9bc1758572522686fa1e12836c2f05a58e76f24ceed39b8563697485999ff, 2
      [3554, 3556]
      offset: 1
 264, 0x13224418e7e8eed179e3841081b36aac03cd110527377cd1e5a8c505c789c201, 2
      [3562, 3564]
      offset: 8
 265, 0x28bd89a2fd9c4eedf39b01c39807351e18c767a2437e1e6c084a42bfb4797032, 2
      [3563, 3565]
      offset: 1
 266, 0x2a117a402825ed7b43a849b0ecbd46cc6e70b34a6271d2b7a750b55985a2c23e, 2
      [3571, 3573]
      offset: 8
 267, 0x010c33649dc402ba7f86a10a31070175739549d011693f119d6ceefc18a1f9db, 2
      [3572, 3574]
      offset: 1
 268, 0x0b5fe5bfbf5a189fb72901cd31494f9670818af7f954d58378287b114d228306, 2
      [3625, 3627]
      offset: 53
 269, 0x3149eb3dff805d9ea5801667adc98d171308c2cdbb740486db677294134695c0, 2
      [3626, 3628]
      offset: 1
 270, 0x3fe984ab3489c31d3cbb9cf9bd0414880de5f0cf5e196317472b2d4cd4ce4ad9, 2
      [3787, 3789]
      offset: 161
 271, 0x269a93d0ce4f85867a3b5d379dec5ef5eba880dae1aeb7d954ad6f94af0fad2f, 2
      [3788, 3790]
      offset: 1
 272, 0x02f462525feccbd8064c92881cc43a41f9dc1f6b7a4f381aa1fe06de0c72aba4, 2
      [3796, 3798]
      offset: 8
 273, 0x33b52029f412e856b812bdc17bd48cacfd102dd9e8f6ab71bc9268d0642f9208, 2
      [3797, 3799]
      offset: 1
 274, 0x249261641af3e277aeb2d983f467deb4ac72a05bdcb2c65be3415a05de81e05f, 2
      [3832, 3834]
      offset: 35
 275, 0x3f7b84deb12f59a21aefa54f0cad2de3a77b6eebaffbd46942b83e649ab97b56, 2
      [3833, 3835]
      offset: 1
 276, 0x178fbd7b66d4853b5b8e58584f4d6f1fd4e8b6653ebdb4ab51c714d0563b74cf, 2
      [3859, 3861]
      offset: 26
 277, 0x21108845ee535d7a125355c51b4e974c14f3d40e4213483b67a920ace1072e7f, 2
      [3860, 3862]
      offset: 1
 278, 0x0e694cd40a7f536d2188da4d3aca6e02adff4de8097677a554415bdca046cf5c, 2
      [3893, 3894]
 279, 0x0c2cf08076cdbaad5eab725ed4248a6094e41ccce826bc3fc9e29ace48c28c48, 2
      [3897, 3899]
 280, 0x24f95528a9c85dd46c0ba7633b1d7cf85ffebd15f65cb2b4bc8c3ecaa21ebf7a, 2
      [3898, 3900]
      offset: 1
 281, 0x00ac3f122bcf18f586dc8e6bd5cad2814c75774c5f26448af6708f8b04556293, 2
      [3930, 3931]
 282, 0x26080325eaa8469865c05934a391f127ce41acbc7d691a012dae4be1e9645ddd, 2
      [3934, 3936]
 283, 0x0f275e626ed676954a3e6c302c8859829008f71cc5710361c0044be776cc988c, 2
      [3935, 3937]
      offset: 1
 284, 0x090209f8edcc387bff260dae2822b47d138c26a88cb097f3612cd1d92ac39fa8, 2
      [3976, 3978]
      offset: 41
 285, 0x3b9380457f7fab0d7c4377662dfee3a9df582b8f9293b45d049c74c66567b0e5, 2
      [3977, 3979]
      offset: 1
 286, 0x0c67ada19c678d3616da1228098b38f3122869f9a57337f93e346f051c19caad, 2
      [4102, 4104]
      offset: 125
 287, 0x3f7ce29717bf33ffd5294da86ef15821271414cd99c19eb0e6eb4094df01f1e7, 2
      [4103, 4105]
      offset: 1
 288, 0x00e4d65fd431e1dee027f14c89694d7f9ee16c6bf9635d0021e5a6cf9d1cfd21, 2
      [4111, 4113]
      offset: 8
 289, 0x21c252e889b3593ab359c783155114b780ff0601ef81d22536dfb9dfeafd7c63, 2
      [4112, 4114]
      offset: 1
 290, 0x22865193ae552a6bf9dac43a257c448777dec97d8023c45573f30ba5ecaaefed, 2
      [4120, 4122]
      offset: 8
 291, 0x19e9680b134eede63cbc4d6fdba6d0d0db6e0390b5d4c3f7fef9ebed477e7b40, 2
      [4121, 4123]
      offset: 1
 292, 0x24418a57dd0486f3c9387493618027e1a9778d87bc8938caeb9e97f72e76b0c1, 2
      [4129, 4131]
      offset: 8
 293, 0x0bd1cb3c388a2fa0c6bfe3e385fdef5353a9021f5512e78b3f1d0804d84c6160, 2
      [4130, 4132]
      offset: 1
 294, 0x14e371192732ad829f34b672a70cf83a62f72f7cafdd0763f271d095c1e9b9d1, 2
      [4183, 4185]
      offset: 53
 295, 0x1cd44df77ec05c7ba2dba4d3d733faea8c9aaeefa226c74f472989c74b41fb51, 2
      [4184, 4186]
      offset: 1
 296, 0x35e006abbdada2ea31cc01a335ec44f47b86b0f899857a02e553fcd0a1fc3b42, 2
      [4255, 4257]
      offset: 71
 297, 0x319970562177fb8f2f4dc4e9661acfab706c8a24cad43b4b5c51d3ceaf5bba31, 2
      [4256, 4258]
      offset: 1
 298, 0x1c84218b6ea6739b20df3ac3c2d350ac09c597399a68460363d3fa11c05e4845, 2
      [4264, 4266]
      offset: 8
 299, 0x01cdf6e7f56e405424dc398331cbfc4f5c8f3ff2d601f349a7d6bc6af584b066, 2
      [4265, 4267]
      offset: 1
 300, 0x09afbc3b19c5b14154221a59499907336b1957e8ebd77b32a80c2a47622da068, 2
      [4345, 4347]
      offset: 80
 301, 0x2dd4c67c5157a2a4cae2ef4db0f4b2f1ad0cb763bfbb97231fa1b80869aa43e7, 2
      [4346, 4348]
      offset: 1
 302, 0x393995961973b1763b5314ac719964674ff96a70573ebc6dcad9c7c95a69fbf9, 2
      [4354, 4356]
      offset: 8
 303, 0x193964fcb5206b4345117c531bf39377e289b3b17e83947df724e08bf344b68d, 2
      [4355, 4357]
      offset: 1
 304, 0x2496ed06678717e5cda8f4deb4848e217b7bcc095021c5e8e167b858f5a15b85, 2
      [4363, 4365]
      offset: 8
 305, 0x216a2373ed4f29c72f8b9aa313948013bf4a08b48189617954f3e32b9fb7d6fd, 2
      [4364, 4366]
      offset: 1
 306, 0x0290cee6a03d4ead5793885c86319b54db130d6d02f5ec97e2cb420e00d4d9e2, 2
      [4390, 4392]
      offset: 26
 307, 0x28fdc2acf84bb1a5ba59c702a2f965868f73bff9b89fdc7a653c6cc9b095ccd0, 2
      [4391, 4393]
      offset: 1
 308, 0x06c8d890860909a0a7e9153833fba06944ca4d61ffce0110dab11cde9e703948, 2
      [4399, 4401]
      offset: 8
 309, 0x356c5a8e16c1867f74ec803d0a9f4d62c9c5479edcaf5e287093970f2e369567, 2
      [4400, 4402]
      offset: 1
 310, 0x3d2114e9e4341b02999f27a8f4098d5cb1e32fb96b6e9aa9a13e0e3199b1430c, 2
      [4480, 4482]
      offset: 80
 311, 0x21352f6a557323cc89a815a15b902507ecc50ad53011a96d4dcc650efc0ee58d, 2
      [4481, 4483]
      offset: 1
 312, 0x2581183b65db11c7586891c84dd445d120ddf435b7fbe2de10929cd60c765a71, 2
      [4543, 4545]
      offset: 62
 313, 0x3268a5b84dd3b6a5145d4ebd56b0a53fb847b482c54b2638560e01c507947b58, 2
      [4544, 4546]
      offset: 1
 314, 0x396f5e0c71f203bc263fb506ebe4b51b55364a27adc505ded733c0b2294e9753, 2
      [4552, 4554]
      offset: 8
 315, 0x05a4ef43bc4192708a27f6c62bba1b446e86c17ae43c5b09ed09ea08dc5ee531, 2
      [4553, 4555]
      offset: 1
 316, 0x3c795abf10f5e5505fb475c1875d1a63c0d1ad09024b2b0ec263d56955b0ecb6, 2
      [4561, 4563]
      offset: 8
 317, 0x111170c1500ee2baed8e98fe46a0e5877c5b33db3efa09cea1bfff885bf8ab30, 2
      [4562, 4564]
      offset: 1
 318, 0x184c5458e25e176a588751dc86f01f45900c0671ce5788e0b5a5c0c74f3e3cba, 2
      [4588, 4590]
      offset: 26
 319, 0x375501487d768a0ad26a3b71d482a0e97505d8f4b62e9866dba9e0fd55f8b80b, 2
      [4589, 4591]
      offset: 1
 320, 0x31ed6ad6c093b6d1b6a9e854b975650bd50ae555b5c291192b950a1cffee79fc, 2
      [4597, 4599]
      offset: 8
 321, 0x08c2c66d5f7d2664a43ab7edd769d5b55cf616fd384dc09f00d643758a5b61f4, 2
      [4598, 4600]
      offset: 1
 322, 0x1a48827576af6df096b1f5f206590657c0e8412156e479cbe100f87f1b6bb30b, 2
      [4606, 4608]
      offset: 8
 323, 0x218ec2f3e8389ad2e1e4dfc47293cc7361b4016abb5f2641379eaec367dfc20c, 2
      [4607, 4609]
      offset: 1
 324, 0x19961e1adb9e59e4950b449520c20523375a540d953fb97988ddfb9199cd4aca, 2
      [4633, 4635]
      offset: 26
 325, 0x0ab593fc874616625812b853287aec8405658e8b5c8f91655fd1b3bc32d2aed6, 2
      [4634, 4636]
      offset: 1
 326, 0x18ddb054ed660fab248c0a3097618cf28d1321bca37f81ecd7a04e0e4a161db2, 2
      [4642, 4644]
      offset: 8
 327, 0x2b499fecbfe041d5b8bb49325306ed3d189140a0e34cbbd34c3befd20e5fd38c, 2
      [4643, 4645]
      offset: 1
 328, 0x31b32442af3873c1a61a3d33f8dee4337a2d7dca5fd0d3069911c3c4991ad777, 2
      [4651, 4653]
      offset: 8
 329, 0x00ea701d6c23aa96f042b07e8a45ecd392ff8bd7b350621bcfcef71f17bd3557, 2
      [4652, 4654]
      offset: 1
 330, 0x29e678cf3f088c1d9349e7eaa4451d15632cf91f41a1373f228baa777298fc3a, 2
      [4660, 4662]
      offset: 8
 331, 0x19d29e86936df3b6f308385af4c116af60cf85bccc24bc1f9762e81dc1411aa2, 2
      [4661, 4663]
      offset: 1
 332, 0x024d1d0c4e991ca9fff4eaf331c1848abb2a161d8b9d5fa9496cb363f2fb382c, 2
      [4669, 4671]
      offset: 8
 333, 0x2e2890b9c287bbd0c29a7b1c8a0653f3152fdf351292528a00bf2dda6dabe904, 2
      [4670, 4672]
      offset: 1
 334, 0x2bcdcca8740df7b8f0f576c018e3e6f539edf8e94771c46a4c0797dbef263238, 2
      [4732, 4734]
      offset: 62
 335, 0x1ee9982b685ed1eff7c85dc6b79c80162445e89e80903edc9769b1a92a09ed1b, 2
      [4733, 4735]
      offset: 1
 336, 0x2bce57f156abce0b33f41353e4e523f6ffc515fb7ed59896b6f99b7d323c9cbc, 2
      [4741, 4743]
      offset: 8
 337, 0x0044bf714c8aad6f44227820ffeea575851c787039d83d47ab62f97c35646ab1, 2
      [4742, 4744]
      offset: 1
 338, 0x077dcbe0af33074aa08198f2b6a103c35745f14041a598b20d6080bb39a72a94, 2
      [4750, 4752]
      offset: 8
 339, 0x1191b16e7cd756e410366e6fc18540145ec6b2093e654cd65c9b49bb5fb6b4ae, 2
      [4751, 4753]
      offset: 1
 340, 0x0fb0f8771ab6e6673c192aab078413c99bbfd0b7ac1934c5118220426561d578, 2
      [4759, 4761]
      offset: 8
 341, 0x3ad13d46b0026471898f338208a429c9b2c1156b8912dcb891ca497c35c39223, 2
      [4760, 4762]
      offset: 1
 342, 0x18ee7b1ee186608d1e754ae1f0176d89e1fed015fcad5d0778acb1a4d5089760, 2
      [4768, 4770]
      offset: 8
 343, 0x0faa695783b242221eeee525aba421ac0863ce7c0b3ff81893cc39a68970e9c7, 2
      [4769, 4771]
      offset: 1
 344, 0x2331067ba44a0a8a72587a4ee9f97e16bd7c8875a6eb6d1f6b369896e6602721, 2
      [4777, 4779]
      offset: 8
 345, 0x1abda354dcd82972614d251584e795a16f2bdea04aa3f98d9a5ce8d9c7ffbc9e, 2
      [4778, 4780]
      offset: 1
 346, 0x0815773cfdfbe72eb26ea9d871c3971fb2e0beeb756b82d84ec11bab12f34f08, 2
      [4786, 4788]
      offset: 8
 347, 0x1d407350b273aeaa06edde3ff006c74c9c91b80c293deb003402bbcd69b9d2b5, 2
      [4787, 4789]
      offset: 1
 348, 0x1b5a385b413f494ee71947f41ac9bfa9b8ba6c2e9f14802989ff2ebda0e14303, 2
      [4840, 4842]
      offset: 53
 349, 0x0fe8ea61b4b66c0e9ddc757161c1bc5f9272b9aee54eecab72e3f0048c844a30, 2
      [4841, 4843]
      offset: 1
 350, 0x31300a0ccfc6dcbc5d4ca03ae3073bd3c1ae2e41725f069e24ebb372d0835a4e, 2
      [5002, 5004]
      offset: 161
 351, 0x2983feb124ffe3f0a4d91abbedb123c70887bf3b7e77026e00fbd91c31ede757, 2
      [5003, 5005]
      offset: 1
 352, 0x2dd76008f92ec9e7975e7942b8b6c34f0b021e15f4f68611af3f918de5a06e99, 2
      [5011, 5013]
      offset: 8
 353, 0x0587b5363bc21f3d0dadabb36d5780266f423dc6bb18c11b5e5b954efeb743ad, 2
      [5012, 5014]
      offset: 1
 354, 0x1e1eadfc8d9f8665378941532cee72b9ce08589058c9604a6e1b5c1cd959800a, 2
      [5047, 5049]
      offset: 35
 355, 0x3dc53b4e46c30dc79d5f24f122e431453896d3e8f5b9c061c427d200250fe1aa, 2
      [5048, 5050]
      offset: 1
 356, 0x323a2f96a2014ecb12b6bd6f2cef8de2017fd2330a92b2e1c3ba91de59e75bd0, 2
      [5074, 5076]
      offset: 26
 357, 0x2a7fb65ba29320939b3cc01344af8802062434b4f37ac96640d87ded5cd52cc6, 2
      [5075, 5077]
      offset: 1
 358, 0x160af9119e6c3ce03698c1fa4fd17487073b36acbbb0e47142218f74aaa68b2f, 2
      [5108, 5109]
 359, 0x3756adab833a51c98907ffc1aff655e69beec1a72a5ea7fc49c8d7b44a624785, 2
      [5112, 5114]
 360, 0x00d069bea248493324e3944482face573a09597535be4ccd279c418b1cf6e28f, 2
      [5113, 5115]
      offset: 1
 361, 0x2b9cdfcedefa62fe894c0366f810e0ef2178c52f841ff16a0126b048e3325885, 2
      [5145, 5146]
 362, 0x290f8c56230b766ce418c30da5175a7f8f35332e0da3f4b377b3a9c76ab4789f, 2
      [5149, 5151]
 363, 0x30fe9c3ebf0b0726e299907489e751e63a3b4867353373afc232036ca5819c5d, 2
      [5150, 5152]
      offset: 1
 364, 0x2a88ea589e2fbfdc85a4bf4272aa0b684bb7677885c3ed96f275c146e92a63b8, 2
      [5159, 9231]
