scalars length: 10349
freq>1000 (count, total, %):          1,       2787,      26.93%
freq>500  (count, total, %):          1,       2787,      26.93%
freq>100  (count, total, %):          8,       5774,      55.79%
freq>20   (count, total, %):          8,       5774,      55.79%

top values:
   0, 0x0000000000000000000000000000000000000000000000000000000000000000, 2787
      [2, 6, 7, 14, 18, 19, 20, 21, 23, 28, 34, 37, 51, 58, 69, 72, 85, 87, 89, 118]
   1, 0x0626383c9ddc168d9de5ce77bea995ef010b59d5fbad32ee28b3dd61be044bd9, 483
      [0, 8, 15, 22, 24, 27, 38, 42, 44, 47, 53, 66, 73, 74, 77, 82, 83, 110, 111, 121]
   2, 0x00678bb68014a5464babe2140fdb958b899c4ecf1b5820a8af3352c442a4705e, 427
      [25, 30, 36, 57, 68, 76, 78, 88, 91, 106, 109, 122, 136, 140, 159, 167, 184, 186, 188, 190]
   3, 0x34cdc884520278d5320a229d91144b5c40b7370e04f2a23aef4840fab1dadca5, 426
      [31, 33, 41, 50, 60, 61, 80, 81, 84, 94, 98, 103, 112, 113, 120, 133, 144, 153, 158, 160]
   4, 0x31a0a7ecdcb74c3ce3ac9cfebe2461093f95e36d157ef7690b9b247b8d4311a0, 425
      [1, 29, 43, 45, 48, 55, 64, 67, 71, 95, 99, 100, 102, 104, 124, 127, 169, 179, 194, 201]
   5, 0x320833a35ccbf1832f587f12cdfff694c932323c30d71811bace773fcfe781fe, 423
      [40, 46, 70, 90, 93, 97, 107, 114, 115, 116, 119, 125, 138, 151, 164, 165, 177, 189, 202, 218]
   6, 0x3535543ad2171e1b7db604b1a0efe0e7ca5385dd204ac2e39e7b93bef47f4d03, 412
      [32, 52, 62, 63, 86, 92, 96, 101, 105, 108, 126, 132, 135, 137, 139, 161, 171, 173, 185, 191]
   7, 0x3d3a6b1f0ac978adfd4e5c753cebab38aac1942a35791eb457cd21661e0ca55a, 391
      [26, 35, 39, 49, 54, 56, 59, 65, 75, 79, 117, 131, 134, 141, 142, 152, 157, 166, 168, 170]
   8, 0x032d2097754b2c984e5d859ed2efea53012153a0ef73aad1e3ad1c7f2497cb05, 20
      [572, 1548, 1549, 1577, 1592, 1661, 2611, 2631, 5087, 5088, 5097, 5109, 5126, 5127, 5136, 5148, 9297, 10210, 10284, 10302]
   9, 0x1485904fc124ca50ba393179008534e5e3bc0f64efc2e462a95fa40730c13a3a, 5
      [1555, 2651, 10190, 10244, 10245]
  10, 0x04b477caa55cce072de961091e3d632fb16eff9086ed5d2d1be9dfd53f081a37, 3
      [4, 1640, 2714]
  11, 0x28723969a85cf3e30bbb19d181bd77c527e2aee98718b3cb83bcb90d3d9e02ea, 3
      [10, 1655, 3933]
  12, 0x0ea23c296c5046851a2af8278903f99023daa4a8a41c24508af87ba34b9d6e0f, 2
      [3, 1643]
  13, 0x1a2eb60fdf6fd0abd24e17932386d0bf0f25827e29cadd766c090f4849aae113, 2
      [9, 1658]
  14, 0x08f7778b578608bfad75460b164279eee486909558ac526539966b2c3f46403e, 2
      [557, 9273]
  15, 0x17b2b0e7366ff6e90896b717d3751f38e4dd6305df368f348d0cc0865559053f, 2
      [581, 1494]
  16, 0x08ebcd1d93129ddfa097720281bdeab678905ea7cfc8bd175d2da71c9ff7a680, 2
      [1474, 10264]
  17, 0x125495f71680aca07e787fca147c25d761d3d002435a71dccaeee2c1d7ccdb12, 2
      [5083, 5089]
  18, 0x15e0b2ce06c2d1713c809a9031b9563ba0694fe4d3b2e73d18fe847dbcc506cc, 2
      [5149, 9245]
  19, 0x0c6d5d93651b0e72a9964dbffbd25d9fdf260bf350ae8c2dc4761df2bfa50cfc, 2
      [5150, 9246]
      offset: 1
