scalars length: 22233
freq>1000 (count, total, %):          1,       8126,      36.55%
freq>500  (count, total, %):          1,       8126,      36.55%
freq>100  (count, total, %):         16,      10973,      49.35%
freq>20   (count, total, %):         17,      10995,      49.45%

top values:
   0, 0x0000000000000000000000000000000000000000000000000000000000000000, 8126
      [14, 18, 19, 20, 21, 22, 23, 24, 25, 26, 27, 28, 29, 30, 31, 32, 33, 37, 38, 39]
   1, 0x000000000000000000000000000000010d60a5c4b0fb6dbd881c3478d1526f11, 217
      [1610, 1619, 1627, 1651, 1680, 1689, 1690, 1693, 1706, 1708, 1710, 1714, 1745, 1765, 1769, 1776, 1777, 1808, 1817, 1823]
   2, 0x000000000000000000000000000000010d60a5c4b0fb6dbd881c3478d1526f12, 215
      [1586, 1609, 1613, 1614, 1623, 1625, 1653, 1695, 1699, 1700, 1709, 1720, 1755, 1782, 1813, 1819, 1855, 1865, 2672, 2677]
   3, 0x0000000000000000000000000000000000000000000000000000000000000001, 201
      [2, 15, 1593, 1620, 1637, 1639, 1641, 1673, 1686, 1727, 1779, 1787, 1806, 1828, 1830, 1848, 1852, 1854, 1867, 1882]
   4, 0x00000000000000000000000000000000339b9393b1e37e44d57e51be36d55ce1, 197
      [1, 1604, 1624, 1629, 1654, 1664, 1676, 1721, 1736, 1844, 1845, 1875, 2664, 2687, 2699, 2705, 2714, 2757, 2775, 2803]
   5, 0x000000000000000000000000000000002d36316096bcb2521dadce85d2f8c7f9, 197
      [1585, 1587, 1605, 1607, 1622, 1633, 1667, 1717, 1740, 1747, 1816, 1824, 1826, 1839, 1861, 1878, 2691, 2700, 2702, 2707]
   6, 0x000000000000000000000000000000002d36316096bcb2521dadce85d2f8c7f8, 196
      [1588, 1615, 1626, 1638, 1645, 1671, 1672, 1674, 1681, 1683, 1694, 1724, 1731, 1741, 1744, 1757, 1773, 1792, 1797, 1804]
   7, 0x00000000000000000000000000000000066562331b26cbf2b7d0833863dc94e8, 194
      [1618, 1640, 1656, 1663, 1666, 1675, 1679, 1682, 1703, 1711, 1730, 1735, 1770, 1799, 1809, 1812, 1820, 1840, 1850, 1859]
   8, 0x00000000000000000000000000000000e02a74641a3ebb6b6a6e65f2fe59a719, 186
      [1595, 1617, 1630, 1642, 1652, 1662, 1725, 1743, 1746, 1758, 1772, 1800, 1818, 1833, 1849, 1862, 2666, 2676, 2686, 2697]
   9, 0x00000000000000000000000000000000339b9393b1e37e44d57e51be36d55ce0, 185
      [1584, 1592, 1601, 1646, 1649, 1650, 1669, 1684, 1704, 1707, 1726, 1756, 1763, 1786, 1789, 1825, 1842, 1866, 2673, 2723]
  10, 0x0000000000000000000000000000000106fb439195d4a1cad04bb1406d75da29, 185
      [1597, 1599, 1602, 1608, 1611, 1644, 1655, 1660, 1668, 1688, 1697, 1716, 1723, 1742, 1759, 1764, 1766, 1768, 1794, 1838]
  11, 0x00000000000000000000000000000000d9c51230ff17ef78b29de2ba9a7d1231, 181
      [1591, 1606, 1621, 1632, 1658, 1685, 1696, 1701, 1754, 1793, 1796, 1834, 1870, 1877, 2675, 2680, 2688, 2722, 2738, 2746]
  12, 0x0000000000000000000000000000000106fb439195d4a1cad04bb1406d75da2a, 176
      [1687, 1734, 1795, 1869, 2674, 2681, 2689, 2711, 2732, 2751, 2759, 2774, 2776, 2790, 2791, 2794, 2822, 2879, 2881, 2911]
  13, 0x00000000000000000000000000000000066562331b26cbf2b7d0833863dc94e9, 174
      [0, 8, 1598, 1603, 1634, 1657, 1670, 1691, 1760, 1807, 1860, 1868, 1874, 2670, 2690, 2695, 2710, 2715, 2716, 2737]
  14, 0x00000000000000000000000000000000e02a74641a3ebb6b6a6e65f2fe59a71a, 174
      [1594, 1596, 1631, 1636, 1665, 1678, 1712, 1715, 1719, 1801, 1805, 1879, 2692, 2729, 2734, 2736, 2764, 2782, 2788, 2801]
  15, 0x00000000000000000000000000000000d9c51230ff17ef78b29de2ba9a7d1232, 169
      [1589, 1628, 1635, 1643, 1647, 1648, 1659, 1661, 1698, 1702, 1775, 1780, 1783, 1811, 1843, 1853, 1863, 2668, 2683, 2685]
  16, 0x3ffffffffffffffffffffffffffffffff510679b72d7f68b6e991c9b2d073808, 22
      [2808, 10744, 11027, 13628, 17575, 17590, 17598, 17604, 17616, 17630, 17638, 17644, 17652, 17658, 17668, 17674, 17696, 17715, 17749, 17750]
  17, 0x3fffffffffffffffffffffffffffffff14e5f33758993b20042ab6a82ead90ef, 18
      [14016, 14022, 14404, 14792, 14798, 15186, 17135, 17156, 17194, 17509, 17541, 17552, 17564, 18482, 18542, 18560, 18584, 18595]
  18, 0x40000000000000000000000000000000224698fc0994a8dd8c46eb2100000000, 16
      [1897, 2817, 2828, 4116, 4117, 4126, 4138, 4155, 4156, 4165, 4177, 11316, 11322, 11611, 17685, 20428]
  19, 0x400000000000000000000000000000001be136c8ee6ddcead47667e89c236b19, 15
      [1737, 1821, 2831, 17778, 17783, 17799, 17805, 17812, 17816, 17818, 17842, 17872, 18738, 18768, 22145]
  20, 0x400000000000000000000000000000001be136c8ee6ddcead47667e89c236b18, 14
      [79, 1912, 2876, 5335, 5336, 5345, 5357, 5374, 5375, 5384, 5396, 10455, 17183, 20437]
  21, 0x3fffffffffffffffffffffffffffffff488186cb0a7cb964d9a908666582edd0, 8
      [1748, 1836, 2882, 18186, 18266, 22098, 22101, 22170]
  22, 0x39cdec2018599cc5ee61cc6f1c468fb106113ad56ec6330d8d74f9eacea723d0, 7
      [17216, 17256, 17296, 17336, 17376, 17416, 17456]
  23, 0x32a25812994ec2b35c6c33b805c9ff307a8678f5ecd48519a3cec39607b63dca, 7
      [17220, 17260, 17300, 17340, 17380, 17420, 17460]
      offset: 4
  24, 0x33700cdc67982d2e6568a0fa2add75c8efb51f872e013920cc7a5cca1b74c36d, 7
      [17221, 17261, 17301, 17341, 17381, 17421, 17461]
      offset: 1
  25, 0x11e39fd04147fb641b64800c38bb1d4672b8c5feb6e85a260ff8f82f98199606, 5
      [17585, 17599, 17639, 17653, 17669]
  26, 0x2bffb594cbe069082135d9df34577cb735ebfde0936a2918c977577b9f56d855, 5
      [18812, 18872, 19521, 19537, 19760]
  27, 0x3fffffffffffffffffffffffffffffffeeab056857b12a98b6c89962c92aa320, 4
      [88, 9871, 9877, 10160]
  28, 0x3ffffffffffffffffffffffffffffffff510679b72d7f68b6e991c9b2d073809, 4
      [1749, 1752, 2908, 22185]
  29, 0x3fffffffffffffffffffffffffffffff421c2497ef55ed7221d8852e01a658e8, 4
      [1751, 1802, 18432, 22151]
  30, 0x18656e816b24a9c7ef756aa63b59450963f75496ff2cbcbaaf65b752acd8ee9d, 4
      [14031, 14413, 14807, 15195]
  31, 0x3fd5892dd71c73e6e66dc095e6e561da3bcfa25a72c9b75cdfada626199e7ddd, 4
      [17233, 17273, 17393, 17433]
  32, 0x3fffffffffffffffffffffffffffffff1b4b556a73c00712bbfb39e0928a25d7, 4
      [20317, 20319, 20320, 20324]
  33, 0x0345133f23fd18844060e892f08a77aa96441edb8d0cbd8c0b03649d428ea39b, 3
      [4, 1891, 2962]
  34, 0x1da4c54f1ec2fec10b3bd831449f0bf6e92d5c0dbd9cf8feed071302b2edf42a, 3
      [10, 1906, 4181]
  35, 0x026e0e01d9a5f2f48fc8336a009b30eea7d18cb0220e07250210a8ebce40c0e6, 3
      [14023, 14799, 15187]
  36, 0x00a0e37900615de5f214814774a1c14415550cac50c5bb7b5fb6085652049cc5, 3
      [14024, 14800, 15188]
      offset: 1
  37, 0x3fffffffffffffffffffffffffffff689be95a587c26ee40fc69672b41a185e1, 3
      [14028, 14804, 15192]
      offset: 4
  38, 0x2bb2254da86dd65b04f2db29788e353c606745174d9cf13da3c14ad2d1989ba4, 3
      [14029, 14805, 15193]
      offset: 1
  39, 0x290983a3398beaecde050f9d70fc519680ac12d54d98252350c24811164f2fd1, 3
      [14030, 14806, 15194]
      offset: 1
  40, 0x208fdf55f7bdb81b696e37a26aa39c4d73999c53ad2dd5ee898c9879c702c37b, 3
      [14032, 14808, 15196]
      offset: 2
  41, 0x2954d59907b833986324b1a8cd61e51ca88773dd735b0d655bbfc2a0a97a64e6, 3
      [14033, 14809, 15197]
      offset: 1
  42, 0x2f23109c50cc0f3473c555bfa519701ca791b0732807cc4b160653475b6acf28, 3
      [17232, 17272, 17312]
  43, 0x279a9bce8a1d345b0487ce0ed1df2ddd4a1e344f38d909e8b1020975f44b3229, 3
      [17773, 17800, 17813]
  44, 0x157c23584bef40903f687f3662bd5f8f5c9f5f6cf99c7213b3c28cf641bc8648, 3
      [18185, 18265, 18274]
  45, 0x0d70196be8351d3f1253ee4122787df500b0c60716fdd8d24222d907b7b024fb, 2
      [3, 1894]
  46, 0x1a6ea15de545992ee65c876f36ec1dddf8ae78658dbe44a8bc12cdd3874798c4, 2
      [9, 1909]
  47, 0x3ffffffffffffffffffffffffffffffe5a184d7cbb2cc493ec9d315396de91b8, 2
      [34, 20383]
  48, 0x34edf05d53eebd5da88765a41c8e0211efeeaebb7b93bd1e1d25f4b0a138f56c, 2
      [4112, 4118]
  49, 0x0f3d9b198c5bb374ebcb459188bacf9ea06a8e4c135fb583f78069d31998f90c, 2
      [4139, 4147]
  50, 0x0c07eca186ef87be141b6b34e5e6b886ce7fe39e5f500ea8a3eb1e72e56de773, 2
      [4140, 4148]
      offset: 1
  51, 0x2bff241074e4ce3cdf1ac1480310dbeb4e16ccfa9ae7d3b25395ef164f9c4d59, 2
      [4178, 9490]
  52, 0x3769383f4546a6fc6ee73dbcff5c6cdfe0441081629bee1e3beff6b14c0bdfab, 2
      [4179, 9491]
      offset: 1
  53, 0x1d15ec727c77ffbc4c50e5a1feb83e4cb33f1aa44b48cbd4c5069e844b99203d, 2
      [5331, 5337]
  54, 0x2cb326b5ee92ccaabc021291c97817d64f66cf8bf9b512b91b9f5001bb4d3f5a, 2
      [5358, 5366]
  55, 0x2cdf759d638f4e2b336a1bc178dca1c20ae208c1da7d4c61f53dae9ef3bd49ec, 2
      [5359, 5367]
      offset: 1
  56, 0x02f6c3a01f111db3255298710740967e220be89365c9ad95c6825fd838a5e47a, 2
      [9872, 10161]
  57, 0x16223b251331e74aa33d0bd03cdd5c24468fe272bbe8c5987f6d56c6cc317fbb, 2
      [9873, 10162]
      offset: 1
  58, 0x1ac9d8bc901d459af3065f31560f7e3847d8c387388f7f49fefc21a2a86f3327, 2
      [11323, 11612]
      offset: 1450
  59, 0x3543e657a7654d0d2d5b5ef3ef5fbae686b2a78a0dd7d1c1ee4d246e7694535e, 2
      [11324, 11613]
      offset: 1
  60, 0x12d766dcb2210d0fe292e1d5bdb398e5798e194d55476c6c716051c23387ebde, 2
      [12192, 15189]
  61, 0x06d9518d023cba9ced5fd4ab6871bba05c1b72299ea6bdd50ca8a689e50f818e, 2
      [14017, 14793]
  62, 0x098ebda1395833bde5dd9688f2310085b889f341724ec3563fe206aa40a5e0b8, 2
      [14018, 14794]
      offset: 1
  63, 0x33edea03ad0d1a1909476c9563b2cd894631a02d661961bb713c7fed0f8f553e, 2
      [14019, 14795]
      offset: 1
  64, 0x0131d3d6d37c51540a26fe09c1446e3786aa41fbdff03edf9964798986a45e59, 2
      [14020, 14796]
      offset: 1
  65, 0x29df3cf954d8f3f20deb991f72f85bd6f2e70801b712eb0b8d9b63d64afb6dd3, 2
      [14021, 14797]
      offset: 1
  66, 0x3a292eae5bca49145af4396069594f9a983c5595522368a2c858cef5bce68653, 2
      [14025, 14801]
      offset: 4
  67, 0x2958c007fd1517a5416f4ca69ef9bc22b2e548879b1ceca23d243c7c0a3ba8d4, 2
      [14026, 14802]
      offset: 1
  68, 0x10a2de4af7d42819a917634b8378d1d85aa108994185bd84ce33d470a4c3a594, 2
      [14027, 14803]
      offset: 1
  69, 0x0afad8f26167c63ee8e660cda77ea99320a9688b9460002b083bec7de8768a89, 2
      [14040, 14816]
      offset: 13
  70, 0x0338be4eb0c27138babe99b1e8d3768355d906a575cfe59327e3e9f775654996, 2
      [14041, 14817]
      offset: 1
  71, 0x271c477728323085d898d4d128dd6391459080da6bc5168e04e3f92367475c76, 2
      [14042, 14818]
      offset: 1
  72, 0x161c7567757afea8367cb19ed9ca1343f4a3429250e1872a58e1ff2a8f155d0c, 2
      [14043, 14819]
      offset: 1
  73, 0x3c128d1781b71d97cd2c2c3396a3fc589db0c32c3b041ef94ae71ec3089d52c9, 2
      [14044, 14820]
      offset: 1
  74, 0x104789e557ee6e2942b0ccc8e25023eaf5591e5599ae1f907efb3e74cf870134, 2
      [14045, 14821]
      offset: 1
  75, 0x0ce0b814aee10340c58371534d595758c222099f011ec3ca0e3c6de89b758bbf, 2
      [14046, 14822]
      offset: 1
  76, 0x0964fbbe359624984cbca7768ba26fac6dbfcd314618f3816f9a867d35c1960f, 2
      [14047, 14823]
      offset: 1
  77, 0x278fc04922c997535725a62b5371b00ce5abc2d4c000e5676e8b18223e92b9c7, 2
      [14048, 14824]
      offset: 1
  78, 0x1a956381e5dfa7bbf0fcd23c25c2dccc4c72b2ce463733e10d044ba36ecc1776, 2
      [14049, 14825]
      offset: 1
  79, 0x1ca0bd7042ad528453284072c3938da40bfd2ffccfc089c1d21a8341ab37b2a4, 2
      [14050, 14826]
      offset: 1
  80, 0x36804b9e7cc45e7f699c51fb3e12c33e863ee0659aa8f1c53a9122414520cbfa, 2
      [14051, 14827]
      offset: 1
  81, 0x3514eeb83b225d907cf660ab32b9d319d9688bf0fb5475098021d4e1fa093df4, 2
      [14052, 14828]
      offset: 1
  82, 0x1a2933613cb5a108df22539bef5a3bb78c3cb14c3a90b83baf8b0408acf3b375, 2
      [14053, 14829]
      offset: 1
  83, 0x089fda162897d67c6cb5138f2a6f334f962f0fc1302d355dbe8d7e75541a51bf, 2
      [14054, 14830]
      offset: 1
  84, 0x28a7646cdff7ba30c8344c86b532279e2e06a62f88f270a7a763bc3d71f217b0, 2
      [14055, 14831]
      offset: 1
  85, 0x1963fa6e686b6e28562e48fe80a1ca43f64400e65a3a919728d4b6baf4fa3ce7, 2
      [14056, 14832]
      offset: 1
  86, 0x19d45ab5101e6cf0eb6ba425440c8f360180f1e0b986c14f405572813506132e, 2
      [14057, 14833]
      offset: 1
  87, 0x139855e572a9f32b58c69364991eca50764a2d3e17b1de2307d40f1972fc8078, 2
      [14058, 14834]
      offset: 1
  88, 0x16c593fd5c1892f31ea5e55bd248635d15b7b485ec394c77b2fc3077ccd31dee, 2
      [14059, 14835]
      offset: 1
  89, 0x3aaf3261238561d7a33ca6bf083024f68b0cfddb841f2b6bafbb5b0feef36525, 2
      [14060, 14836]
      offset: 1
  90, 0x015debfbd79f816bdc5c0dd5af4fd28a64bc6eac87cc839b5a21a65686c8804f, 2
      [14061, 14837]
      offset: 1
  91, 0x24bb6ecf46ce0e8f9429972edb5388a4fe224f1b8a6cf170399f41b26b0e6c90, 2
      [14062, 14838]
      offset: 1
  92, 0x39b4400144b29240b4f877dc1c30749b9ea9ebd356091e4cde63d9ddf2c9627d, 2
      [14063, 14839]
      offset: 1
  93, 0x12c084a8fd54e64b5d290e6f3fa5e1590b99ed5c543ad27acf128d5f60b363c5, 2
      [14064, 14840]
      offset: 1
  94, 0x30849567fe5fd34857348517b88f7d77c0078422477e1edf8af5f9867d2706b5, 2
      [14065, 14841]
      offset: 1
  95, 0x0ab2bcc6d31744075ce919fefa25f9da82f09d0c31c246e1b16267a70af9e8e3, 2
      [14066, 14842]
      offset: 1
  96, 0x3e7b1824c68f1365638cb9ecfab1c0e9a185c5be29b9da7fc9a0fbde5f7f32f2, 2
      [14067, 14843]
      offset: 1
  97, 0x0d2c914957f8719e4884060a7ef1566e5eb0ee40ff7e53df07c533b6d3058178, 2
      [14068, 14844]
      offset: 1
  98, 0x06d910ca768570129501aab8fcd3a5b44dbdec1d3a4d73c8715c0ed12616bbdc, 2
      [14069, 14845]
      offset: 1
  99, 0x28ce65c323f07c3657f689b701905082549046d8a0233cd696996e386afc76e9, 2
      [14070, 14846]
      offset: 1
 100, 0x3084979b3bfefba1eec051cff6084a8dbd877cee72e3cdd479171c79f00c07f5, 2
      [14071, 14847]
      offset: 1
 101, 0x3d12d5f7219d3fe59fee89bb1ecf262871de3aac1cf8e2111d6f5a06d935f2bc, 2
      [14072, 14848]
      offset: 1
 102, 0x109d473be92aa5193a1889337fe740f2155f270a915ce000333028456f9bbe9f, 2
      [14073, 14849]
      offset: 1
 103, 0x3a4f3067b4083af9ccc1163ccaad42515496c6ee201e1ffe76613d230a61cc13, 2
      [14074, 14850]
      offset: 1
 104, 0x065826a51ff6353b97a30fff14ab25639cdbea4498e57817aba6b28bee8b15dd, 2
      [14075, 14851]
      offset: 1
 105, 0x3aca0a5bb576b48a934f6943bd45b30a935d3e14f24d8b916f41841463a58c1b, 2
      [14076, 14852]
      offset: 1
 106, 0x12ab76d45cdc03dc734ff61c26ad39df49215a51f02f21057513e6b6edea3f78, 2
      [14077, 14853]
      offset: 1
 107, 0x2976341cdf30c2a0d47a898774f57bb59a9ec9e87fefbdfddecc6f45b8af3ffc, 2
      [14078, 14854]
      offset: 1
 108, 0x01cca5a27bc9d40debb79dc3b40a99f161ae3c84968a7076baec7176b856e4f4, 2
      [14079, 14855]
      offset: 1
 109, 0x1ec139c983fc5ab4f7064ace5dd9aea045587b43509ca9ff2d0fe7cf3a19a41a, 2
      [14080, 14856]
      offset: 1
 110, 0x234a08d047b720718e13eeee82f304dea64eb4d25b6240f1bd81bd824bcb3ddb, 2
      [14081, 14857]
      offset: 1
 111, 0x289ec940fdbbbcfdc92be94bb1dd8738b62ab113edbb7c5077040389dfad207f, 2
      [14082, 14858]
      offset: 1
 112, 0x2bdae0799c5a9f2be9a12d84c416b4ca10a47731bd8ba38cd3c11e5004afecee, 2
      [14083, 14859]
      offset: 1
 113, 0x1f4c758c29f8de6429eea86b6a52322b672d365b9e27aad748cac364984ffa7a, 2
      [14084, 14860]
      offset: 1
 114, 0x279200bc7d34f15397ed4e04ff6dd56ba29454a29757ad87be3c7f261b59e675, 2
      [14085, 14861]
      offset: 1
 115, 0x393c8ba2d991eea16ea7ffdf5d5bd728cc7ae2ea54f4784ac2dadb5aab15b287, 2
      [14086, 14862]
      offset: 1
 116, 0x1815c89c6551f159c042f0247c020469c2a8ce40cf1baee9e9b325df45558801, 2
      [14087, 14863]
      offset: 1
 117, 0x3138761f279a3c3eabf329fb3556aa1fd30dd31f35432eece62b02193b3955aa, 2
      [14088, 14864]
      offset: 1
 118, 0x175171e5c08fc0e6f4d699316889f5f62fd9f761878274910b5adc1fe4973c95, 2
      [14089, 14865]
      offset: 1
 119, 0x1224268a1cf0a0d34e1ceb660327f5a58c1111318ed5d6bef3abb81106013126, 2
      [14090, 14866]
      offset: 1
 120, 0x0199231faa943f927c33946198193c416bb860bc3bcb0530d3633709171deb9e, 2
      [14091, 14867]
      offset: 1
 121, 0x3792985c92ecf46446ba2bc79124c1be7d5f62f27f6c56793f3c0c3a6b6e3e33, 2
      [14092, 14868]
      offset: 1
 122, 0x23a8e1ae024094ecb3f273147a580c2ac95a3c881b1d1593d5d22f7fed60f9ad, 2
      [14093, 14869]
      offset: 1
 123, 0x1c67173cc6f103e1ef83500400c43a735b1036421036e2001b7c1c817750038b, 2
      [14094, 14870]
      offset: 1
 124, 0x09c65e027f0e407b1a7de5e8ea660e78a38f9209d4ae6759e29431b1c51b4465, 2
      [14095, 14871]
      offset: 1
 125, 0x334f01985844d4b9ed57623929747327756134fcef2cc8565dc45d8900d7bdc4, 2
      [14096, 14872]
      offset: 1
 126, 0x2d6ebd784178e164df31718dd707779eb54c1b4af48058ba441f13a68b99276c, 2
      [14097, 14873]
      offset: 1
 127, 0x09b82fef029e0d94e53f8f5a3120a4ee63daad1fb23d85b89e0510a213beebd1, 2
      [14098, 14874]
      offset: 1
 128, 0x0c32805c01faa81a6d11612e96fb427f37daa969796a4653a20ca76286b17f51, 2
      [14099, 14875]
      offset: 1
 129, 0x0ee91a738790cb048f77ba3e15a7efdcde30169ca76573e37d199ba3cda6d617, 2
      [14100, 14876]
      offset: 1
 130, 0x002804196a3b23a322c32d1feec3bcfc10d0bb5ee494a73623772021ab22cfa3, 2
      [14101, 14877]
      offset: 1
 131, 0x2886e7aefb0fec295af79a9e47faaec7a87df4431df15c5db1da82f42b3eeb65, 2
      [14102, 14878]
      offset: 1
 132, 0x2e2461ade66e6ce94f37f59ae649b224f7b75737d8e4aa0e99fc70d07633a9fd, 2
      [14103, 14879]
      offset: 1
 133, 0x130aeb47c8369c1f5c051f13abe3942632bbd584c8b38827e43af3032592cee9, 2
      [14104, 14880]
      offset: 1
 134, 0x1a0ec273c83796fdf665c412ca8fae365f8330f533952c380b2da2dd63d83c61, 2
      [14105, 14881]
      offset: 1
 135, 0x328b2d65abc92162f2d95f13f6130c87680e0356b0f9dbc96430944fcc72fa3d, 2
      [14106, 14882]
      offset: 1
 136, 0x08bb00b3db061a178a6c4c0e06ee3346305e0f00c0f8f0473bdb622894b9a73f, 2
      [14107, 14883]
      offset: 1
 137, 0x0110c5d2fcca17336b916c027b585e1df634c049332fff55a04dfe29c3642fe2, 2
      [14108, 14884]
      offset: 1
 138, 0x178642fde6101fee06d763b54b2d642c5d678c2d0dad364f1369dc37de54f3eb, 2
      [14109, 14885]
      offset: 1
 139, 0x06daf83207d3a67a9dfa25516c1c55fb667c89f755ae3499caf473b74ee62dde, 2
      [14110, 14886]
      offset: 1
 140, 0x0422ee34cd2ee7f617795bc913af65238e4326a8cc874b5a9714259142c2d4f4, 2
      [14111, 14887]
      offset: 1
 141, 0x29517991bf607715416ca1d11b0b3337d8009feb0cc931a52654ed904f196c6a, 2
      [14112, 14888]
      offset: 1
 142, 0x30078ff241047c3086c13eb0989277da721bfb3bd12f7ce2d2b9d11f79d792f7, 2
      [14113, 14889]
      offset: 1
 143, 0x202892e241ccbbb80c89afde06e009b6a60f0fa26fc4006c5ff57b6b8d242c8b, 2
      [14114, 14890]
      offset: 1
 144, 0x2acb39659fcbd659821958b4130e7d3e5efccc635be160ad232cbc9268a7cdd2, 2
      [14115, 14891]
      offset: 1
 145, 0x15129b7aae839c584e5683b774e89371e2b2e7f590f72b46ebdd4bde231875f4, 2
      [14116, 14892]
      offset: 1
 146, 0x0e8ddef2c4ccadedad22c6bd9e796382aed5e0ce10e43c19d6b1c1c486799358, 2
      [14117, 14893]
      offset: 1
 147, 0x1d8fa06c8a2ed37ae663baaa0d4159fa07f048ad1c130b454f2df33915bb6eff, 2
      [14118, 14894]
      offset: 1
 148, 0x1284b71147833d8796137b4d72f3595de4426259d53c31bd5e8591fca9e40140, 2
      [14119, 14895]
      offset: 1
 149, 0x39a66d463d1297b41035bf9a7f44bd102f7a30c288646e825d30d79af16cb2b9, 2
      [14120, 14896]
      offset: 1
 150, 0x256d5df4f881abb97941524217f834fdaaaf5bd151854af8c0e1f0098dbb2b4d, 2
      [14121, 14897]
      offset: 1
 151, 0x07f1f55802c6778ceb60d4025f9e9f17b38803781152729a390f4611847ab016, 2
      [14122, 14898]
      offset: 1
 152, 0x12449679b55b03deeff1d3c92245dd96d401f087f8ab776138f0ca8f5389eb2f, 2
      [14123, 14899]
      offset: 1
 153, 0x3794ec5b8457c8bbbd1691ca50c8caff1aba5675033925a1dc77c97a85fd5e57, 2
      [14124, 14900]
      offset: 1
 154, 0x39eb903c9dab013b2ee9aa510b62face2c2a832fa7e687e03ec7b3aa41815bbb, 2
      [14125, 14901]
      offset: 1
 155, 0x08e5a4142f6f2880f569364f3d82b79b5325e98147649c69b3cfd97b4088724f, 2
      [14126, 14902]
      offset: 1
 156, 0x3e9b2a50bb2af1321110d9196401eaf5444e4c919d0afbde8c4b94502e747e63, 2
      [14127, 14903]
      offset: 1
 157, 0x27f4fdd89d960530e90475017572e6d66cd26df923f89f77868172e7103fbcf3, 2
      [14128, 14904]
      offset: 1
 158, 0x1e22b7f3853f2610d605904ee4635c2238806b282f0e7138c6d0a30bc80f2b94, 2
      [14129, 14905]
      offset: 1
 159, 0x25f9a28ffbbfd211e0f4651ac1b78df4b1bbee207663904604e87c7aaf0a0281, 2
      [14130, 14906]
      offset: 1
 160, 0x3f8446c7ab8c6afd39d6fba99827617c356b86f429f727d85b60574614f3c6e2, 2
      [14131, 14907]
      offset: 1
 161, 0x35637a133f9ee13ab646c10dc4597d21f0b2b7c445dc10e62b049f94d000849e, 2
      [14132, 14908]
      offset: 1
 162, 0x1be2af907cbe3ec7ecd0a8dfb623e8eb986e456f77e0d8958396c436058b0ced, 2
      [14133, 14909]
      offset: 1
 163, 0x2bf080353f213fc36adabddf500ab347b002909211a1681421e7241119d2441e, 2
      [14134, 14910]
      offset: 1
 164, 0x0ba4cfe21c31d827dd0a210dee95c1eb49073e54d4eae3086854caa7c74a5225, 2
      [14135, 14911]
      offset: 1
 165, 0x27d481adbec9ba9b7ae8b112958b435d812454fa7c526c6c84b2fac88b33f499, 2
      [14136, 14912]
      offset: 1
 166, 0x0db9f3d33eaf18c9cd5e3a90503c8e8ed7cdb27c5f57250ad332089a9c343f31, 2
      [14137, 14913]
      offset: 1
 167, 0x1d604b402612dfa710ff2f5983da0f6325fc199e2df8b01e3410c173862f2d74, 2
      [14138, 14914]
      offset: 1
 168, 0x2945bb64abe92a61889948bfb20d91ecb25c788f26a90aae51fb4df74b946535, 2
      [14139, 14915]
      offset: 1
 169, 0x29bf9f159007f90d155e05109893b50026acca01b4f72b5e7bebb1559b47cb5c, 2
      [14140, 14916]
      offset: 1
 170, 0x0e9b7d365a01681d4b49827613c1fa0ab11553e2edd0e02759b21164eb85e432, 2
      [14141, 14917]
      offset: 1
 171, 0x28565a19aac7d7af52b1a3fac059cdf3b61149c6f0195ce5dfa23400f9332260, 2
      [14142, 14918]
      offset: 1
 172, 0x20b8eb1a000fe9fe5023e6502618bf0b0d7fe108c504cdf4b4850da157c72047, 2
      [14143, 14919]
      offset: 1
 173, 0x2000858bf93db8c55d2c987a4d0f40f0f83e90b03efb9ceb59ea00e34c8702ab, 2
      [14144, 14920]
      offset: 1
 174, 0x184ed227b5b07b02918dfd493cfe844ca781991bc6d7aa08829e7ac31afa7746, 2
      [14145, 14921]
      offset: 1
 175, 0x03277394066bcbd5efa227d23164758b68909e1b9eb5e6a6ef4d8c0809016313, 2
      [14146, 14922]
      offset: 1
 176, 0x00b74474e8af66f3e7d54fa6360f9664c17aa13fbe5aed266560f50317db0f1f, 2
      [14147, 14923]
      offset: 1
 177, 0x350e2b5b53b5135c0cad8eccc6a8e1b2ddcb470e9db3a201ae69a615dacd3a37, 2
      [14148, 14924]
      offset: 1
 178, 0x213de2484d4c7a189cec0ccf1e188722bc9c1acc84e51d51e8a52d8311a9bb15, 2
      [14149, 14925]
      offset: 1
 179, 0x1fdd5ba07f3aef0206ca718169d7154559d01866cfa2407e978e6c3107550c91, 2
      [14150, 14926]
      offset: 1
 180, 0x1b694267809f2dfffb5ae37b3a40352ee49407724d988063924f35037070fcf8, 2
      [14151, 14927]
      offset: 1
 181, 0x1e75d18a0acab1fd7f7f0304053300a243b84090e8213b8e47eb8c2a1656f760, 2
      [14152, 14928]
      offset: 1
 182, 0x2d7fef0a7c325006ff3f482b5008f7dd41a0a66b3332dfc118420e88dfd1195a, 2
      [14153, 14929]
      offset: 1
 183, 0x0e8eb574d676bee9d7e6226b9f1ff2ef8516ba6d68870328c8b3c5150886fb58, 2
      [14154, 14930]
      offset: 1
 184, 0x0f9049df86518aaede223ef073ba94468a54d33bb58577a5f56f381a6578ed88, 2
      [14155, 14931]
      offset: 1
 185, 0x0cebb2745e8aabb181b4def05c5eb5dd94d7285dd60bd524f14024bdf537fbab, 2
      [14156, 14932]
      offset: 1
 186, 0x027a92dfaef5ca578838201cfc4bc90e1f3df30e31d5ea9f860782c1456678dc, 2
      [14157, 14933]
      offset: 1
 187, 0x1087870fd357dc30225c4205e0f411c3be27dd86b77e74a9f3e64df62515d76e, 2
      [14158, 14934]
      offset: 1
 188, 0x1e23eb46b73ca06def2552662be72a17743974b9585219191906297b56d53ec1, 2
      [14159, 14935]
      offset: 1
 189, 0x22e70fc592eaf1665f49c16add5f4a6fcf95d5d1c5f4cf943e72d40218daa8b3, 2
      [14160, 14936]
      offset: 1
 190, 0x03350add59a1548b46627681817bd60ff2727846636560f709819ca32948d818, 2
      [14161, 14937]
      offset: 1
 191, 0x29354b423e788b86b12abc72ecb7a12c0f038586e7dedd59259e5fcb1474a3df, 2
      [14162, 14938]
      offset: 1
 192, 0x0f9f8537dde14635bf865b04b584d8697f33ac1fb209bff84f25c379fd1fec59, 2
      [14163, 14939]
      offset: 1
 193, 0x0cd32f8f6e103a934bb7045ded5ff34b351d1fa4431957f84c38ed063c5622d5, 2
      [14164, 14940]
      offset: 1
 194, 0x2400ec234dac72cf0357dc9916cb1302581472f525ba8b9880444c4cd99ce1bf, 2
      [14165, 14941]
      offset: 1
 195, 0x03d8c437daaf396c30a1d231ad7a23f59cef97c3ac6f758a7e977a2ef2795e2e, 2
      [14166, 14942]
      offset: 1
 196, 0x35ae4773d4d7f5f81564bbe0d02f57aff34be9cb626fe9b24a1209ac4261c80c, 2
      [14167, 14943]
      offset: 1
 197, 0x0c8d53962787e91eddcc439c54711954244e8e18bf0d3de65cacf9163b1f6cb4, 2
      [14168, 14944]
      offset: 1
 198, 0x0c1a753485ff1591b89652052120fa5d477c2855cfc7e0afbf11fdaa0f2c833d, 2
      [14169, 14945]
      offset: 1
 199, 0x39d98f01cbf887552577b07b4dbf8f42fb3580acac1bd68ebae40d26bb4cd615, 2
      [14170, 14946]
      offset: 1
 200, 0x343b1f41f10defcfaa11f637df1e5a495a9671f0d0f1b91cbbd8c5661a2da1bb, 2
      [14171, 14947]
      offset: 1
 201, 0x10cf3bbce1383b907f4609b92469e26bb0da6459992df6ceb00a1f85cc9c67df, 2
      [14172, 14948]
      offset: 1
 202, 0x01b55c20d2aae06379bfa0857d08d47ae6038904e41c85527a25bdde56d86c17, 2
      [14173, 14949]
      offset: 1
 203, 0x1fa207abe0251e71ee5aabdb514f88c9177f523db8c7bf61c92d32cc14f80c0f, 2
      [14174, 14950]
      offset: 1
 204, 0x360d1a04abd3d91d8d9621ac9aefa50d75fe0159229f96188de447f595d5a1f2, 2
      [14175, 14951]
      offset: 1
 205, 0x3e88db96af56d46cb47e4b8c3f4900a174e33ef62306d1e3e1a2bc0f3d2db03c, 2
      [14176, 14952]
      offset: 1
 206, 0x3a2b6ca5c51e9f1570bb1da8f0a9e98c54d3505818c07d4a5e53b0109db465f4, 2
      [14177, 14953]
      offset: 1
 207, 0x09f52e143ff825b07b68aa388b9d438b7a9593bc62c5c2a233c41025073227a9, 2
      [14178, 14954]
      offset: 1
 208, 0x051580b180cf826ba6a1e64b8f420bba9d2c07576fb9c0a800d69a42112d041d, 2
      [14179, 14955]
      offset: 1
 209, 0x36df0ae5a2ce1ae6bdef92197d8fec4f9f0711b95e3e9d77310dd5b64029dbd7, 2
      [14180, 14956]
      offset: 1
 210, 0x219406e62c1c9b1aa78cec86b272639354d8d77b0d7721bf7db77491f3625c73, 2
      [14181, 14957]
      offset: 1
 211, 0x378ec8cda192c0a21d2342803d1f7f4bb9cdd1fb21fc7029ad1ff788f1250181, 2
      [14182, 14958]
      offset: 1
 212, 0x371687afda93453e9a6aaa592a5e269355a3748a6bc368dac8907c9c4c0326b8, 2
      [14183, 14959]
      offset: 1
 213, 0x0ec8395b56ca612ab315e2df87840c16be866463cf1aed4fa1104819be2dad98, 2
      [14184, 14960]
      offset: 1
 214, 0x130ac5028b526f1a37e1bdb1662cae648df9d47629a8eab149bf675bed3203ed, 2
      [14185, 14961]
      offset: 1
 215, 0x1c092d95d4dcc4a3218acd0ed2684c0daf389a2a40099a1002c88f2da09b1f5d, 2
      [14186, 14962]
      offset: 1
 216, 0x2cfd24c78ac132e4758ac01f3203d0422bf064bfb2ef0e05f1b6fbc8bf762104, 2
      [14187, 14963]
      offset: 1
 217, 0x227869bd578a19d7a622fb629058ebfe31ce14c9712d733b10c9085e88c693b2, 2
      [14188, 14964]
      offset: 1
 218, 0x2b3101f0ea91887931c5bead44204bee85d2c96c0d7e9b35638f210194f28e8b, 2
      [14189, 14965]
      offset: 1
 219, 0x3cac0698459e667ca480f91837ccc9b47603cec05edf54ea1bf9997dca0e820f, 2
      [14190, 14966]
      offset: 1
 220, 0x28c8a3d1765d052f2df2a4ba6506a34f3447340cdd4203f5b1dbada31c07bef0, 2
      [14191, 14967]
      offset: 1
 221, 0x24dffd441da94cdcd9420bcf5fb69b3a21d709a0783ddc9fcc2a2069eee36595, 2
      [14192, 14968]
      offset: 1
 222, 0x11dbc556c24e91031a009ef1b21aad71d2ed908c03f7ad044891a31efea0f88e, 2
      [14193, 14969]
      offset: 1
 223, 0x3d081b5373d8f0f1ac054c1cafa79c48554e5718f89204668c4acbf2e528aa8e, 2
      [14194, 14970]
      offset: 1
 224, 0x118f25dc5d83112f92d21df8f81ef5ceedc7f8c913178f221f99fea95f4009d6, 2
      [14195, 14971]
      offset: 1
 225, 0x1653b9bcab13b7bd5f3dfafb14a3d6aa265c803640dedfa9d780d0b02a360357, 2
      [14196, 14972]
      offset: 1
 226, 0x2e17136729d6c1650ddd860208d449b449a6750e0b7d6d87d55ef1544a1d4908, 2
      [14197, 14973]
      offset: 1
 227, 0x2aed263c20c99b3b69efdc06fc74ff3505382ac132f991b0d21f140cb006af82, 2
      [14198, 14974]
      offset: 1
 228, 0x1f843a6903be70d67b401f68c22eaa83510de6fa9f54e1793724b4331b7a5438, 2
      [14199, 14975]
      offset: 1
 229, 0x06abaac6d435126adf37ed5e64d8b26ab941d06cfc39b27c559c621c3d33aba4, 2
      [14200, 14976]
      offset: 1
 230, 0x0252c1bf72c1bdb8830d466cb9bd660f9c89846ebf824f3fbb07fd7c407d7edd, 2
      [14201, 14977]
      offset: 1
 231, 0x3b054b3a04b48b397643503f0f5e0dbc141cdf08f7a0e3f895d6c6149a92eac0, 2
      [14202, 14978]
      offset: 1
 232, 0x002ed9dd57ecc260bd5383ab8a12ee7567c06acf69efe75e68e365b1f3408649, 2
      [14203, 14979]
      offset: 1
 233, 0x1ec91e3db80e381d4bbd27f77254fd649aa7b6ebafbaecb38e1ac93a59a8d14a, 2
      [14204, 14980]
      offset: 1
 234, 0x180963bc4175d6b9dc92dd77ad2ba700aca61fce14627e629b3c276dfe05ee60, 2
      [14205, 14981]
      offset: 1
 235, 0x06decbd8c1b16bd90a27a6bf30fbef50e06d26e9359cff7b07a931a908bb73dd, 2
      [14206, 14982]
      offset: 1
 236, 0x3c8e683d3d600900337572b57263816e6e4e505bad6d0fb6dce787851598d664, 2
      [14207, 14983]
      offset: 1
 237, 0x36ae39bcfdb0149269c87d75fc2324f00bda3b41661e5136170b8bc4348a0f45, 2
      [14208, 14984]
      offset: 1
 238, 0x14d3ee5e17326eb73553553147f149ef9f810fc03c3d92773f211b9c6c524ef7, 2
      [14209, 14985]
      offset: 1
 239, 0x295f31fd2c3d5a79ca4d01578a974f07ee7a9cbb1cb74d52e1eb2de7289396c5, 2
      [14210, 14986]
      offset: 1
 240, 0x07d2bf037cfb3d04290bd81e266eae23774832d657cd04e27fbf8dffea2d7054, 2
      [14211, 14987]
      offset: 1
 241, 0x3261f764499851ec99c0aad531aabb94657892243f33fc930d245ffb590e702f, 2
      [14212, 14988]
      offset: 1
 242, 0x3b5dab9e8b935dacac3408a78579bf758303d616e744f34cb8634ad1b0a5b1e9, 2
      [14213, 14989]
      offset: 1
 243, 0x1ef691e05c19dcb382f5d09e795ac72b99177f086ce34229a2a08181ee6996c2, 2
      [14214, 14990]
      offset: 1
 244, 0x3e991d84ce2950786736b9c9b1776698a24918110188c6ff8ccb5f09a3080b1d, 2
      [14215, 14991]
      offset: 1
 245, 0x001b0d681252322b8765822ef5166a11dcdf795997dae856553666ce1fdfa750, 2
      [14216, 14992]
      offset: 1
 246, 0x23f75121b5407f36911e0281ff5e63349d3c966d494e677ac63da0f9acedaec5, 2
      [14217, 14993]
      offset: 1
 247, 0x113df68d749037123c9a36f289dbb8dea880fc4f1b69a0987b6ac86b62567ef9, 2
      [14218, 14994]
      offset: 1
 248, 0x1706e19a71cbbc305b84b239813219329461800873594519d5f483b7f34dd80c, 2
      [14219, 14995]
      offset: 1
 249, 0x189c77bea28aa00101d5ea4db627f10d46926101b433a07bb934d357c7938a4b, 2
      [14220, 14996]
      offset: 1
 250, 0x1429652ff18cdcd60b6d40e292718efb42daad8e49e30aa817dad2d0fb0ff7fa, 2
      [14221, 14997]
      offset: 1
 251, 0x3a457f86ccfb419a2cdad026d4f8b410117d417039612c77d3c9da3b843f940d, 2
      [14222, 14998]
      offset: 1
 252, 0x0bdcf816cb5853c4133cfc1f8f54d1f3f72105f179e31e6304cc78e33ff818b6, 2
      [14223, 14999]
      offset: 1
 253, 0x026df72a273c9fce28133f06340ef4c5e86138c3dfa4b2d7ba7ce99a8ad8e631, 2
      [14224, 15000]
      offset: 1
 254, 0x2ad208f8de1005ade79b1e537427057c0ed69412fc341b87dead777eefdc48d8, 2
      [14225, 15001]
      offset: 1
 255, 0x313e19e0ccdc850f58606169a98fb082aa3d8a9c7e0ed88304b5db8fd4549e3f, 2
      [14226, 15002]
      offset: 1
 256, 0x2b148fdcabe0b21f49a9731fc667d28f741abc0208399aaadfe4b74b58d28e55, 2
      [14227, 15003]
      offset: 1
 257, 0x0492e397c106f40fde74c57e1dd12dae73e1b555eab421fd070e453657c71480, 2
      [14228, 15004]
      offset: 1
 258, 0x0c2feae402713cad89e14bf589bbbc60021399596066523867e09d82b4743b94, 2
      [14229, 15005]
      offset: 1
 259, 0x13be12060c9a5a5b56e2a70e57a64eb7d42b5a7abeb642cece3ec373325c58fb, 2
      [14230, 15006]
      offset: 1
 260, 0x3f735991271426c9295a4c2e0d8d3f79598583ce31854a0e62fce22461e2b990, 2
      [14231, 15007]
      offset: 1
 261, 0x12377b39430cfc85155b8e232e80e43f67a980628d39a43d37bb4579108fe3eb, 2
      [14232, 15008]
      offset: 1
 262, 0x372f236936d75c95ed693bf93bca736de2007a8ade7ac6f44cbf6ad341d8d9e5, 2
      [14233, 15009]
      offset: 1
 263, 0x05ed1a4a25dc72256faed6cf19ab75716fd139a6067b328febefe44a27313f6e, 2
      [14234, 15010]
      offset: 1
 264, 0x1770a0d07800dbdc84f63b73bd81ab02b77f8c87a3fa5570d7a3257f952f1a62, 2
      [14235, 15011]
      offset: 1
 265, 0x23a9939ed2fb4f0a34fa1fa5f06dc505665ed71d237816ece2b1917ffd55dfc8, 2
      [14236, 15012]
      offset: 1
 266, 0x0b56754469f18cac8e3611700120c9bf20cf92f9c6e22d0ef50990564adec6a4, 2
      [14237, 15013]
      offset: 1
 267, 0x36af5fe55aea8d85e2ea742ef767147d0146e3325533f0e6709e9c7d3e62e175, 2
      [14238, 15014]
      offset: 1
 268, 0x33764988c321b9a1fa5898c6a6d968f3150ddba85f720ef1c905a47f63ec7995, 2
      [14239, 15015]
      offset: 1
 269, 0x31775cc328701700b9a0ece13621c151c04160b4f84b8661c85a10ee49cb3385, 2
      [14240, 15016]
      offset: 1
 270, 0x33a8dfdf361651f9172705a88538919b079e71504934f7d34a07d592aaaa323f, 2
      [14241, 15017]
      offset: 1
 271, 0x056efd797b98322253f2fd3a18908270334925a09f6f282446d121c8c5ae4dfa, 2
      [14242, 15018]
      offset: 1
 272, 0x32ece526132911a44880962c9a9e214f3d9266fb6c379c59ba36dcd52dedfe4e, 2
      [14243, 15019]
      offset: 1
 273, 0x3cf2ec47a32818f645b7aa06a2aa4dfc2dcfe947f47c68e2e0ad224f67b26db5, 2
      [14244, 15020]
      offset: 1
 274, 0x06debbb25b2742ab5dfeebfde76dcaaebca985c1244bf61ac8b6042bdcf948ac, 2
      [14245, 15021]
      offset: 1
 275, 0x359cde623e26bd2f77184cb194fe6909a25f083a3af2b9fea94f8db58c8d3f41, 2
      [14246, 15022]
      offset: 1
 276, 0x1645bf7df656f203756f8c4e12a78be6370f5e06838332d3897cf4d3c2f535f1, 2
      [14247, 15023]
      offset: 1
 277, 0x3e6c92186d2359edb4efecc656009fd0e8edf05bbcb0be03162dca2b3ece0c70, 2
      [14248, 15024]
      offset: 1
 278, 0x1cb837088b2bb85d2d2b2fb8d01f7af5a0aaa92d5ea2f829abfc5865263d0876, 2
      [14249, 15025]
      offset: 1
 279, 0x0a500295ac291685f279e1c553ba261536c98415472609f04f05e776d2f53281, 2
      [14250, 15026]
      offset: 1
 280, 0x277bd94adf86fb33a55b646ac3a3a4976e22c2f032c63f6bd19cc10e9e6e5acd, 2
      [14251, 15027]
      offset: 1
 281, 0x24ef152874be49baa0976998d00e599558e4f7a1ff93931905b50e1fcfd85662, 2
      [14252, 15028]
      offset: 1
 282, 0x051d29c98eb00fea092ff8bb66965b4c3624450dcb28bae04f3b0b0b2df27e7b, 2
      [14253, 15029]
      offset: 1
 283, 0x236c62d1be804d2d19725923d04b46e44a32483cef6a627908cf62ffd5378f18, 2
      [14254, 15030]
      offset: 1
 284, 0x3b98f17c23b0bc8397d75c6907d2e06cf0d18f90992c7fa39f25353a6f2492ef, 2
      [14255, 15031]
      offset: 1
 285, 0x0d562c5d32a1d10eada28999777646fde17dfb3de0931baf075f5a0e73bd6d10, 2
      [14256, 15032]
      offset: 1
 286, 0x32de1e4b29080ec91721b2b0924b677069458a856a0ccd1731c77651979c2487, 2
      [14257, 15033]
      offset: 1
 287, 0x369676be491ae7b069b4e56dd18b605f726025359c27626beafc19a356a1efd7, 2
      [14258, 15034]
      offset: 1
 288, 0x382987d5dea9d1bc5c2e91194e4173ae7d7a6169359916bc75152fa771ad42f3, 2
      [14259, 15035]
      offset: 1
 289, 0x2c7a5a7a6b4ebe94a8d7473cbd55160fe2ade6a6fd580a6ea3bae316f50a15ed, 2
      [14260, 15036]
      offset: 1
 290, 0x109baadcf9f22700d6b1900eaf0b55ac281820701f3960c410d764b21400c81c, 2
      [14261, 15037]
      offset: 1
 291, 0x0e2b51ebdb844d11efe8b76fef4bfe14374d58d3cd4e7e4de75f33223dd2f845, 2
      [14262, 15038]
      offset: 1
 292, 0x3f65366bada4926a6e2596e9526714ca49d8711cc0e1259a88cc811a2a339138, 2
      [14263, 15039]
      offset: 1
 293, 0x25baff6d20ea9b6eeefe94d3e7e9caec3401ef28163b3639eefb7db6b1f1acc6, 2
      [14264, 15040]
      offset: 1
 294, 0x285a4a8e11d33f778ebbabd851920cd559e93e54830c86966c819fe4531396a2, 2
      [14265, 15041]
      offset: 1
 295, 0x0799e33ac2727673f12a2232b4f5962db8837fa7ec17aafac226c57830b2e1a0, 2
      [14266, 15042]
      offset: 1
 296, 0x112f1aa0b6245c8f639fd9092908abc4e5462cd9b77bc2b14976d9afa136ef57, 2
      [14267, 15043]
      offset: 1
 297, 0x0e61dbc4a17cacd64d37cd1350f994c6de9c83a907b43854d585f89c54c094b4, 2
      [14268, 15044]
      offset: 1
 298, 0x0c7d48022ee7a511f8f0f06c7268893651fb02f6f07330d13b3c6a09b23cc4c5, 2
      [14269, 15045]
      offset: 1
 299, 0x2b09139eecc636c38c73fa5c975a73ea2d27c929cc89d5d690838f3413366009, 2
      [14270, 15046]
      offset: 1
 300, 0x1bd993d1b8244445702f44f8f5cb10c0ceeb30ba2f69a5e2f963c6ed6cc557af, 2
      [14271, 15047]
      offset: 1
 301, 0x044885ebb48e77c675559a7299fdd98cb1aaf787ae472740417662dcef3d0ef0, 2
      [14272, 15048]
      offset: 1
 302, 0x176d794d62a7fb480816dc9b5dbd2ee6aad59182df5647895771ff8df7dbf0f9, 2
      [14273, 15049]
      offset: 1
 303, 0x11f1e225f2a23f7a15331cd619c0092e0edd4a0949521f33230aa1d01a4f9a9a, 2
      [14274, 15050]
      offset: 1
 304, 0x2768411b53704404a64d156c333fe543b0a6afa831fb234da0ff196d2d63bb65, 2
      [14275, 15051]
      offset: 1
 305, 0x0389d52174e2f3ccc9079631e887867f543cbcd10142bd8bb7e60f14ad2b3bd6, 2
      [14276, 15052]
      offset: 1
 306, 0x383765945a8bbc123793374cb1f4539227b9ed9eceae72b5ad07acd28f4888c0, 2
      [14277, 15053]
      offset: 1
 307, 0x22753d853a3bc0bf5a0b70bfebc3427426c008df102b3501ad7f89cf305407a0, 2
      [14278, 15054]
      offset: 1
 308, 0x1405bf9894b26ee0574ade4d29d4564ded743d0710662b3ba64dcfe577d668c5, 2
      [14279, 15055]
      offset: 1
 309, 0x1b5542e99e249d860561af1859fecd9d14741fe9cc1d44b970cd13c60a9943f5, 2
      [14280, 15056]
      offset: 1
 310, 0x3b50a03e19f38c9b4ba5b196ca79bac6908fa6841739235d416a9da21352fe65, 2
      [14281, 15057]
      offset: 1
 311, 0x1e34f4801c259c8edb208d100319300e1d41bf4a37949f13be2f74f71712c169, 2
      [14282, 15058]
      offset: 1
 312, 0x35f7b3f18ceb34fc091312ce3e30e7489112ad4aa79e7ed90ba45489a4eac11b, 2
      [14283, 15059]
      offset: 1
 313, 0x3c67cc99a634e4c953dfa36a76ebe72147468d560599ba92c3be6ecfedb460bc, 2
      [14284, 15060]
      offset: 1
 314, 0x295809e00142a2493c6e5eeeabc17f73a94ca2c8bef6e9161e2e64f63ab8a738, 2
      [14285, 15061]
      offset: 1
 315, 0x1e644f129573e3ec3a4a258ad1d43d0c334c17ebc4a133818e1b810e070bc6f9, 2
      [14286, 15062]
      offset: 1
 316, 0x2cf18575ef6b93dd7e4fcb75ee04a0ae61b178ef580677d47f7708db4d18ea25, 2
      [14287, 15063]
      offset: 1
 317, 0x2a1151a5c5f0a65955f8f5259e13ad7f6935c7ad4c655e00c21fe3670d7d8ddf, 2
      [14288, 15064]
      offset: 1
 318, 0x3b285597a3ec37d05153f52a295cab0a84d13b02b156572341226a1a58b0a17f, 2
      [14289, 15065]
      offset: 1
 319, 0x1dc6f8a73f66455498d5c2a7c76ca77c7c1dfd374ee9495206ac8c5c7fb76718, 2
      [14290, 15066]
      offset: 1
 320, 0x245e2adddd596224d1d31a09ec7b3871202b6f100ab4ae2a4bf8c77fd201a9fe, 2
      [14291, 15067]
      offset: 1
 321, 0x3ed2d55c09ed663d835804dd2b82a7a7de6796c7bb7551cf2e643be3332cd696, 2
      [14292, 15068]
      offset: 1
 322, 0x2ec2824388499dd734645a00b6ef8fb1141c9492d2514976fc88cd36becae23f, 2
      [14293, 15069]
      offset: 1
 323, 0x3b6bf91162d46e92ea8572dd0e3296792093fb8891729ebbbcd343d23c71e2ae, 2
      [14294, 15070]
      offset: 1
 324, 0x31e08b819947d89ca274d2aa5a5ccbbd870faaed5c5135033ee2a9f2669c0142, 2
      [14295, 15071]
      offset: 1
 325, 0x1b2f680ae5188c67a913f7fbbff26885edb6484e15768bd11ce1be9559d23c66, 2
      [14296, 15072]
      offset: 1
 326, 0x13ed56996a27a06a533beceab086b90a337eb19e1863afb92f28739dadb520c7, 2
      [14297, 15073]
      offset: 1
 327, 0x3d901a8beb1809a3f635c40c18c90188bbb1aa23dbe4ce93547c418fade897bc, 2
      [14298, 15074]
      offset: 1
 328, 0x251234608c957b4d7ddbcb6c6caa0620fd8b9c52e660db599c321ac1faac5aa2, 2
      [14299, 15075]
      offset: 1
 329, 0x07b01fdec8372d13d24789e929b1d0284532baf28b2f55dfc2b740231148a9d0, 2
      [14300, 15076]
      offset: 1
 330, 0x23af2afc34ba83316ab11491aec41aee05c365ef3c2a7efb0fd8b6e577f17069, 2
      [14301, 15077]
      offset: 1
 331, 0x2fbf3c59fbf98f68053192448edb8fb08101d419ac7d93df060937d7f0d0fc8f, 2
      [14302, 15078]
      offset: 1
 332, 0x1b1bc5bf17d9e17c18cb067c745cfda6e53afd2342fea09aadcd0ed6bf47d77c, 2
      [14303, 15079]
      offset: 1
 333, 0x067bf1223d8164ba2c4c9e58317f3502eb7c9d4cb5472d79a326e8d1b2ed4717, 2
      [14304, 15080]
      offset: 1
 334, 0x3611bc6c842d0b2bee83a945111376839478a70409d4624abd884277557f14c1, 2
      [14305, 15081]
      offset: 1
 335, 0x0255d743ef50a2ad93bc5470227189cf614656b255d98c000d7aec13f51826d0, 2
      [14306, 15082]
      offset: 1
 336, 0x08eae63a261d1bbba2fdaad31915ee482247d62912ef8151f279880c5dfb0b0f, 2
      [14307, 15083]
      offset: 1
 337, 0x329b632b930cbfe1e7614b482987cc1e6901497e564e5ff021259d394139bf9e, 2
      [14308, 15084]
      offset: 1
 338, 0x2da82840a7183cbe1f09da3db165602e7430fbae8eb70ea783c0a0c8be0aee2e, 2
      [14309, 15085]
      offset: 1
 339, 0x13002160c0827d463c34695c2e756c3d61ee5a92b576fb47b52378fed2913223, 2
      [14310, 15086]
      offset: 1
 340, 0x3b59b75ad94557ab2ba7cd38d07d90dbd39822b0a0ed9f3fef226dff7defe5b8, 2
      [14311, 15087]
      offset: 1
 341, 0x3c451a6af9974f7255768a9427a2f95e434e06cce669a26c3abbe3115e446cf2, 2
      [14312, 15088]
      offset: 1
 342, 0x381789cf204865f9fa43d8f7f60ea112227dd6d93a3b06ed47656407905c925f, 2
      [14313, 15089]
      offset: 1
 343, 0x0dc91fcf6e4c5de01400743beca8cd26681d733bd17e886892135710e9a7eaa4, 2
      [14314, 15090]
      offset: 1
 344, 0x1922d5170e64d2e8e106065fa1469d9b1ead79f43aa5c38f5176aa330840814a, 2
      [14315, 15091]
      offset: 1
 345, 0x0e9a14b5cf47dc66d83ca9c46bdb4f31a0dbde95e1665b45c0e8d075180d753e, 2
      [14316, 15092]
      offset: 1
 346, 0x193f96d6aef109fa016fa335e99cda809607a16dacc31b94a292ce2ddc4b3f03, 2
      [14317, 15093]
      offset: 1
 347, 0x13aba8b3a8647bcd47a8beb10a6d74743c9ffb5a1a9fdd76b6bc0d3c3027eb05, 2
      [14318, 15094]
      offset: 1
 348, 0x3b24b04cf28903d1fcbc03a497a025a35622df2853695c3e871d09f549f18fc4, 2
      [14319, 15095]
      offset: 1
 349, 0x2a0bb51a54b1738d7283b960e71ebd0357d968c40c0721e842451f2ee036757f, 2
      [14320, 15096]
      offset: 1
 350, 0x1ca6ca179c9d49704dd9dca64d7dc8cd06105b0f4c930402f7251ce676052a42, 2
      [14321, 15097]
      offset: 1
 351, 0x0719900ca6afa69ef11a7d5b6ad2e2acea020d4de9866bdd50e7cff60488c129, 2
      [14322, 15098]
      offset: 1
 352, 0x108566600e64ac605d20bfd89786e80ad8591b1c6348615ff46e5996a3fc89b7, 2
      [14323, 15099]
      offset: 1
 353, 0x3326cc9e6fd048797e68a9648539d605cdae10d25971425b65b8afbe07e602f5, 2
      [14324, 15100]
      offset: 1
 354, 0x0315afc6c44b6bf9f4d7ce9644dc97c6447e4025a596bbe8cd9892d110faf12e, 2
      [14325, 15101]
      offset: 1
 355, 0x338f7cba9830965bc85a96e06f03f4482f1032194613a9581936f6ee2d49e594, 2
      [14326, 15102]
      offset: 1
 356, 0x096f3081afd0180e9ce551a85f9ebb263a5c424f5b546bb72b91a03cd68acad6, 2
      [14327, 15103]
      offset: 1
 357, 0x3f05dbe9479d1f920ffe29520eea6a06ccbbbfcf88d9bc87bf7d0fa2ca374dcc, 2
      [14328, 15104]
      offset: 1
 358, 0x395d59e54b8c30ca7426e705d8cf7230d7fab6d5dd3b724f057381b8487efb67, 2
      [14329, 15105]
      offset: 1
 359, 0x3508898eb5925f8165ceefb5daf806ccbc715875f15fdae516bc7705562f37ac, 2
      [14330, 15106]
      offset: 1
 360, 0x0e5c2817c57c95f073ece15b384729574295d5c772062193f15a9974c2ca80ef, 2
      [14331, 15107]
      offset: 1
 361, 0x058bb00918fd2c07b835c5215a7332ae2025bf4b05acf16a10337ec727522498, 2
      [14332, 15108]
      offset: 1
 362, 0x2b2ab1d9dd19f3a0136cf1afc637626c1b462bcf65accd6230f3add0751a6cff, 2
      [14333, 15109]
      offset: 1
 363, 0x102c35e261b4c6624b61c2287ce6180a3a8ba2a4d4850c6055304c9062d3eb04, 2
      [14334, 15110]
      offset: 1
 364, 0x313bae9fbf9f53f5f2c18c89680ebc053408c35e86ad8d978b70168b81186111, 2
      [14335, 15111]
      offset: 1
 365, 0x25a9e6f33bfb44b729563dad94bf5f98976672cc3996dcc78a9829f5535f0928, 2
      [14336, 15112]
      offset: 1
 366, 0x33e03d6c12b5f4341c907b95e49eeadbb166ce721f5881fe332455be9965cf31, 2
      [14337, 15113]
      offset: 1
 367, 0x209184ebf6d4ac2930ec11b261ed2363a3949bde4a14d13e9c0f2bd7488dca8c, 2
      [14338, 15114]
      offset: 1
 368, 0x1abaca87c0fb196b9a304f5bbeeb77b1be5e91f31cacff2a157a9c2835f6ecd1, 2
      [14339, 15115]
      offset: 1
 369, 0x1881e14bdb473c4d5bda2c78269d46d88a977c0be723ad65d2b318e0f6a7f66a, 2
      [14340, 15116]
      offset: 1
 370, 0x37d94243bf2c5a07f9fc59693feb3ba939e5dab61427a435e71042d7d7611c7b, 2
      [14341, 15117]
      offset: 1
 371, 0x3995fbe96452a459d9637d0714154e02192546a98363d9de4a8596d99fa84d95, 2
      [14342, 15118]
      offset: 1
 372, 0x1bfc138f00e4151ba22edca4f9e62bc012c753fdcceb1407ca16e0f26d555a4c, 2
      [14343, 15119]
      offset: 1
 373, 0x163c8f5314f39ec11bef35b5bb0251d34ea98de1cb17bbd2d1e09ac245e33e86, 2
      [14344, 15120]
      offset: 1
 374, 0x1bf5844b1da9116075666c05eddebfaab3db18babab665a20adc6207dfe1e6d9, 2
      [14345, 15121]
      offset: 1
 375, 0x0ebb43c60deda8c65d210f43684a2ea88358b0334209f3ced82305e9e8300ae5, 2
      [14346, 15122]
      offset: 1
 376, 0x1b230417dd86b840079c6d0e13b05036681ff66e46d93734a0c0e163a7bbab4c, 2
      [14347, 15123]
      offset: 1
 377, 0x02c7c8d0ceb25d277606539a8618917960104711495bbfcbcc8155df8cc8d7cd, 2
      [14348, 15124]
      offset: 1
 378, 0x0cb6baaec0d9f86a7195e06eb0c1a52b7dec817411b0257a1a79bc770c13d712, 2
      [14349, 15125]
      offset: 1
 379, 0x24ac4ce666842960e2b2ed50d042ae733a530e12e35b8abc4fe24b7016cd9206, 2
      [14350, 15126]
      offset: 1
 380, 0x3ce06fdd3adfeec12abd9d84ed38836eff2e9c20d62863ea9c9a7954c4dba6a0, 2
      [14351, 15127]
      offset: 1
 381, 0x229c2acd0af45bbe08b823f865de725cc02fea551c0a2f8dc5830094778f2733, 2
      [14352, 15128]
      offset: 1
 382, 0x1b3d5f44cebe5c830410bcf9c9c029624be739375cb25a76a41ea6f3dd5d0565, 2
      [14353, 15129]
      offset: 1
 383, 0x2122094141bc2b858b93c433610ed99f8aa1ad4307bbb4ef93e121f33e1f0637, 2
      [14354, 15130]
      offset: 1
 384, 0x1e0b7da5fbf2fa0e513f8c5ad43bab272b9dd7cbfe993a75705280a180dbe59b, 2
      [14355, 15131]
      offset: 1
 385, 0x312196b3e9468f625646f7472c89c5cecdf81fb720bb12b07d91d9e55dbf8c26, 2
      [14356, 15132]
      offset: 1
 386, 0x17700bea790237c502d8b405191f070a2be5a5c5216438e87b66408890007b94, 2
      [14357, 15133]
      offset: 1
 387, 0x1fcb43ec341facae63242f1db1444c555ad47195fc2fc82130ae607632b138d9, 2
      [14358, 15134]
      offset: 1
 388, 0x3c8352cd3dd0883dcf09b4c165b3c5643f27b80ceda7472a623f8d179c5c582e, 2
      [14359, 15135]
      offset: 1
 389, 0x0cfc032ade6cd7dd7822f67acc3c652311994eac3f772891f824550037058767, 2
      [14360, 15136]
      offset: 1
 390, 0x1ca22bbb80ffec378ac72d42e3658327fd80bd28031a5c40575effced07a72d4, 2
      [14361, 15137]
      offset: 1
 391, 0x342a78ab6acd0572927bab004f0d7ef5925e7ea29e1dde53f94c7a30971ec387, 2
      [14362, 15138]
      offset: 1
 392, 0x31fc1fddfbd2e4fdd4af2f4564d31e85486aad5b53220b6a651e1199c5ce40be, 2
      [14363, 15139]
      offset: 1
 393, 0x3bfe5517e50ab352892306a53492975126fc198723a5441a20fc2e3d47e2bc57, 2
      [14364, 15140]
      offset: 1
 394, 0x0b23deec2b66ab5ae4314890caf948f0aa697ab0d40152e53ce37cc04b6c2e1b, 2
      [14365, 15141]
      offset: 1
 395, 0x1cea7e0887dff53560f8dad068165ac9e74e604d5a1bc032f65c57e889a46692, 2
      [14366, 15142]
      offset: 1
 396, 0x01c002c4416d7b35c7cd2a7fa0d1bd4b09e459565b4693ba11fa1588f271d917, 2
      [14367, 15143]
      offset: 1
 397, 0x19ec030f9e90cc62e30ba3ab60d10b8a07d0372a9fdd22b7362d85b8997a821e, 2
      [14368, 15144]
      offset: 1
 398, 0x0bec52e7dcc24b8b048363621390544b42a813e6f42c5ee6d5e066a47d710974, 2
      [14369, 15145]
      offset: 1
 399, 0x3d8406ba515fc9e908522c41adac12488c1ea7dc2db5b7415c8706a2c9e65a73, 2
      [14370, 15146]
      offset: 1
 400, 0x2a4326c9feae43ec925d6559942e4f5d1c7cadc408ab6d40822b54ffbd77103c, 2
      [14371, 15147]
      offset: 1
 401, 0x1398150ad76ee76f3349f511a04c18d63652037dc93fc2b18339483ec4931285, 2
      [14372, 15148]
      offset: 1
 402, 0x35d2ea3d506c3fffb8baf27b60a7334869742b31c430e3d048b2e84237deed20, 2
      [14373, 15149]
      offset: 1
 403, 0x267c0d29fb055f72c99e27e8c40ff9550b99669d2a39b282c4786a5e229e4b32, 2
      [14374, 15150]
      offset: 1
 404, 0x38e438b23d47fea0c4651da41cce635baf6e001137b9c419142001744c8ec6dc, 2
      [14375, 15151]
      offset: 1
 405, 0x29d57e41c92cea6587a5e85cc969a4fd45c2e6627c42ad77d63febb5a5920665, 2
      [14376, 15152]
      offset: 1
 406, 0x2c540f309e9ceaae1d5f52a3f6a53f6399bb5a7e850cdd3c4554e6b7d59bf163, 2
      [14377, 15153]
      offset: 1
 407, 0x056591d9d135d2b2c03923e222758d6a0798967981ebde714fb9c2100a5f2d4d, 2
      [14378, 15154]
      offset: 1
 408, 0x3285f878e733d0bd6ed64de261ccdd561b25e819a7f57fc8e99495b6803bfa52, 2
      [14379, 15155]
      offset: 1
 409, 0x0cd2cea4e082165f0af80a68910c55ca4438e7fae90595dee9b00b581eb0d6c6, 2
      [14380, 15156]
      offset: 1
 410, 0x1924f9609f5d72007b9229bfa7499d42bf9ccd0bbb6fa010722c76d1f70b108f, 2
      [14381, 15157]
      offset: 1
 411, 0x2e4ff145b05d9f951221d09f6fd7911bcaf4d11303bca3dab0a81eb161b873b9, 2
      [14382, 15158]
      offset: 1
 412, 0x0e591e2bd9d7f2a3ce5f89639caaacc22bc6cbd8225d9754b905d5430e42970a, 2
      [14383, 15159]
      offset: 1
 413, 0x028a105ab8288b8babcbaaf991536f84b73d1fb8278667385df4da5887d13dc9, 2
      [14384, 15160]
      offset: 1
 414, 0x14c1baface9a0cc2546659f2550ca913d80bff6d7068ea619e6b05cb00625da2, 2
      [14385, 15161]
      offset: 1
 415, 0x29975531df7ce5ca71563fbf1aa8f4592f372165fe7dcbe95c82e07bc54eb1ab, 2
      [14386, 15162]
      offset: 1
 416, 0x2b50068fa460083c654cbb8fa9a1b88e1865a2d3240cd0b2b8ea2ce351d51518, 2
      [14387, 15163]
      offset: 1
 417, 0x2be6ddd44a0220edb5ebaeaf8a2278ba04d37a7492081dedc8158e587c4edfe9, 2
      [14388, 15164]
      offset: 1
 418, 0x1c130afdd0d9678a6bf2cd64530e01624b3be5680492d3631b0457071d75b30f, 2
      [14389, 15165]
      offset: 1
 419, 0x2ff0bfe1a2493228b0f2232b89e29a83daef7d058bcd47d61163e8e549cc9a3a, 2
      [14390, 15166]
      offset: 1
 420, 0x208d044286036a53781efe31ad255064d84380cb952ec4d185810b868be53c0a, 2
      [14391, 15167]
      offset: 1
 421, 0x270d04cd192e313c5cdb66c655a2083f15a2de6571aa78c7a47d8302ce723b41, 2
      [14392, 15168]
      offset: 1
 422, 0x15ff51a328ecc91736465b2bf660f8568db83b0bddac12663ceeeebb6d1d40c3, 2
      [14393, 15169]
      offset: 1
 423, 0x1a321115ff5ceba4bac04c6ed50a0efadf5117d03e26add56a6ead3dff61ee90, 2
      [14394, 15170]
      offset: 1
 424, 0x093eacae06db0d66cc967d4df2bb3d97c548739a7b75c9557efc8065031b2606, 2
      [14395, 15171]
      offset: 1
 425, 0x3af9ecd710e219eac32dd7941ff6941b767b20b3863a66e43e4263c1c100a9e4, 2
      [14396, 15172]
      offset: 1
 426, 0x09e22c59e47714da62132ffbeb801ca899bebfcccad92afe213a8261bed929b9, 2
      [14397, 15173]
      offset: 1
 427, 0x03edd4d1fcf9809325f6108f7a4f6bbb4db50e813fa5ac664d1a81cdad36b2e9, 2
      [14398, 15174]
      offset: 1
 428, 0x0e56abedf4f8bc27cc916c3205519c6afb5795236104f3c94ce2efaf0e063735, 2
      [14399, 15175]
      offset: 1
 429, 0x0000000000000000000000000000000ca087c5384bc924e2615275a9cfdd34d8, 2
      [17198, 17519]
 430, 0x31453843e8425c4494e4a84f931e15401096c153547acb0830396dd115d6eaee, 2
      [17352, 17392]
 431, 0x3c25e188cdae7d18f8c3deacf8d1f686e3793fb674e74863dd2003ba1f512290, 2
      [17432, 17472]
      offset: 80
 432, 0x1cb002d58b812e24ffd2d9dbb0dd478997c93de17524d82ba27bb5f10505692b, 2
      [17530, 20327]
 433, 0x1b99b1acd29227df50b2f5b896c1b052b5fef25e994822a38b588bde16a0d6c1, 2
      [17693, 17695]
 434, 0x30506c27cc5a9fe205d0fe0cd6686810f98ad1c05677648a33b3f2e010eca30b, 2
      [18187, 18267]
 435, 0x21f238b1d07afb33873d69fbd43fbd953e6c1db93fa84a950fb6203d5ae7edef, 2
      [19346, 19994]
 436, 0x3cc75937eae58a3504c714e396103222cb7464a6d236e6a064b13fcf060ef795, 2
      [19494, 19505]
