scalars length: 10329
freq>1000 (count, total, %):          2,       5471,      52.97%
freq>500  (count, total, %):          2,       5471,      52.97%
freq>100  (count, total, %):          2,       5471,      52.97%
freq>20   (count, total, %):          2,       5471,      52.97%

top values:
   0, 0x0000000000000000000000000000000000000000000000000000000000000000, 3528
      [2, 3, 6, 9, 21, 30, 35, 36, 38, 46, 48, 50, 51, 53, 54, 58, 61, 63, 64, 66]
   1, 0x2405f583c68a368e3b3603bc4b337f3a1bc0909748320f9d6723fd7e582bbb68, 1943
      [39, 40, 45, 47, 49, 52, 55, 56, 57, 59, 60, 62, 65, 71, 77, 78, 79, 80, 81, 86]
   2, 0x1d2a3bc50a7b7c163ba6a889d057f8cb1a114f345ba5d0296002db3430331d40, 7
      [3742, 3744, 3753, 3762, 3771, 3780, 3789]
   3, 0x028f655ea6475475da4a268f8ecf43e7cf4cc19b2d19e8b5e0bae909592c36a5, 7
      [3743, 3745, 3754, 3763, 3772, 3781, 3790]
      offset: 1
   4, 0x2fb09b283ce07e92def38113241c7c4f5085622953badb9c8f08afa75903fa93, 7
      [4957, 4959, 4968, 4977, 4986, 4995, 5004]
      offset: 1214
   5, 0x2da8807de41e38d052996965f8fdb93e6cad61a25bb244ffb5d160a7a81008c1, 7
      [4958, 4960, 4969, 4978, 4987, 4996, 5005]
      offset: 1
   6, 0x1a53a4ac2c037164dd96c858e3edb82a11c27b0f1bcc39821738d88cd62e4e33, 7
      [6604, 6671, 7256, 7323, 8504, 8571, 9223]
   7, 0x008f76b852af960fc348d9518a5df54ab593bd39308146aa1df1970d6c5cc261, 6
      [3229, 3231, 3240, 3249, 3258, 3267]
   8, 0x187560dab673b790065b4c3499b4e7c03ddf042ec1d10e7aa4d6bf090e04d583, 6
      [3230, 3232, 3241, 3250, 3259, 3268]
      offset: 1
   9, 0x3ced30fd8c51f3eef8a30a4f9854fb8a8f90b03d184a2172835e9e2db6eb5f85, 6
      [3544, 3546, 3555, 3564, 3573, 3582]
      offset: 314
  10, 0x3e475f5d68e6654158f4dad6157541f108f0968567ad64663d2f81ba4e41f22c, 6
      [3545, 3547, 3556, 3565, 3574, 3583]
      offset: 1
  11, 0x3104738eeec7c0944be685a973e87905ad1db471dd48332759f3c54196a205ef, 6
      [3885, 3887, 3888, 3904, 3907, 3912]
  12, 0x1678eaae2c2b21bdcd81eeafd36ec6ab36c1265fc2123809ac7f807c896602d7, 6
      [3886, 3889, 3890, 3905, 3908, 3913]
  13, 0x20dbe1dc805dfd6ab1fc47f351e91a23a74f34c3cdba87e5929dafedcd2d4666, 6
      [4444, 4446, 4455, 4464, 4473, 4482]
  14, 0x27b3f5c4f3f023640192ae4f33b19a15bbbe05da06286a59daf978b37cce49cf, 6
      [4445, 4447, 4456, 4465, 4474, 4483]
      offset: 1
  15, 0x2d5c49ece2bb7ecff17a62e54c01b055595567e33d34fff8b8b0a5f42dfa859a, 6
      [4759, 4761, 4770, 4779, 4788, 4797]
      offset: 314
  16, 0x2567f6d53d169683ebbe9b300eb86c27797bad18dd0f987142e7b8715d079fc1, 6
      [4760, 4762, 4771, 4780, 4789, 4798]
      offset: 1
  17, 0x2556f680da7ae4c7ca38e111a5ce77265f39936cd2ad2bf0183db4b9de740e2f, 6
      [5100, 5102, 5103, 5119, 5122, 5127]
  18, 0x29cef0d522af8f25e980d3b65c5cff209c107fbaa578c67c827a7349577b9662, 6
      [5101, 5104, 5105, 5120, 5123, 5128]
  19, 0x15c9dbe06d291c0b73f1259f24749857ff3260e4e8ea2381acdef0bd5692c396, 5
      [2788, 2790, 2799, 2808, 2817]
  20, 0x1445db1cdfd7594944775ffd848b44f49f3f0aecd0cce692e59936c0b479fdd5, 5
      [2789, 2791, 2800, 2809, 2818]
      offset: 1
  21, 0x2ea07aac2b0094bd65aca46cc886d57ff4f753112713b3ed4ecd29a31a62da17, 5
      [3004, 3006, 3015, 3024, 3033]
      offset: 215
  22, 0x08ea8c676e0c6e3e27c78167019fba36747d329798dd84ebde0bca5029933838, 5
      [3005, 3007, 3016, 3025, 3034]
      offset: 1
  23, 0x2ef1c901d7de16b9d280edfddd6a41023bb7537a33fe41d37f2e8edc143d8aa0, 5
      [3058, 3060, 3069, 3078, 3087]
      offset: 53
  24, 0x21b82d63509878ec71a27e48960f31cf57f1a2adf9d0264803b9777ed641fad2, 5
      [3059, 3061, 3070, 3079, 3088]
      offset: 1
  25, 0x0d3e2e9deb640624868e4d13a9bddd8ed41a5643b80eb74cb279d248ae7d4219, 5
      [3310, 3312, 3321, 3330, 3339]
      offset: 251
  26, 0x18c9849353e15247c6d590a44a879bbaeabd57243ff6b5f1739fb84c2999e3b1, 5
      [3311, 3313, 3322, 3331, 3340]
      offset: 1
  27, 0x2042ebd9fedb5a3d996f79f62bd17700047cb5a94743fe4cc6365fe780a8ad23, 5
      [3382, 3384, 3393, 3402, 3411]
      offset: 71
  28, 0x3c118a260bd7c8704c22fc2c9c330cbb29eefae7973e2477ed7be7bdcf07222d, 5
      [3383, 3385, 3394, 3403, 3412]
      offset: 1
  29, 0x063e29dbaa020d1a4b8ecab2f7ca5538eabbe347aa4d09c1a4c2d24ff9f2717f, 5
      [3922, 3924, 3925, 3941, 9225]
  30, 0x3f5168fba347d0aa872de4ef146d2d5489ba2b954304ba5e2e9c495bbfaca6bd, 5
      [3923, 3926, 3927, 3942, 9226]
  31, 0x2d372ee77e3cc94bab348522ce2462b3bc1da4ca869a13709b909596532e546e, 5
      [4003, 4005, 4014, 4023, 4032]
  32, 0x2a585b120f3cec424c03b5d2e266cdc637ed1be74b6b049f2937f517acf844c8, 5
      [4004, 4006, 4015, 4024, 4033]
      offset: 1
  33, 0x2a8f96fd1d6d22e90577d2cc2fb366b995acbffe84a7516147af821e9b70dbc5, 5
      [4219, 4221, 4230, 4239, 4248]
      offset: 215
  34, 0x22a004bc6ea67231d6c543e83e276a3f7cba9e143d18cfe576d165c6c8bf5137, 5
      [4220, 4222, 4231, 4240, 4249]
      offset: 1
  35, 0x1e7985ab0d7acfd00b7c71782669f7578ed3b1867ac771359b17fff26eea7727, 5
      [4273, 4275, 4284, 4293, 4302]
      offset: 53
  36, 0x2fe1ea0cdcfd4365de2bdb44ad1102b485b0e21893902653fa8c16d4845d4e8e, 5
      [4274, 4276, 4285, 4294, 4303]
      offset: 1
  37, 0x0cd014aa889f180e499be5d01bc43c6bcd57d8ea847c33ae44ca7224f1078a3a, 5
      [4525, 4527, 4536, 4545, 4554]
      offset: 251
  38, 0x2707e240d7bec2152d89bae9f4e26127e29462d559c72cd9737c80d8351adfda, 5
      [4526, 4528, 4537, 4546, 4555]
      offset: 1
  39, 0x2b7da70cd20083cdbd6cd8a281077abbc21e671fc3c1a6b1a1e0dbc48d77f1f5, 5
      [4597, 4599, 4608, 4617, 4626]
      offset: 71
  40, 0x372796455c60b50a8532ac70d5b3cf41e08eb9d23f340ea5d5d7d4108a0c114a, 5
      [4598, 4600, 4609, 4618, 4627]
      offset: 1
  41, 0x2dd95cce3132380a55108873553edc5f5c0d112bca8a69d16816723633938b04, 5
      [5137, 5139, 5140, 5156, 9228]
  42, 0x1f9afa5fd38b299ba5d5c07ee1018931196d8c79d4d013a56040063259a67f6f, 5
      [5138, 5141, 5142, 5157, 9229]
  43, 0x221b326d43b1f938f2b1bc33b9edc43b9bae75db2c9b0b550ff6284da86d4ea8, 4
      [2824, 2826, 2835, 2844]
  44, 0x034644d0221b3a5397899e5be16a742d6d4b8a87c5e4bde3aeaf08a71d1ba305, 4
      [2825, 2827, 2836, 2845]
      offset: 1
  45, 0x3ad6cf4e8fe3b091095a47f91b414ffe267f90b27667ac6dc5363525a49439fc, 4
      [2896, 2898, 2907, 2916]
      offset: 71
  46, 0x3fd79123d56988d384a3f3867927d8ff6aca458dd4a7af04aecb4c5c08e60928, 4
      [2897, 2899, 2908, 2917]
      offset: 1
  47, 0x370da5ee9045e27951de9495c7d43014bcf135c01da8b4b7210b7cec55ad0ec9, 4
      [3157, 3159, 3168, 3177]
      offset: 260
  48, 0x0c569af55309c059619f99a6f788c067156315135e93af000775a7992b21d1d7, 4
      [3158, 3160, 3169, 3178]
      offset: 1
  49, 0x1cebf7979168dbc0e482a171905d221f05a086482528bef197afb37b3242bfc2, 4
      [3283, 3285, 3294, 3303]
      offset: 125
  50, 0x25e1bda1490c61215b4b523c12387634dc5f69b9a160d53a29f804e9dc233a7b, 4
      [3284, 3286, 3295, 3304]
      offset: 1
  51, 0x39f0c91440c630fd72205283e0fc668e7ee3cfa8c221926d29f184b693ff056c, 4
      [3427, 3429, 3438, 3447]
      offset: 143
  52, 0x12a44354963eecdec9c4badcc9bff609fc2da4e3cffed9cbf2fb4940559f9d4d, 4
      [3428, 3430, 3439, 3448]
      offset: 1
  53, 0x0a96448ff5673048428e1ab98b5f285ee537189b27a31cfd6061f9f5fab6daa5, 4
      [3454, 3456, 3465, 3474]
      offset: 26
  54, 0x25f58563220937f3d703ebc844893f4b4feffec31ecaafa9eafd549478a00324, 4
      [3455, 3457, 3466, 3475]
      offset: 1
  55, 0x368c92d112ba30df29cceb7936a4643b8e3aff9c66f092367da5f09b1096276c, 4
      [3589, 3591, 3600, 3609]
      offset: 134
  56, 0x203413809ebee8aab4c3e01633fab8f1f54c5f4ad60a4619a7829329fcd5d2d0, 4
      [3590, 3592, 3601, 3610]
      offset: 1
  57, 0x1d15c2d8961a163cfbde4070d791cd4c41ba005dfbf06e87c4b978c2e6917170, 4
      [4039, 4041, 4050, 4059]
      offset: 449
  58, 0x0c0539f746b4e3e49400e7b765909384a6676107eb16c299642bdbd2f7e331b3, 4
      [4040, 4042, 4051, 4060]
      offset: 1
  59, 0x3a65d3e50caf1c27aaf7339687ff60be6874e5b9017ef8acea3f99274642b6e9, 4
      [4111, 4113, 4122, 4131]
      offset: 71
  60, 0x01e43aa168687a7905cb7088eca5cb549ecc85b66dd1859dc128d2c55dc77af5, 4
      [4112, 4114, 4123, 4132]
      offset: 1
  61, 0x3dec1dff56eb4c54203cbd75beaf3cf8b480ea7428e3bbe0ae5705209002c8f8, 4
      [4372, 4374, 4383, 4392]
      offset: 260
  62, 0x11cca7769857483722bd6534a3ce1e57de1776284ff5a5b5f658f5418ca8e28c, 4
      [4373, 4375, 4384, 4393]
      offset: 1
  63, 0x3d7d1407eadb1fe76a42207b21ae812b7cc1c4d120ea60e4d7c37caa86fe7e7c, 4
      [4498, 4500, 4509, 4518]
      offset: 125
  64, 0x2a8641007c6e8c4b95847589fbc43a72878c59ad252dd1cf709027109f8722d5, 4
      [4499, 4501, 4510, 4519]
      offset: 1
  65, 0x0b4ada9731699d7c3096147a0b1dd8feecb89236b5bf9a9f66147dd07d30946f, 4
      [4642, 4644, 4653, 4662]
      offset: 143
  66, 0x0e5b626842e0b7277cdc0cf3daad72957e94a8307ba8e5e2b097d58213539499, 4
      [4643, 4645, 4654, 4663]
      offset: 1
  67, 0x02e17e9a78ba93d3de1987e72002ad1f61405929426f3d3bd85d10b50fc0b52a, 4
      [4669, 4671, 4680, 4689]
      offset: 26
  68, 0x201c806987b8897e80a3815f8f920c57e1155223f1087cc33dbd0906da59a5f6, 4
      [4670, 4672, 4681, 4690]
      offset: 1
  69, 0x35b3a98fff4f4b716956dbefd4258b6585bb5c78b1e05875e07b05bfe2dd595f, 4
      [4804, 4806, 4815, 4824]
      offset: 134
  70, 0x0542b7c09fbcb320a0928690ae6e50327eab5261915b9ebe3e031c7c980259e5, 4
      [4805, 4807, 4816, 4825]
      offset: 1
  71, 0x0e70655b5b74493f70c5f0808eea703458a886c7bd230a4713f37295544f62c0, 3
      [19, 2736, 2745]
  72, 0x0c45ab2060894471c2fdbbfe759c96cc62cc7d48bad285ec1ec42ac0bbf4dd04, 3
      [20, 2737, 2746]
      offset: 1
  73, 0x14b3a8b5c30a1e507dcac4a1737733a85ff0d2cbd79a97e99ec87a7894766a9e, 3
      [28, 3951, 3960]
  74, 0x23ba289924fd03df4e80562d22d75a7f7b6d642db5e1ea30507ac9d044dca4cb, 3
      [29, 3952, 3961]
      offset: 1
  75, 0x04d10cae3dffc83af3a87d466d600765442731202a831db3a4b8c1e5f0e719bb, 3
      [572, 1653, 9253]
  76, 0x16ca700198776d5752b723257724dfc2110bf7811e9336d5538ce7abac53c618, 3
      [573, 1654, 9254]
      offset: 1
  77, 0x1a109132ac30d481c0c654fe7ac70c21e39e3853443d35a2ab15a32135180a90, 3
      [574, 1655, 9255]
      offset: 1
  78, 0x246f8bf02a61190d77a4bd695c30766e0c0f4ba923f1d33f44ed8412949df3ef, 3
      [581, 1662, 9262]
      offset: 7
  79, 0x217c3431d2a44bad4532f2785a2ab325adb17dd386a2e539aae70de70994cc64, 3
      [582, 1663, 9263]
      offset: 1
  80, 0x35c511b7db273f10e5275c6584d6daf204c5d25cdabc0eef8cf7f450001e2dc2, 3
      [583, 1664, 9264]
      offset: 1
  81, 0x1152f1c2bf280ddb737eba156f61407f7171833f9d5a68d0c24b5e25d47e42cf, 3
      [599, 1680, 9280]
      offset: 16
  82, 0x3fa94f259f397959ba55ca864d1987b9779b07f8c6c4614adab673e54df758c2, 3
      [600, 1681, 9281]
      offset: 1
  83, 0x1659250da9d29b30f05f5bab63e67c0a0fb2be9e3439b01dbcb1aebc662f5f80, 3
      [601, 1682, 9282]
      offset: 1
  84, 0x3f51b1132a6322e9facb0f15bf9ca92b74159fd1d7a7e90c7699a293e1f5642e, 3
      [629, 1710, 9310]
      offset: 28
  85, 0x2c7900042fce822fd980740bc313e56f7045e5f5e2db3cb896287fcb797ceb6f, 3
      [630, 1711, 9311]
      offset: 1
  86, 0x273463b4199515558fe679aa6d07c148488448b8ed77d3b097c98f9066214169, 3
      [631, 1712, 9312]
      offset: 1
  87, 0x125398dca724cdb3c7626163e7db1e4d922ed10cd82b02f6341f2e8032f672b3, 3
      [632, 1713, 9313]
      offset: 1
  88, 0x265769b1bc27d4c9c0949aad0fd147faa8886c4c69d5dc1c8a18c14f8677dabd, 3
      [633, 1714, 9314]
      offset: 1
  89, 0x093a9b38bf3106d086bd5a7388f7b7e1d916930dbe887ea7d7589c8669d6d167, 3
      [634, 1715, 9315]
      offset: 1
  90, 0x35b498f9ffceb6582080255cdf454a2d4af0373a9a1ce4a52e45a93598e075a3, 3
      [635, 1716, 9316]
      offset: 1
  91, 0x09297586944675e2f543a856adf2afff8d1bdfc7f74de8535bd60eea4108e863, 3
      [636, 1717, 9317]
      offset: 1
  92, 0x2067c7ef216475958b603400d40021531dad818ef7b02ea3ce5288cc690c3530, 3
      [637, 1718, 9318]
      offset: 1
  93, 0x19cb26fa39754553e7192359e952efff864b691d2a978aaa7d29f25fccacae1c, 3
      [638, 1719, 9319]
      offset: 1
  94, 0x058e4fe7b8643ef17394ec4d3659883e5c749387d12c439d1411ea43b224b585, 3
      [639, 1720, 9320]
      offset: 1
  95, 0x175bf5578b9d06b3e25fabc7463bd4a92bdab4691a3b01da132dd97800ebd443, 3
      [640, 1721, 9321]
      offset: 1
  96, 0x1fcc1172c99dec2076c6fba80719486b8ed8ec7a3897d3bffc99ff6bb513a546, 3
      [641, 1722, 9322]
      offset: 1
  97, 0x19e95d19b6424095ab83a091e66bf2425966c74583ab95e2618c4032c12f13a0, 3
      [642, 1723, 9323]
      offset: 1
  98, 0x1d8d66170fabbdf79e731093899b68214ebcf1a58b69b91d8f90c7f828763b3d, 3
      [643, 1724, 9324]
      offset: 1
  99, 0x12cdefef41b53a63ce35642073eea33f4d9133e7e459a4f834d7964250c66d6b, 3
      [2752, 2754, 2763]
 100, 0x24bfc4539b173232fa98344d2bdc1b869946d5d0d24383103cb7191845e08861, 3
      [2753, 2755, 2764]
      offset: 1
 101, 0x37e1a433e7d2b20d155f049087325099231080ccc27fd0495efaa9cb660fe103, 3
      [2770, 2772, 2781]
      offset: 17
 102, 0x164f5cdff273c0898cc210ea825ea3fbb50d19343493cbdeb7f857dbc2e1f716, 3
      [2771, 2773, 2782]
      offset: 1
 103, 0x0ac22afd9a4a1ce9b9c54bbb62911518498b25b5a99abcbf3ce9844aab143df8, 3
      [2851, 2853, 2862]
      offset: 80
 104, 0x199ce86b752a6a300d6d207a8a79cf45464ebfb96fe515db93ef43e935746fba, 3
      [2852, 2854, 2863]
      offset: 1
 105, 0x3bf9e125edca4abdba1af97171c32c477f3c8a2e04c87655835b04cfab10b346, 3
      [2941, 2943, 2952]
      offset: 89
 106, 0x1e1ea71fd0cd336d783021281f95e47dcd526aebccc476e1c45ba82504d20588, 3
      [2942, 2944, 2953]
      offset: 1
 107, 0x236f13ace21d8e14700acbaf8bb9d7aad70378695f6d88ee4d43f562bf6ebdc6, 3
      [2986, 2988, 2997]
      offset: 44
 108, 0x25ee90e1d19634841c619258655dd1f4ede5b9820293e3e4b37d0874a4616339, 3
      [2987, 2989, 2998]
      offset: 1
 109, 0x1fc8c4f27aa7eef9e4c99ba638fc97cb9b2fca986b2ef8ec8294d4e25511e3bd, 3
      [3184, 3186, 3195]
      offset: 197
 110, 0x1960c3795242087d42eec3d523086d44ed55437b96ac97e5b5e1af488f2dff70, 3
      [3185, 3187, 3196]
      offset: 1
 111, 0x23084dec6a3f7fcb5a09d255c1aa66ea01aff5699c7b430a890117aac510d26a, 3
      [3211, 3213, 3222]
      offset: 26
 112, 0x13b6f51fc20792762d888d8882afdb2ed64f8e3ddbf8e4aefa9cb34c2e410737, 3
      [3212, 3214, 3223]
      offset: 1
 113, 0x266d5e4dfd5e57ceec3a2b7e57b8fc3457491e3c4f05fbcc6d5f6779d128a6e4, 3
      [3346, 3348, 3357]
      offset: 134
 114, 0x152bae2e450a60347f6031b48556b191e9188a29d3ecc095b965eab62726581a, 3
      [3347, 3349, 3358]
      offset: 1
 115, 0x148327e4440d3facca6e05cf17dc1bd6dcfbd44f1aec92a08781848dbd4c3e01, 3
      [3364, 3366, 3375]
      offset: 17
 116, 0x2a2487cccbef02f277cfc6c16ce173a92816292cb2021d83dac2c5702fe3b3b3, 3
      [3365, 3367, 3376]
      offset: 1
 117, 0x1b890403e5732d6dc83a64d5236175b3eb4699ae3082c98edb0beecc82540acc, 3
      [3616, 3618, 3627]
      offset: 251
 118, 0x351cd7de23b583c05cdab5f4c7f6b99bdf5a3e41054e278d1ea71a920270a46b, 3
      [3617, 3619, 3628]
      offset: 1
 119, 0x015e401f214e66d578ce3e4602f4a2acaa26d736caab94aa93d6b534f467c67a, 3
      [3634, 3636, 3645]
      offset: 17
 120, 0x3aaff3978ac6217e9b6b30ff5b6ce4db1d3ee991a46469d32adf37651483100a, 3
      [3635, 3637, 3646]
      offset: 1
 121, 0x29f0d88f8e247aa2943c8d3748ffdcd84dd5b83c9ac9bf481a1ae992651f2918, 3
      [3652, 3654, 3663]
      offset: 17
 122, 0x1dce50e929246031f192422ba8fdd598ff6852bb670583cb7f41c790df922996, 3
      [3653, 3655, 3664]
      offset: 1
 123, 0x0c68978e1cdd94cb0d6716b474e70347317cbeb33b357925bc98671e87f7f956, 3
      [3670, 3672, 3681]
      offset: 17
 124, 0x1219e1e4345a0b226f9309cd0aa0d739ed1c3528dd17c335aab3919544a07f92, 3
      [3671, 3673, 3682]
      offset: 1
 125, 0x08558b5d4554607a2612b9d8068189bb29aafebde4fe7d3687013f5f2e4b6548, 3
      [3688, 3690, 3699]
      offset: 17
 126, 0x253f8bdea18fa03be47d6dad6e970eeffb54d87eb0a668a9a178e29f14bff07c, 3
      [3689, 3691, 3700]
      offset: 1
 127, 0x2d2388aa1dc8532d8ed8782312339b94fb6df5c006308a548e35f42003ead2e4, 3
      [3724, 3726, 3735]
      offset: 35
 128, 0x1928c16c5dfa51c7ac59b1da647f6df2dc92a9392dbe4ae0454927e92cb937f9, 3
      [3725, 3727, 3736]
      offset: 1
 129, 0x0964f60f732a84d4ef3811d1322d1b251f78d96718b93b1840b5d9afa0c3460a, 3
      [3832, 3834, 3843]
      offset: 107
 130, 0x0ff408593701b62207fc77c088de741462095755e9a667fe4d048e94330885c4, 3
      [3833, 3835, 3844]
      offset: 1
 131, 0x0a1d5b929a195b9af173c9cf42f811e2f699dd84125a24533937b0b237af02bb, 3
      [3859, 3861, 3870]
      offset: 26
 132, 0x1f726c168947d44c0bd4866edca445e6e85009e996f6441643da9e3966ac21de, 3
      [3860, 3862, 3871]
      offset: 1
 133, 0x3150cb14163f81ee1cd8383836142e1efbfa665b0d7606ad44d2b674ef25b571, 3
      [3967, 3969, 3978]
      offset: 107
 134, 0x3e1c484370ec619f68dc42d4bdde30a40e3cb1f929570b2487ff137228ab1963, 3
      [3968, 3970, 3979]
      offset: 1
 135, 0x18092ea0d3b5d2daa32c2020cbc7235fa3122f37e196032a58d2f6fe4f5f96db, 3
      [3985, 3987, 3996]
      offset: 17
 136, 0x3c1d840d0f58e927ff556b9a1200d3b577c7ed507c449207b8df874875822191, 3
      [3986, 3988, 3997]
      offset: 1
 137, 0x147b24788a0de362b08a9942c35385c9cda0aa772cba4ce397aa1ca5ccf3e46a, 3
      [4066, 4068, 4077]
      offset: 80
 138, 0x3f36aab182577100ad0e82fd06e1fb9b694a0fb58876ab99d9b0591e71b63b1c, 3
      [4067, 4069, 4078]
      offset: 1
 139, 0x18c3bb1f57627dfd946e18983eaf594dd21ce53e151166654c93105bceb37bed, 3
      [4156, 4158, 4167]
      offset: 89
 140, 0x27881c8480a90719dc68a3757e8d7bb8c323939c7c721b30da1130ad376e689f, 3
      [4157, 4159, 4168]
      offset: 1
 141, 0x121e8cc842e421897417168b7b14557eb6671a3d0ebf5c7976e906161a4892c8, 3
      [4201, 4203, 4212]
      offset: 44
 142, 0x026e715ef8b789d98ba755beb7d036f8e0efaa05ab987f6cda2ad1b6185f4533, 3
      [4202, 4204, 4213]
      offset: 1
 143, 0x31511072d52e28bbb24ecaca59be09ce60582d3f80aaf18c7930d61d8c4a5ca3, 3
      [4399, 4401, 4410]
      offset: 197
 144, 0x10f5708eacb4fc74cb80ad6839747c04f8db171f549ab59c9d9b124d39ee0dbc, 3
      [4400, 4402, 4411]
      offset: 1
 145, 0x20b0156991f2a6d7989977bae70f5b068ceb8a1e4e495edcc44864619c8157b6, 3
      [4426, 4428, 4437]
      offset: 26
 146, 0x251f3c1afcadc2224857411ae69dd6168d14c7eccb868d7a89ac40f1677a1e0d, 3
      [4427, 4429, 4438]
      offset: 1
 147, 0x0d19ba85037e23cb1458ae3bff99337cfad2a25b265ed47a92e10585f4db9a9d, 3
      [4561, 4563, 4572]
      offset: 134
 148, 0x12ab35fddfe4b8c124f0af1f57bfcb0b26ae4f40a8333c19deda0c713f4a89d8, 3
      [4562, 4564, 4573]
      offset: 1
 149, 0x3abc8defabb2f08422cf95a5209ce988548e3aba82d662e47c8c1ead90e61e34, 3
      [4579, 4581, 4590]
      offset: 17
 150, 0x067178e0772333b9f71e65f06f1440797075cbf634020e001a787195244fbf06, 3
      [4580, 4582, 4591]
      offset: 1
 151, 0x2985583dc466fa35f7560658551a98fa54e7b7bf4492f532dca2148ce82b3d6c, 3
      [4831, 4833, 4842]
      offset: 251
 152, 0x39c08a67cd8b7cc964d59a876de4909e2983daa154ad7fa0c953d8071ba8a15f, 3
      [4832, 4834, 4843]
      offset: 1
 153, 0x02b34d5a0814916eb4d1388818a7f8586fb99360a51f207ebb39cdcf24b1607a, 3
      [4849, 4851, 4860]
      offset: 17
 154, 0x041f5491d1e07c0dd2d19e0161f8282a340f102899600646300c4b328b46254c, 3
      [4850, 4852, 4861]
      offset: 1
 155, 0x20dd530bea29e3f05817e24517a4008e19abc6715b53530a293489b40e806527, 3
      [4867, 4869, 4878]
      offset: 17
 156, 0x273a1f7bed8f7067bd51c176c3720e8cc2f2fc1b3653df2a08695e9f704ee4d1, 3
      [4868, 4870, 4879]
      offset: 1
 157, 0x11f269e751214356647b670795ea3d8f691fde3ec4b824305b13f71c4c393fdc, 3
      [4885, 4887, 4896]
      offset: 17
 158, 0x04f41a3ad7714bf76a754c1308e0bc1fe58e1bace01f32153580c9145ab1049e, 3
      [4886, 4888, 4897]
      offset: 1
 159, 0x13f55c6c8eb618577387309d6b0aac6b22efca9f677507cfb6fb6446f308169f, 3
      [4903, 4905, 4914]
      offset: 17
 160, 0x0de7615867c3d9d3d3406d98fd796fd110e4750a8f2ad0c8e543efaf8d9f62d1, 3
      [4904, 4906, 4915]
      offset: 1
 161, 0x3223c3fa9812df88e2023bf68499ecc1a4ee28b80b9dc0023ae256d257c497d1, 3
      [4939, 4941, 4950]
      offset: 35
 162, 0x1ed95f16ba2e6811b86261013b4ea58fa3815f38d7d6e28e680475de06de6dbb, 3
      [4940, 4942, 4951]
      offset: 1
 163, 0x21b2b911018b1b32b4f227a35a6aebdd943773fc180fa7d261346117328a138d, 3
      [5047, 5049, 5058]
      offset: 107
 164, 0x2d8e8d38694928234f9309d950a2e3599abbb06ae134067c73d45d4b827473fa, 3
      [5048, 5050, 5059]
      offset: 1
 165, 0x202bc15c9edf08eb8160f9232ea1f0a9c98d7ad3c9d8d4c7cf54f2a0db2b3490, 3
      [5074, 5076, 5085]
      offset: 26
 166, 0x3cef558301ad181c4d4598318ec964fa909a7094626cf94ff81d0a26d8e5848d, 3
      [5075, 5077, 5086]
      offset: 1
 167, 0x3006383c15c1590230de2df74dac7d1b8179b5fa2214cb52b4f81da40bdb0b10, 3
      [6992, 9232, 9242]
 168, 0x36f6c446106e8f808544f7d21c2b900cec606e6940cb187040bd3d8ec60e8cb6, 3
      [6993, 9233, 9243]
      offset: 1
 169, 0x21cc0af97dd477b0bad3960776532c7eb743d23fc6c58e3ba60edd5615e46099, 3
      [6994, 9234, 9244]
      offset: 1
 170, 0x17e31b69ce3fa7b0a9c6252ce1930087cbb379828ae5d629feacf3206d1a56c8, 3
      [6995, 9235, 9245]
      offset: 1
 171, 0x1fd098aa43d8b471b0cf2eb91d6f5dc82961441c00836fabd91cc74611a900bc, 3
      [8892, 9236, 9246]
 172, 0x128bc6683645720f0475e7bbda3cff7af91fba8cca65241d980927d4eed5c52a, 3
      [8893, 9237, 9247]
      offset: 1
 173, 0x2665293e62df3ce1c0045ced113e02476e16665eac39cf04d8bd81b0885098d0, 3
      [8894, 9238, 9248]
      offset: 1
 174, 0x0f6c7a2aa6001c5fd60b101a5838a1eb57e2a7a1c38057c568dba3319ee1c4ab, 3
      [8895, 9239, 9249]
      offset: 1
 175, 0x2b25231b88d17f80f8b11d1989d31ccce28965f2f898299213a84def3d68a1c6, 2
      [11, 561]
 176, 0x12ff99c4853e0ad70b39293d7302336eb123a6f4a206b8f30ddd8e7c78c43a84, 2
      [12, 562]
      offset: 1
 177, 0x1dc3085c58aa263d28681c293d146294b4099fc0f749325a8d3a9f7cdf06a068, 2
      [13, 563]
      offset: 1
 178, 0x2f95c28be7b2504765180d2a8733b86e3509e995700e3a877e5515e5de237231, 2
      [14, 564]
      offset: 1
 179, 0x080bf1a875651ccb9e4e900633670b0d74042d01fd991352e3b4b7f2e834ade0, 2
      [15, 565]
      offset: 1
 180, 0x37a5eee71dde841512a8d9f459fed17002fe5973b1f7c050822dd004e734c085, 2
      [16, 566]
      offset: 1
 181, 0x0813df84eb0b6f36efa3820bb6da0bb3229e44fd2a26496ca37df2f22199d935, 2
      [17, 567]
      offset: 1
 182, 0x2d5c820bab21bca15f5e465f0bcdc3acdbb1954e44dc92aaf2e597f813245cb5, 2
      [18, 568]
      offset: 1
 183, 0x16af7545c4059d99d86806e73300cf68cfb4f4b425d5839fdea862dbd7f1ceb4, 2
      [22, 25]
 184, 0x30c08fb78e8a488d53d794449d85f4ed4cbec2f498f170dbc4e63e568a005b67, 2
      [23, 2729]
 185, 0x05e90456d8704168ae576db2d6880e9d93be3c7263bbb8059aa4ddd5ff732e78, 2
      [26, 1647]
 186, 0x13034402dfb80dc1c3bf1840f75cedf8dc448fbeadc5f9fdd5a5db5e11642f80, 2
      [31, 34]
 187, 0x1f718f1b485bbb2f5b9dcc4f4fcb433505447d7e5ce37cb9c381ab506a7aa9f0, 2
      [32, 3944]
 188, 0x28e77f7925ba4caa793fa25f13231a1adbc71622dbca4a060e3e88c4ccb8820e, 2
      [41, 5424]
 189, 0x0c9d03b00a1d2d919cb94098a5cbf1b161feaf8032b1f6bdce740a28c116ee32, 2
      [42, 5425]
      offset: 1
 190, 0x23403c2f1758f51e4ceda5e8cf9f56b62872aa70896dca0f9509fd9e0f0fca3f, 2
      [43, 5426]
      offset: 1
 191, 0x3dcdaa323ca55738bf372e3f220c81ac78932461da75dacbd842f202153f0e8e, 2
      [44, 5427]
      offset: 1
 192, 0x3690698f2f5fddbe5fb2580ffe0b2e66f4066c8de85c583d3a4f427e84deab01, 2
      [301, 7324]
 193, 0x200504c27fd6d7b6a7297a343db6e0b89d5b77603031cc6613dbb8637d9c037e, 2
      [302, 7325]
      offset: 1
 194, 0x3c48ae34fefbe22c74d11439b23d459b6c41f5f0745998908c148646a178adcc, 2
      [303, 7326]
      offset: 1
 195, 0x3329b65747591db9e197a471618f8f1ca2b63f10afa8d7575d44d01ce2884555, 2
      [304, 7327]
      offset: 1
 196, 0x130aa9d97829cb29e1bd9e50616175915a47c82f1b75b4cd56a507000555b174, 2
      [569, 9250]
 197, 0x3a71ae17c525dc68243fe4956bd1c14327adc54bcea9b5aa9230a2e6cdb18291, 2
      [570, 9251]
      offset: 1
 198, 0x07a6125c17060ec9ef7059315a2091c5ec994b1510f5e9420497813372e881ac, 2
      [571, 9252]
      offset: 1
 199, 0x3a7391b422e653d61971ed163f60697cfd7376973858e3bfbabeb69a9b8852f5, 2
      [578, 9259]
      offset: 7
 200, 0x30fac61531fda25c069330819ee548c34f743ac169627d94e5887bdb7c3fff55, 2
      [579, 9260]
      offset: 1
 201, 0x2b90d3f292e113fc412d5ed8e1d681beef0490a8b0210fe65f5bb2f5aeaf066a, 2
      [580, 9261]
      offset: 1
 202, 0x2d1f267f01a8ffcc5e3fb8aae96b619050547aff2dd6a729bde8b31721b3689d, 2
      [590, 9271]
      offset: 10
 203, 0x39adcdd4250ec050afbc282470875d5e00e238b9e1e3c78fd1489a7da3153152, 2
      [591, 9272]
      offset: 1
 204, 0x277d703f8eea2b9f95e3128ae792b94448a68240d4b7121760451a32ea21033e, 2
      [592, 9273]
      offset: 1
 205, 0x2665ec0a2398e27e9db9469f91c7f2df9a0588615011565c8c6b0fdd2455c085, 2
      [2869, 2871]
 206, 0x1a865fdd645f1fe9fc8fc012d9eea94df32d4a40d22e85834a3b7405cef0d6b6, 2
      [2870, 2872]
      offset: 1
 207, 0x273fecbcc125ba3c20ee2e9b71b19cde134c61d321714aa65ca394489e5df8c8, 2
      [2878, 2880]
      offset: 8
 208, 0x38a9bb4baae3fce60534885b533f7de58464cd5e5e90af9065487b695e227bfd, 2
      [2879, 2881]
      offset: 1
 209, 0x0d7b3694988b65004a900267d5f00c1602165e5f056eb072339f52e45d413d24, 2
      [2887, 2889]
      offset: 8
 210, 0x2a3b140112ee683c03348e75e4680e18e1766fc58e827b37847ee7634298777f, 2
      [2888, 2890]
      offset: 1
 211, 0x1ad59f8edf40538606f51898ec70b2932bab32661b75304f87394cd77bea75ac, 2
      [2923, 2925]
      offset: 35
 212, 0x24b9ae0a4162561fff9a7a016711ab5558da1a1e990b190e869d530329a6c1da, 2
      [2924, 2926]
      offset: 1
 213, 0x26fcee7baecd18d20801d8cb243121b2b94817343ca8ef1820e97bc56ca74fb3, 2
      [2932, 2934]
      offset: 8
 214, 0x39fff1c275184523d6f9931d0410c0af6be2bdb1863150f5feba1beb411ba3e6, 2
      [2933, 2935]
      offset: 1
 215, 0x3002df88e13b3b2dd68a899e27b6acdc50861d70cb9ed998de30fea705bc7d04, 2
      [2959, 2961]
      offset: 26
 216, 0x1ea20f15d46c9f50e1dc46ae0520d7544055249737cc00690333b4b081765ea9, 2
      [2960, 2962]
      offset: 1
 217, 0x09d3521331aaf8bc8fa3f2ccb8cf714c88911eef5dd92063d3af38fe07689660, 2
      [2968, 2970]
      offset: 8
 218, 0x22557eb724b6caed5a3a8c348d9e7bd5859be8729c5a8812fa25b82ebe50316a, 2
      [2969, 2971]
      offset: 1
 219, 0x0f8e72e6ae491cf1208c8b128b0ac128950a72b31245ef8ba3d9632b4833630c, 2
      [2977, 2979]
      offset: 8
 220, 0x121fd28635e6e3f3af77bc2d05800b8095a6f392c6f19d711f27f7e20a78ae0e, 2
      [2978, 2980]
      offset: 1
 221, 0x30142f1ce4822cd5141c2ef8b3b7cee421f7c1f19692a8d0da54e212cfba86c4, 2
      [3040, 3042]
      offset: 62
 222, 0x163f368b5e53d85203a53635d2c96ff78116bfada7fa0920d5e947c2cedab5b9, 2
      [3041, 3043]
      offset: 1
 223, 0x02ffb450a85620750591974a991ed275d69a98fb02affc786d7dba8406f4451c, 2
      [3049, 3051]
      offset: 8
 224, 0x333d9baf30af5530e33511e2bd245bc6cc308802dcfea0ee59ced48a92bdab1d, 2
      [3050, 3052]
      offset: 1
 225, 0x30eea235c2d099c44428ed3377010db2ba18673b80ffc2ec92071ec1af0bee10, 2
      [3094, 3096]
      offset: 44
 226, 0x3dd6b3382e72c41f64023143bd65a904f5c37712a8c6508de91f18ad89ba65e6, 2
      [3095, 3097]
      offset: 1
 227, 0x2da062d01c3ffdfb365e3bd2ccd3b9b20f8f359d773b590f261d754f56533577, 2
      [3103, 3105]
      offset: 8
 228, 0x2a737b8dbbc020023f5e8c89bfada8160bd0f12666323b98a401445610a6fcad, 2
      [3104, 3106]
      offset: 1
 229, 0x231700632e0ee4ee7f08058192906d2dbde8c833b8c83dc5c59c803581edd708, 2
      [3112, 3114]
      offset: 8
 230, 0x29fa2aa6ec09f5c1c0173b6c921ae4aabbfa682ee47fca5c5e30eebb2b85c896, 2
      [3113, 3115]
      offset: 1
 231, 0x1d596ed6cca181e1c1f337ea8f7e4eba299503372becae88fb84db3af574bd9d, 2
      [3121, 3123]
      offset: 8
 232, 0x0cca708cd85f5f0edd54921ac0a557d2d2393a0f23b07a1e7a1c037f6c1aeda3, 2
      [3122, 3124]
      offset: 1
 233, 0x029afcc25958e3fdd6e48beb408af3d66554f56a3d9255592b65c76d586a21e0, 2
      [3130, 3132]
      offset: 8
 234, 0x3ddc8694040117eef62861e808a75a6a9215f2f85e22336c298a0a9bdc845788, 2
      [3131, 3133]
      offset: 1
 235, 0x2afde6d3fdafed0c3bfd5b56a84e0dba5f7bc84998ae798b30dd37ffee863d20, 2
      [3139, 3141]
      offset: 8
 236, 0x3c288f9d78fcadaf5f3804d3e0e86f69eb05698eea02775a3b3e63d9d0c65661, 2
      [3140, 3142]
      offset: 1
 237, 0x0161aed266821894d67334ca36c60a24a974e0309b98eb7d8f241713779e5cd7, 2
      [3148, 3150]
      offset: 8
 238, 0x2cc616bcf5d13ddd83b3fc51a0a0a5feb3081617d8070f73d88e8441069bd8fc, 2
      [3149, 3151]
      offset: 1
 239, 0x2bf755ba993e563183bf13a46fe6990b2183f7cee66c496dd867cfd59e6bd047, 2
      [3202, 3204]
      offset: 53
 240, 0x25775437c4cd94bb53b2548d06fd3667e32d4a5c802b2e0f2c2a8e5051f1e0ed, 2
      [3203, 3205]
      offset: 1
 241, 0x33b1d475b927188e61e12078919a699fc49cf45095d817ff135e683b7ef96ea1, 2
      [3274, 3276]
      offset: 71
 242, 0x205ce0391c49ce79401fd92e0b710cc29c6fe5f10b217622d12ac172ed70a015, 2
      [3275, 3277]
      offset: 1
 243, 0x09999eae6d2dccfe99c769330656f4b935b88c53fcb93d97f01f9c44365082d2, 2
      [3418, 3420]
      offset: 143
 244, 0x34946020c626490de938fc08c7811f65bc4700a6e3a8fa0617b57c9bc25dea63, 2
      [3419, 3421]
      offset: 1
 245, 0x19c5eb9368713038c558e51e225aee0b44a928ecd8576ab96608d0c36ded3e7a, 2
      [3481, 3483]
      offset: 62
 246, 0x0d614a0741b063039d9d28d7f7235e286b3f34b267d3704c21c917e8f324e2e9, 2
      [3482, 3484]
      offset: 1
 247, 0x01a3848700c097353b5f13c6c64e77f2da9dd11a6a7e31521a961afe14d7b5b6, 2
      [3490, 3492]
      offset: 8
 248, 0x27a4afe77167b8fa19680e840d580094c02c00b8b7d85ab18e7e54e40a8e6d3f, 2
      [3491, 3493]
      offset: 1
 249, 0x06993ed58ee0befc472eb2f90d6e14281ca03766070a6f4ce874fa7d8daf2f7c, 2
      [3499, 3501]
      offset: 8
 250, 0x1319f0af17ad60322c0eb27e5bf69f1242631b225aafd67aa0fabbd30db7fb76, 2
      [3500, 3502]
      offset: 1
 251, 0x241f4e785ec66cb592101a643a18e7182c3b0d6c8d20ab98089b88027a696f4a, 2
      [3508, 3510]
      offset: 8
 252, 0x0986fdb3e6ae1ff998be4e18d43ec7d2f6946fda4ad3958f80e5d75b57ef0549, 2
      [3509, 3511]
      offset: 1
 253, 0x072e5945af442ac0f8659c4c8c032ddc25f1f4090672cf6020d108a744e85a83, 2
      [3517, 3519]
      offset: 8
 254, 0x38aab288b42ca46dc0384aab59c934b48951d867319cd65b13a31f3def83c4ae, 2
      [3518, 3520]
      offset: 1
 255, 0x27df58378b61917c9aa9f701b9b12e253cafed7536644467cb0cbcaef3459409, 2
      [3526, 3528]
      offset: 8
 256, 0x16a053c6ded47f4883a3fd31ba2aa1b9cafc85664a3402a9c658286ec9088ab4, 2
      [3527, 3529]
      offset: 1
 257, 0x3510457327465a02c64e8cc8a5d49319353a6c97c56baaca0626b252afb3598c, 2
      [3535, 3537]
      offset: 8
 258, 0x0d92caabfcd2e23fc33f7029fac748ef09a9effb43a93748603ef2b6569f8d01, 2
      [3536, 3538]
      offset: 1
 259, 0x334c74e7466ca188461d1e98b7f17f662165046a4f7755d38a20d22628f2cfac, 2
      [3706, 3708]
      offset: 170
 260, 0x36ffa25224b0fe2b0d10ecced5b6596f7418e508cb3b7d8c24cdaa158fd2aa57, 2
      [3707, 3709]
      offset: 1
 261, 0x30f8ff6715a34fd03df9fed5899c71f1a1cc5090099642016e5e7c88ac0fc606, 2
      [3715, 3717]
      offset: 8
 262, 0x29ba842042b1a6a1b620c979113f5b86a73d95b5f8f20ce1b65947ab5cb26f09, 2
      [3716, 3718]
      offset: 1
 263, 0x3e3c7f5ec249743337d63cd659ea04c89d0884c7aed4f25d774708bfd1dece77, 2
      [3796, 3798]
      offset: 80
 264, 0x22ff1b6cc550909393dedbb5ee42537b0c8d17e7a03d49bd9b858e1eb7a7099d, 2
      [3797, 3799]
      offset: 1
 265, 0x33aece40f32f689858c9a18dfd281377f26ded3d8860ede6c9ab01fba094b8d6, 2
      [3805, 3807]
      offset: 8
 266, 0x3bb692e82125760c6b84adb937458cbc2f73bd1f2916a48faf70472a02e9ac67, 2
      [3806, 3808]
      offset: 1
 267, 0x369eeaf99a296a99bc965b396b723b1fb91dbfb8797384913938391d77d80105, 2
      [3814, 3816]
      offset: 8
 268, 0x1d50fc80b67a9e837aa6061b4d509760914a4a5453e53b2d02a190ebb4db3337, 2
      [3815, 3817]
      offset: 1
 269, 0x1a9ab6552f977a72a9c3d740ade4970b11e73df406805dac8e35119c202799d4, 2
      [3823, 3825]
      offset: 8
 270, 0x15e6ba3e095575adfeacbec14a781250278f03691709e0aa3476c20598168d7a, 2
      [3824, 3826]
      offset: 1
 271, 0x19fe410f3b0c94f9174a3457aa5cf318f11082bf97c9a0aeff85bf7cf0721c2f, 2
      [3850, 3852]
      offset: 26
 272, 0x044528c763b0e83840c9d2d89ea2a187879fed98a486ccf6504b179f758f099d, 2
      [3851, 3853]
      offset: 1
 273, 0x35917f58ff6865722b65b8c727af0b8bce73665c42cbaa6c7b544291eabc2cde, 2
      [3893, 3894]
 274, 0x31195dad7a3faa89d3fa9318ad72bce9cac277c246964259713d7ee44f11fec2, 2
      [3897, 3899]
 275, 0x39b754c00991acf5771f9abdf592fbe90620e0bb727084ca9eb59a026f2c71a5, 2
      [3898, 3900]
      offset: 1
 276, 0x0cf247b31a6a8ff3df41678fe1b2cbdc805f460d0dd3366780f11a845e36ce24, 2
      [3930, 3931]
 277, 0x23ccea327a645dee78408bedd6a49231e86d26d16e4c1ffdd62382eb9edddf6f, 2
      [3934, 3936]
 278, 0x1a35e19a0dab649ca7d8cb3fc91d76f6ed73435376c5752195254dc8c484fa8c, 2
      [3935, 3937]
      offset: 1
 279, 0x2726ad1d3addd48c351be30b5d62b2d762a0e34e00bf85cff069404dd83f1de6, 2
      [4084, 4086]
      offset: 149
 280, 0x1ec829266e7d7b2e78bcdd62a4f9d05d9db9b081aa8ca611d5ed3b384f03e7b6, 2
      [4085, 4087]
      offset: 1
 281, 0x238a4ea12b2ec01321b82475ac7cea6acc5d6c6d76177696d709d5ba39649132, 2
      [4093, 4095]
      offset: 8
 282, 0x372bf46abe6e69ff9323c582ceb27a18dbf7465d86392cd25a5063068c534ebe, 2
      [4094, 4096]
      offset: 1
 283, 0x264b7cf1e9c521e06e631d1781c689696c901a3f284309f1356279a2f25a16b9, 2
      [4102, 4104]
      offset: 8
 284, 0x0fced52b0c3030ab76815333d5222dc05cb1e19769958b2ec4ee4b7ba84dc8ff, 2
      [4103, 4105]
      offset: 1
 285, 0x007e0ea05fa16ca4b1123e4e27b4208e53fbecd7bdef434830ed80a6a030357b, 2
      [4138, 4140]
      offset: 35
 286, 0x2c841d872550bab3c9e8cd25ee8b484496d1cc50590e2186884ef60cdb2528d8, 2
      [4139, 4141]
      offset: 1
 287, 0x1e40e0ae04f0332789eb18f98c791c974265525416fed0547de10b0848b0887d, 2
      [4147, 4149]
      offset: 8
 288, 0x3685afb6f5fb232395a3130e3ca2577849817f99de1daa8a21a48753fff29094, 2
      [4148, 4150]
      offset: 1
 289, 0x027044c43d94acd6b9d4446799ea5114c4cd5eedf2c1e3604916f1eeb106e871, 2
      [4174, 4176]
      offset: 26
 290, 0x3eec2893f20666d6c1ae23b79a8ec776279e3837abc81fba5a75bfabe5dc095c, 2
      [4175, 4177]
      offset: 1
 291, 0x25e50d45a80596240d5956dffb0f8ce76e2891c00f89371651200fe05aa07afe, 2
      [4183, 4185]
      offset: 8
 292, 0x3dee5791fb2e2bcd19191bf6fee69acdee0992b001f66eca38a4cf799d941c26, 2
      [4184, 4186]
      offset: 1
 293, 0x381aea1b4aefcbf482886eaf825ff9013f5ca01361aa3eb11b50db7c5af8af03, 2
      [4192, 4194]
      offset: 8
 294, 0x07089f5112451047e31faaf0a38e54c4d35529bfe2610310618a874fa2f4141e, 2
      [4193, 4195]
      offset: 1
 295, 0x375356ea8ff15a47d75a8d11ec0b0112bf36d56f3482e994f614ca94268cf85c, 2
      [4255, 4257]
      offset: 62
 296, 0x2bbed22446eb567db3956ce15fb7bd13373075a038dad6f889317cea12cf4aa4, 2
      [4256, 4258]
      offset: 1
 297, 0x21b53732625bdcd0a4ea89e23d867806b17adf7da3f9a0dc54b2330a4061caf3, 2
      [4264, 4266]
      offset: 8
 298, 0x1011b0eba0309623dfa4c43bf23d6aac2d44f0afe700fc1eb530e882ab446361, 2
      [4265, 4267]
      offset: 1
 299, 0x15255f2915d4b31171d0a3e5eb1fa2c29a579abc0d7cdba34e72b53cddc2bf6f, 2
      [4309, 4311]
      offset: 44
 300, 0x22306bff4c0379c2748d6369450cad58fe1d8a8fe68148fac363b459f75d22f9, 2
      [4310, 4312]
      offset: 1
 301, 0x3d5eecec4ed4e867b3555ecf713fd0f746b74f763a5f09eefbce2d7faa628e6b, 2
      [4318, 4320]
      offset: 8
 302, 0x28c3483738726574b38a4d995d5791079402230bf885270310511bb90a5a3de5, 2
      [4319, 4321]
      offset: 1
 303, 0x196a903d35ad1052b85a04e54306fb2444d0705481a18836e196a9a4dbe489da, 2
      [4327, 4329]
      offset: 8
 304, 0x10c896218fdb90c5a3ef99bb33ea8df15c36d7fbbcf2e8c9b3feb1b74a79c571, 2
      [4328, 4330]
      offset: 1
 305, 0x11cc5eb7d92b1de22210130737b26695c3a59846efc2891e0ccb285a97668f7f, 2
      [4336, 4338]
      offset: 8
 306, 0x01ed72358d348da8b93d9d81441a1d66356b3a49b92f775c9c24fdab951b480b, 2
      [4337, 4339]
      offset: 1
 307, 0x0c856eee2e7714fb482e57b7efb99393bd0e8a9a09346587575b1268b8c331a7, 2
      [4345, 4347]
      offset: 8
 308, 0x374848d4f80e30b6a23ca6d2d0f47cf56341c4fcb4f8530ac2678f13158efcdd, 2
      [4346, 4348]
      offset: 1
 309, 0x084c9be7edd646f23105901338fe08b5d33772de282e4f60517cafae3b23cfca, 2
      [4354, 4356]
      offset: 8
 310, 0x0ff44f0828b1709077b56aab89004053351fa83fad7da39701e8f8d82a99b5eb, 2
      [4355, 4357]
      offset: 1
 311, 0x111e83d63337d65570f840653d15c33ab5aeb369e36bdad96e61196b76cbfce2, 2
      [4363, 4365]
      offset: 8
 312, 0x1835d9670532f2555cf740d1dd5e62975cc68811d866560da161cdf49c4b0c21, 2
      [4364, 4366]
      offset: 1
 313, 0x25a0dd576b0af2531b4c2c905fb808c469993a9278b8a5daf7bd4f7fd5921e4b, 2
      [4417, 4419]
      offset: 53
 314, 0x0160fa4c90c2d99f932ac6cd18368129fa6a581278605d593647d04c02a54aa3, 2
      [4418, 4420]
      offset: 1
 315, 0x0725964a4f38b8edf3f5403539e5b721999b4b2af2cabb04bdc4279b178ae95f, 2
      [4489, 4491]
      offset: 71
 316, 0x227c99967dcc2f949be85488c15b2728f3f1759bd7d5a18c04f8130499649f24, 2
      [4490, 4492]
      offset: 1
 317, 0x33a36f7f6c20b6294ad6fc08631231d464af8d9657513dde6c270d9266bdd1e3, 2
      [4633, 4635]
      offset: 143
 318, 0x28477283ebe5cfa169a7184bc2a441203f41e6ce8d560e06abbc6c9572be46e8, 2
      [4634, 4636]
      offset: 1
 319, 0x205b31a0bdad25883f816b7f95fe605400d3f3f1c16cd58b89b9bfff77119946, 2
      [4696, 4698]
      offset: 62
 320, 0x2495ea9c38f65d364e15eb883fe7fbb9d0724848de4545738faf8ce45aed5185, 2
      [4697, 4699]
      offset: 1
 321, 0x296d049bb9f82f79982e72c57b6ea3c0f951361dcf7a8cc0a4740a25873b545a, 2
      [4705, 4707]
      offset: 8
 322, 0x21923537f7fc7f8f8f903fcfe92b7518366cf3334455f54d557c2d26e8d66c7b, 2
      [4706, 4708]
      offset: 1
 323, 0x399ce53d9a819abc2ae425ffc3e0cba0adb1c61aa74cbac64363e9cfccf9f7e8, 2
      [4714, 4716]
      offset: 8
 324, 0x39b0f1a9013d39f8d91e4bf1805780da3be32f1efb0c89703adecddc447194b2, 2
      [4715, 4717]
      offset: 1
 325, 0x3c7da6900af4960be5c72aa552ac686160c9f46d14129553cc1beccda11c5137, 2
      [4723, 4725]
      offset: 8
 326, 0x18b2ccd1576a386374f5db32de69189b8dff462e55293cdb92d84fae6bc307a3, 2
      [4724, 4726]
      offset: 1
 327, 0x1a0914f30806ead8530c69ffdcf6728cc2943a2182e184d1c8a2e285eaf95846, 2
      [4732, 4734]
      offset: 8
 328, 0x25dcbd09573fb55194f6025efe28eb5dd498e14306d45a565edf8fc5d6ea5b64, 2
      [4733, 4735]
      offset: 1
 329, 0x0e402498ffdef9cdb923af92b4069b9a371812561a67e5919f12ac6aa4bb3f8b, 2
      [4741, 4743]
      offset: 8
 330, 0x076e514bd0c5e0f40f990862e5b7f48f12efb27e3aaa8f0c2f20c1f9ad7a4421, 2
      [4742, 4744]
      offset: 1
 331, 0x26eebc0513947051c6f93b17c0875dac85a7e2644c1b13c5201457f507e00411, 2
      [4750, 4752]
      offset: 8
 332, 0x2d3686f65e2fea59ff75e21175be2d6013f4362425c1b96517cbe6ff9bae4992, 2
      [4751, 4753]
      offset: 1
 333, 0x22004ae6e9c3f37d8d67504414c0fe2a47c93f7a80b2a62a83301dcdaf928193, 2
      [4921, 4923]
      offset: 170
 334, 0x152682ae62921be1536623fa004e38e8100d267f5b68f5da75368a2a5bfce016, 2
      [4922, 4924]
      offset: 1
 335, 0x1a819d48d70c78189c86c8015980340c444d73e3cf2d3bd3c849cf54f924e7ce, 2
      [4930, 4932]
      offset: 8
 336, 0x3de2a363d4f72e85d9f6606c431d50c823bea93c7d98909371a30afe0071bb4a, 2
      [4931, 4933]
      offset: 1
 337, 0x0d58a3e126db4be6e84f579a60cb9d155c80e179abef528df66253730386fdcb, 2
      [5011, 5013]
      offset: 80
 338, 0x295df73c16965d1e743c0e2f50e07c9919f25552cdbf0cc60d6f03e59acb211b, 2
      [5012, 5014]
      offset: 1
 339, 0x106d07d4fc17f5a625a8cc997a34abdd30b630a8e73c2d52312fab5908bd5d4a, 2
      [5020, 5022]
      offset: 8
 340, 0x03ca0f6caf3d4507fb3cca4a6007fdaec9cf246449573bed273b01408d05683a, 2
      [5021, 5023]
      offset: 1
 341, 0x1c5258f431de3fc6a04b3cb4ce50c59f2535d57b06f1e59f69603311c98caaee, 2
      [5029, 5031]
      offset: 8
 342, 0x156e3bfe33fced2161a0ca63173ba47a33b0f399bc67cd4c46aed0c16172c4b8, 2
      [5030, 5032]
      offset: 1
 343, 0x103d2cc27f27df98e93b3d506d737045fe3de588aaf8f237da2da7f14cdf5bab, 2
      [5038, 5040]
      offset: 8
 344, 0x2d0a29109078a38934af7828756726e743ad80e8a1f8a434bcca09dbd3128e62, 2
      [5039, 5041]
      offset: 1
 345, 0x33f0ee819ddc6121fc5408856464eac92d8a942d39c79c3f6ab77b9481fc3272, 2
      [5065, 5067]
      offset: 26
 346, 0x17e87a33b7ca19a0f6608e26be9b3538f37253897b1ed8eae224370fc5186c09, 2
      [5066, 5068]
      offset: 1
 347, 0x39deab06035a30389a8b30631d92c9f4feee482cbb4549c263f3292cb1cb0919, 2
      [5108, 5109]
 348, 0x2574a7d3f05698dcc22097c47ce2977dd651b7fa7b335996597443f966b26abd, 2
      [5112, 5114]
 349, 0x1044945921aae6c68029f62fcb9f7037ddc6b600726626a8c36b381ad03e33cc, 2
      [5113, 5115]
      offset: 1
 350, 0x13f94a4b5a571f8b60ef5d7f1a267e65837c4a9d27502170dd1c4b1df44571ac, 2
      [5145, 5146]
 351, 0x3beb39c931a4342740ca2183a599dd6a3e528d9db26e3ca84082326c58d8d9dc, 2
      [5149, 5151]
 352, 0x160742f591a131a8b693828ffa065a93e9df67a7708c468305a5b536994127ad, 2
      [5150, 5152]
      offset: 1
 353, 0x136b8cba478d363d37bd077d794c3790a046b3cfa795a1a5ecb8d956f2c18e82, 2
      [5159, 9231]
 354, 0x32ea64d963e0f3d6e31bca949a33187151eaab5d6911ec55ccfbea6104292172, 2
      [5420, 7248]
 355, 0x0e29753c1b8a85ca82ac481140dfcf910deb4bcec80572f9287f87ec8e7d8d15, 2
      [5421, 7249]
      offset: 1
 356, 0x1d1004bd818dc2e3ef1537442525437e8ff83fc7c73bbf9d0e0c84c92f392376, 2
      [5423, 7251]
      offset: 2
