scalars length: 10349
freq>1000 (count, total, %):          1,       2489,      24.05%
freq>500  (count, total, %):          1,       2489,      24.05%
freq>100  (count, total, %):         16,       5720,      55.27%
freq>20   (count, total, %):         16,       5720,      55.27%

top values:
   0, 0x0000000000000000000000000000000000000000000000000000000000000000, 2489
      [2, 6, 7, 14, 18, 19, 20, 34, 37, 51, 58, 85, 89, 123, 128, 145, 146, 150, 162, 182]
   1, 0x0626383c9ddc168d9de5ce77bea995ef010b59d5fbad32ee28b3dd61be044bd9, 255
      [0, 8, 15, 38, 47, 53, 66, 73, 74, 77, 111, 129, 148, 156, 180, 197, 204, 233, 246, 256]
   2, 0x06ce6692544a0c83cdd00dcdcf6bfe808335d2ba05cb1c138462c8b6e7dbe54a, 239
      [21, 23, 28, 69, 72, 87, 118, 149, 178, 181, 193, 209, 210, 222, 241, 294, 297, 304, 305, 307]
   3, 0x34cdc884520278d5320a229d91144b5c40b7370e04f2a23aef4840fab1dadca5, 232
      [50, 60, 61, 81, 94, 103, 113, 120, 158, 160, 163, 176, 200, 217, 236, 240, 242, 248, 255, 270]
   4, 0x00678bb68014a5464babe2140fdb958b899c4ecf1b5820a8af3352c442a4705e, 227
      [30, 76, 106, 136, 167, 184, 188, 195, 199, 224, 229, 239, 284, 291, 308, 317, 323, 339, 358, 380]
   5, 0x00a82e55b66df5f62fea3f5610c26891822a78e40a1de9255baeeb5529d79971, 226
      [22, 24, 27, 42, 44, 82, 83, 110, 121, 130, 143, 147, 154, 155, 174, 183, 211, 251, 254, 268]
   6, 0x152dbea57792c046ea2370cf11479d7765e68848f9e0cd88050e8f5c5a98d3ab, 223
      [29, 43, 45, 48, 64, 67, 95, 99, 100, 127, 169, 201, 203, 206, 220, 228, 232, 235, 250, 253]
   7, 0x3535543ad2171e1b7db604b1a0efe0e7ca5385dd204ac2e39e7b93bef47f4d03, 222
      [52, 63, 92, 101, 105, 132, 135, 139, 161, 171, 173, 191, 221, 223, 252, 263, 269, 321, 350, 369]
   8, 0x320833a35ccbf1832f587f12cdfff694c932323c30d71811bace773fcfe781fe, 217
      [90, 93, 97, 107, 115, 116, 125, 177, 189, 202, 218, 219, 226, 230, 243, 247, 259, 260, 296, 310]
   9, 0x0993fb73498093d5d081b15892805347fabad78bd9e6a63cb8dc9271c9cf3ff1, 209
      [26, 39, 49, 59, 65, 79, 117, 131, 134, 141, 142, 152, 157, 168, 175, 192, 213, 265, 282, 312]
  10, 0x14c632eef77e1b009e778ebb016c07ebdc4a3979de88acdf55db3c9817f4634d, 206
      [40, 46, 70, 114, 119, 138, 151, 164, 165, 262, 303, 306, 332, 359, 363, 370, 379, 402, 412, 415]
  11, 0x31a0a7ecdcb74c3ce3ac9cfebe2461093f95e36d157ef7690b9b247b8d4311a0, 205
      [1, 55, 71, 102, 104, 124, 179, 194, 227, 238, 286, 295, 315, 316, 318, 372, 414, 445, 452, 467]
  12, 0x0666dadbd435673d82242bb9bf9068f4f99983eaea72fb6ad52f75f2a53774ec, 202
      [25, 36, 57, 68, 78, 88, 91, 109, 122, 140, 159, 186, 190, 196, 198, 207, 258, 266, 273, 298]
  13, 0x12009e0e024793ae9bc5eb303e57b32464c534a80a6d22b6216172dd360108a6, 195
      [31, 33, 41, 80, 84, 98, 112, 133, 144, 153, 212, 216, 264, 285, 300, 327, 336, 352, 377, 381]
  14, 0x119912578232ee68501a091c2e7c1d98db28e5d8ef15020d722e2018f35c9848, 190
      [32, 62, 86, 96, 108, 126, 137, 185, 225, 231, 237, 290, 292, 349, 375, 386, 392, 400, 405, 424]
  15, 0x3d3a6b1f0ac978adfd4e5c753cebab38aac1942a35791eb457cd21661e0ca55a, 183
      [35, 54, 56, 75, 166, 170, 172, 208, 214, 257, 261, 299, 324, 333, 376, 382, 385, 398, 403, 459]
  16, 0x032d2097754b2c984e5d859ed2efea53012153a0ef73aad1e3ad1c7f2497cb05, 13
      [572, 1592, 1661, 2632, 5087, 5088, 5097, 5109, 5126, 5127, 5136, 5148, 9297]
  17, 0x08ebcd1d93129ddfa097720281bdeab678905ea7cfc8bd175d2da71c9ff7a680, 4
      [1474, 1528, 1529, 2602]
  18, 0x1485904fc124ca50ba393179008534e5e3bc0f64efc2e462a95fa40730c13a3a, 4
      [1568, 1586, 10244, 10245]
  19, 0x20cb4d8017f7763c0207fea6a5b7eec7dfb36bb84515d9ea897b293fc9e231d9, 3
      [4, 1640, 2714]
  20, 0x3297c0eedb5776418c2d999e8de96fd379ae938bd84680b6007151c4e1ae6fc4, 3
      [10, 1655, 3933]
  21, 0x17b2b0e7366ff6e90896b717d3751f38e4dd6305df368f348d0cc0865559053f, 3
      [581, 1494, 10258]
  22, 0x348d25e51ba928254dcbc55b902d785648290cf9162cd9be42cca869caa7b392, 3
      [1548, 2625, 10264]
  23, 0x34259a2e9b9482df021fe3478051e2cabe8cbe29fad4b915939955a588034334, 3
      [1549, 10190, 10308]
  24, 0x1691b1b1b3d233e3dd51bc1a5906fd570133a70acaf33f21651315fd9abad106, 2
      [3, 1643]
  25, 0x0d8222fd65465baedd0b8cba6cc805e85b8dc7b7f6795f7d6f6b1252dcb8e85a, 2
      [9, 1658]
  26, 0x13d84cafa11a60382edcb384f7a0a15cbd305fac981c2318ad515921ab7cf781, 2
      [557, 9273]
  27, 0x0c18edb5085dca77eef4f7a154add50979b1b248bf3c67e940dac39bc48f7185, 2
      [2638, 10293]
  28, 0x174b2530b65b51a2bcead503c39989ad5b411436c3de6e8bddd96dc212b494e1, 2
      [2660, 10199]
  29, 0x2dc5855978bd5bdd5cc0e68b0cd8043f20b2f309b678d87f691041c74a566b34, 2
      [5083, 5089]
  30, 0x1ef5e6d01a68d9298b77ce3be2c33af2c6f875ff71353254e0a52153c98eec29, 2
      [5110, 5118]
  31, 0x1cdfb6d6f907eb75e83e56eda7b52b0045c67f925fe2594df818f703b06836e4, 2
      [5111, 5119]
      offset: 1
  32, 0x0cc186770f6615c8502911843462277b0eb9b9c83862823be1b9b00fa75db7ef, 2
      [5149, 9245]
  33, 0x30cc40555670167569ca9407c94459910ff8a7f0928a70490156a970f5c9050d, 2
      [5150, 9246]
      offset: 1
