scalars length: 22233
freq>1000 (count, total, %):          1,       6772,      30.46%
freq>500  (count, total, %):          1,       6772,      30.46%
freq>100  (count, total, %):         10,       7729,      34.76%
freq>20   (count, total, %):         33,       9740,      43.81%

top values:
   0, 0x0000000000000000000000000000000000000000000000000000000000000000, 6772
      [14, 18, 19, 20, 21, 22, 23, 24, 25, 26, 27, 28, 29, 30, 31, 32, 33, 37, 38, 39]
   1, 0x000000000000000000000000000000006f82eaa90ff262a26169fe38bdcf48a9, 115
      [1651, 1680, 1689, 1690, 1693, 1706, 1765, 1776, 1858, 2665, 2696, 2698, 2792, 2800, 2843, 2892, 2910, 2918, 2926, 2938]
   2, 0x000000000000000000000000000000006f82eaa90ff262a26169fe38bdcf48a8, 112
      [1586, 1623, 1625, 1699, 1700, 1709, 1720, 1755, 1782, 1819, 1855, 2672, 2706, 2796, 2856, 2866, 2915, 2919, 2920, 5438]
   3, 0x00000000000000000000000000000000066562331b26cbf2b7d0833863dc94e8, 109
      [1618, 1640, 1675, 1682, 1735, 1748, 1799, 1809, 1859, 1872, 2684, 2744, 2804, 2811, 2852, 2886, 2935, 2939, 5421, 5425]
   4, 0x000000000000000000000000000000002d36316096bcb2521dadce85d2f8c7f9, 107
      [1633, 1667, 1717, 1740, 1816, 1824, 1839, 1878, 2691, 2707, 2733, 2748, 2766, 2768, 2806, 2810, 2924, 2940, 2944, 5416]
   5, 0x00000000000000000000000000000000339b9393b1e37e44d57e51be36d55ce1, 105
      [1, 1654, 1676, 1844, 1845, 1875, 2664, 2687, 2714, 2803, 2840, 2850, 2896, 2957, 5403, 5454, 5486, 5493, 5519, 5670]
   6, 0x0000000000000000000000000000000000000000000000000000000000000001, 103
      [2, 15, 1593, 1620, 1639, 1673, 1686, 1779, 1787, 1830, 1852, 1882, 2679, 2682, 2693, 2694, 2724, 2770, 2789, 2815]
   7, 0x000000000000000000000000000000017ce3906dc0edd05fe98632b18f21b7ba, 103
      [1600, 1612, 1616, 1677, 1705, 1739, 1846, 1856, 1857, 1864, 2708, 2717, 2749, 2765, 2767, 2769, 2849, 2959, 5401, 5487]
   8, 0x000000000000000000000000000000010d60a5c4b0fb6dbd881c3478d1526f11, 102
      [1610, 1619, 1627, 1708, 1710, 1714, 1745, 1769, 1777, 1808, 1817, 1823, 1835, 1851, 2669, 2704, 2712, 2752, 2783, 2835]
   9, 0x000000000000000000000000000000014fad5f0d2a311e0dcbd8642bbc28efc2, 101
      [1588, 1626, 1638, 1645, 1671, 1672, 1674, 1681, 1724, 1741, 1744, 1757, 1792, 1814, 1876, 2667, 2701, 2719, 2721, 2813]
  10, 0x000000000000000000000000000000010d60a5c4b0fb6dbd881c3478d1526f12, 100
      [1609, 1613, 1614, 1653, 1695, 1813, 1865, 2677, 2713, 2739, 2756, 2807, 2826, 2837, 2928, 2932, 5428, 5432, 5496, 5501]
  11, 0x00000000000000000000000000000000339b9393b1e37e44d57e51be36d55ce0, 97
      [1584, 1646, 1649, 1669, 1707, 1763, 1842, 1866, 2673, 2754, 2761, 2786, 2825, 2848, 2867, 2913, 2929, 5431, 5443, 5474]
  12, 0x000000000000000000000000000000009cb91c09a6af14f47f17ccbe90c810a1, 97
      [1595, 1630, 1772, 1800, 1849, 2666, 2686, 2697, 2725, 2741, 2758, 2763, 2785, 2827, 2868, 2925, 2946, 5414, 5434, 5473]
  13, 0x0000000000000000000000000000000106fb439195d4a1cad04bb1406d75da2a, 97
      [2674, 2681, 2689, 2711, 2732, 2759, 2774, 2790, 2791, 2822, 2922, 2936, 2941, 5419, 5424, 5437, 5505, 5528, 5529, 5705]
  14, 0x000000000000000000000000000000017ce3906dc0edd05fe98632b18f21b7b9, 95
      [1637, 1641, 1727, 1806, 1848, 1854, 1867, 2934, 2949, 2950, 2958, 5402, 5410, 5411, 5426, 5697, 5698, 5773, 5828, 5865]
  15, 0x00000000000000000000000000000000d9c51230ff17ef78b29de2ba9a7d1231, 93
      [1591, 1606, 1632, 1658, 1701, 1754, 1834, 1870, 1877, 2738, 2746, 2777, 2862, 2875, 2880, 2914, 2930, 2951, 5409, 5430]
  16, 0x0000000000000000000000000000000106fb439195d4a1cad04bb1406d75da29, 93
      [1597, 1602, 1611, 1655, 1668, 1688, 1764, 1768, 1794, 1838, 2703, 2760, 2865, 2891, 2923, 2937, 5423, 5436, 5458, 5476]
  17, 0x000000000000000000000000000000014947fcda0f0a521b1407e0f3584c5ad9, 93
      [1604, 1624, 1629, 1664, 1721, 1728, 1736, 2699, 2705, 2757, 2775, 2836, 2838, 2897, 2906, 2952, 5408, 5446, 5453, 5495]
  18, 0x000000000000000000000000000000002d36316096bcb2521dadce85d2f8c7f8, 92
      [1615, 1683, 1694, 1731, 1773, 1804, 1831, 2671, 2678, 2718, 2730, 2772, 2797, 2820, 2821, 2830, 2842, 2884, 2942, 5418]
  19, 0x00000000000000000000000000000000066562331b26cbf2b7d0833863dc94e9, 90
      [0, 8, 1598, 1603, 1657, 1670, 1807, 2695, 2710, 2715, 2716, 2737, 2755, 2839, 2845, 2874, 5329, 5332, 5360, 5368]
  20, 0x000000000000000000000000000000014fad5f0d2a311e0dcbd8642bbc28efc1, 90
      [1585, 1587, 1605, 1607, 1622, 1747, 1826, 1861, 2700, 2702, 2773, 2778, 2805, 2816, 2859, 2887, 2905, 5447, 5460, 5480]
  21, 0x0000000000000000000000000000000075e84cdc2b192e95193a817121abdd91, 90
      [1599, 1608, 1644, 1660, 1697, 1716, 1723, 1742, 1759, 1871, 2728, 2745, 2784, 2888, 5459, 5676, 5759, 5789, 5808, 5818]
  22, 0x000000000000000000000000000000009cb91c09a6af14f47f17ccbe90c810a0, 90
      [1631, 1636, 1665, 1678, 1712, 1715, 1801, 1805, 1879, 2734, 2764, 2801, 2901, 2956, 5404, 5520, 5666, 5727, 5729, 5731]
  23, 0x00000000000000000000000000000000d9c51230ff17ef78b29de2ba9a7d1232, 89
      [1589, 1635, 1647, 1648, 1661, 1702, 1783, 1811, 1843, 1853, 2668, 2683, 2727, 2731, 2735, 2834, 2857, 2893, 2898, 5452]
  24, 0x000000000000000000000000000000014947fcda0f0a521b1407e0f3584c5ada, 89
      [1592, 1601, 1650, 1684, 1704, 1726, 1756, 1786, 1789, 1825, 2723, 2742, 2781, 2787, 2795, 2844, 2885, 5462, 5490, 5525]
  25, 0x00000000000000000000000000000000e02a74641a3ebb6b6a6e65f2fe59a719, 89
      [1617, 1642, 1652, 1662, 1725, 1743, 1746, 1758, 1818, 1833, 1862, 2676, 2726, 2740, 2819, 5508, 5683, 5708, 5717, 5760]
  26, 0x00000000000000000000000000000000a31e7e3cc1d5e0e736e84ff6f4a4a589, 86
      [1621, 1685, 1696, 1793, 2675, 2680, 2688, 2722, 2750, 2779, 5744, 5748, 5809, 5863, 5878, 5885, 5953, 6451, 6470, 6494]
  27, 0x0000000000000000000000000000000075e84cdc2b192e95193a817121abdd90, 86
      [1687, 1734, 1795, 1869, 2751, 2776, 2794, 2879, 2881, 2889, 2907, 2911, 5444, 5464, 5467, 5526, 5674, 5733, 5770, 5776]
  28, 0x00000000000000000000000000000000e02a74641a3ebb6b6a6e65f2fe59a71a, 85
      [1594, 1596, 1719, 2692, 2729, 2736, 2782, 2788, 2814, 2931, 2953, 5407, 5429, 5511, 5766, 5769, 5782, 5787, 5843, 5853]
  29, 0x00000000000000000000000000000001767e2e3aa5c7046d31b5af792b4522d2, 85
      [1656, 1663, 1666, 1679, 1703, 1711, 1730, 1770, 1812, 1820, 1840, 1850, 1873, 2709, 2753, 2780, 2853, 5484, 5671, 5677]
  30, 0x00000000000000000000000000000001767e2e3aa5c7046d31b5af792b4522d1, 83
      [1634, 1691, 1760, 1860, 1868, 1874, 2670, 2690, 2747, 2872, 2873, 2900, 2933, 2943, 2945, 5415, 5417, 5427, 5450, 5470]
  31, 0x00000000000000000000000000000000a31e7e3cc1d5e0e736e84ff6f4a4a588, 81
      [1628, 1643, 1659, 1698, 1775, 1780, 1863, 2685, 2762, 2799, 2855, 2899, 2904, 2955, 5405, 5448, 5451, 5483, 5522, 5682]
  32, 0x3ffffffffffffffffffffffffffffffff510679b72d7f68b6e991c9b2d073808, 21
      [2808, 10744, 11027, 17575, 17584, 17590, 17598, 17604, 17616, 17630, 17638, 17644, 17652, 17658, 17668, 17674, 17696, 17749, 17750, 17761]
  33, 0x40000000000000000000000000000000224698fc0994a8dd8c46eb2100000000, 17
      [1827, 1897, 2828, 2846, 4116, 4117, 4126, 4138, 4155, 4156, 4165, 4177, 11316, 11322, 11611, 17685, 20428]
  34, 0x400000000000000000000000000000001be136c8ee6ddcead47667e89c236b18, 12
      [79, 1912, 5335, 5336, 5345, 5357, 5374, 5375, 5384, 5396, 10455, 20437]
  35, 0x400000000000000000000000000000001be136c8ee6ddcead47667e89c236b19, 12
      [2831, 17772, 17778, 17783, 17799, 17805, 17812, 17824, 17842, 17872, 18741, 18768]
  36, 0x3fffffffffffffffffffffffffffffffb2c3ae52f9a2463b2adcece84230b759, 11
      [1752, 1821, 14016, 14022, 17523, 17541, 17552, 18560, 18584, 18595, 22145]
  37, 0x3d5cee8cfe0f1733535dee5a7487bee152b0cebe9ebd0ca50b498c2681a51c49, 10
      [17199, 17220, 17260, 17300, 17340, 17380, 17420, 17460, 18551, 18608]
  38, 0x1ccf4ce3b2fb76f607b6bab43aab622b001808f159455fc45f9fd2da64d14dc2, 7
      [17216, 17256, 17296, 17336, 17376, 17416, 17456]
  39, 0x1ea82b41f4f70c3c73a78b914f4ca7334413fa6888fd5da7a35eb6e19fc4745b, 7
      [17221, 17261, 17301, 17341, 17381, 17421, 17461]
      offset: 5
  40, 0x3c6f81f9d7a675b5277591d93a84896c4dec4564aee0539aba3666a392fc04ab, 7
      [18606, 18811, 18871, 19520, 19536, 19538, 19759]
  41, 0x3fffffffffffffffffffffffffffffff488186cb0a7cb964d9a908666582edd0, 5
      [1836, 18186, 18266, 18348, 22099]
  42, 0x3ffffffffffffffffffffffffffffffea563088e48a6d87da2c0b86f70de4847, 5
      [13053, 18491, 18664, 18704, 18715]
  43, 0x00000000000000000000000000000000df05d5521fe4c544c2d3fc717b9e9150, 5
      [17135, 17156, 17200, 17509, 18530]
  44, 0x11e39fd04147fb641b64800c38bb1d4672b8c5feb6e85a260ff8f82f98199606, 5
      [17585, 17599, 17639, 17653, 17669]
  45, 0x3fffffffffffffffffffffffffffffff1b4b556a73c00712bbfb39e0928a25d7, 5
      [18616, 18668, 20317, 20319, 20321]
  46, 0x2b5f9b788dbb789cd06a68ff7a59f37badaee3cfc742d93051043a79bdde36e9, 5
      [18812, 18872, 19521, 19537, 19760]
  47, 0x3fffffffffffffffffffffffffffffffeeab056857b12a98b6c89962c92aa320, 4
      [88, 9871, 9877, 10160]
  48, 0x3fffffffffffffffffffffffffffffff14e5f33758993b20042ab6a82ead90ef, 4
      [14792, 14798, 15186, 18482]
  49, 0x36e17b8d3c326320dc0897274d38c2be31b477291348bf1e73b17ff0a30398c4, 4
      [17233, 17273, 17393, 17433]
  50, 0x1167a9b22c87f5722ee980cd79cc8cc0b6d41bbceef75b6a7053679491bb71b1, 3
      [4, 1891, 2962]
  51, 0x19ef76da1c4400d26f433882fd76a55185222827e4b87a179d1325b9d6fd0a80, 3
      [10, 1906, 4181]
  52, 0x1bf5063110bb407ae277bc10e50cb0295bfca069b706ea8380b8fac2e279f6dd, 3
      [12770, 13059, 15577]
  53, 0x000000000000000000000000000000053a22ffecbf5c9f9c90f7eaa8e5b767e0, 3
      [17198, 17519, 18550]
  54, 0x279a9bce8a1d345b0487ce0ed1df2ddd4a1e344f38d909e8b1020975f44b3229, 3
      [17773, 17800, 17813]
  55, 0x157c23584bef40903f687f3662bd5f8f5c9f5f6cf99c7213b3c28cf641bc8648, 3
      [18185, 18265, 18274]
  56, 0x2a39f508e6191bc5cb4f607bec1a5ef13a0a710918d5546b857e3e2b4d0c7780, 2
      [3, 1894]
  57, 0x21c0f190df9393f949aa218b090b969166e0c3d2cfdce39df2d8fd6a1c601b68, 2
      [9, 1909]
  58, 0x3ffffffffffffffffffffffffffffffa4e7185f7fe338449d840ebc32fb41844, 2
      [34, 20383]
  59, 0x3fffffffffffffffffffffffffffffffb2c3ae52f9a2463b2adcece84230b758, 2
      [1749, 22176]
  60, 0x2fa213925c12241f048ec3ea9c4c7598aaf0bb0b4a2c0f62bff41e50faecaa11, 2
      [4112, 4118]
  61, 0x3e983b18b07e934b2e6958586761d40bd7026700ac8275c19c06a874353ef0d5, 2
      [4178, 9490]
  62, 0x010b05d15f72e19120f2bf4e6c44355168cfe2493301e021c8c2a1f2349e28e5, 2
      [4179, 9491]
      offset: 1
  63, 0x02705eceaf01b5445c83f74d94ff390205ba7495acd9d49a9dc9c1ee460772fb, 2
      [5331, 5337]
  64, 0x40000000000000000000000000000000224698fc0994a8dd8c46eb20fffffffd, 2
      [9506, 11605]
  65, 0x02f6c3a01f111db3255298710740967e220be89365c9ad95c6825fd838a5e47a, 2
      [9872, 10161]
  66, 0x16223b251331e74aa33d0bd03cdd5c24468fe272bbe8c5987f6d56c6cc317fbb, 2
      [9873, 10162]
      offset: 1
  67, 0x3fffffffffffffffffffffffffffffff6d6dd379aea1df95158fb109b41ce01d, 2
      [10738, 17723]
  68, 0x1ac9d8bc901d459af3065f31560f7e3847d8c387388f7f49fefc21a2a86f3327, 2
      [11323, 11612]
  69, 0x3543e657a7654d0d2d5b5ef3ef5fbae686b2a78a0dd7d1c1ee4d246e7694535e, 2
      [11324, 11613]
      offset: 1
  70, 0x3fffffffffffffffffffffffffffffe8540d921ffab7a2def3e3c0080de48461, 2
      [12475, 13050]
  71, 0x3672c721f9373e7da1d255ccb6a293a9f5c084971021a3c6ef3574ff8163d7c9, 2
      [12481, 15583]
  72, 0x330669087ea9b0bffc72ad6459e6825a80e6fb146b81a249511641a117458f3b, 2
      [12771, 13060]
  73, 0x141e9f9b8d48fbaf055a000e7cddf99308c0f0e07765b28948273dc8af288e35, 2
      [12772, 13061]
      offset: 1
  74, 0x026e0e01d9a5f2f48fc8336a009b30eea7d18cb0220e07250210a8ebce40c0e6, 2
      [14799, 15187]
  75, 0x00a0e37900615de5f214814774a1c14415550cac50c5bb7b5fb6085652049cc5, 2
      [14800, 15188]
      offset: 1
  76, 0x3fffffffffffffffffffffffffffff689be95a587c26ee40fc69672b41a185e1, 2
      [14804, 15192]
      offset: 4
  77, 0x2bb2254da86dd65b04f2db29788e353c606745174d9cf13da3c14ad2d1989ba4, 2
      [14805, 15193]
      offset: 1
  78, 0x290983a3398beaecde050f9d70fc519680ac12d54d98252350c24811164f2fd1, 2
      [14806, 15194]
      offset: 1
  79, 0x000000000000000000000000000000032821f14e12f2493898549d6a73f74d36, 2
      [17138, 17555]
  80, 0x11ce1967e186dbc4f64b46cdc8910703913be676f71b8a970636fda83dd52ebd, 2
      [17232, 17272]
  81, 0x3ffffffffffffffffffffffffffffffae823990f4a380940fb4f00781a489821, 2
      [17513, 17525]
  82, 0x3fffffffffffffffffffffffffffffff4340c3a9e9afe398c972eeaf84616eb1, 2
      [17553, 18552]
  83, 0x1b99b1acd29227df50b2f5b896c1b052b5fef25e994822a38b588bde16a0d6c1, 2
      [17693, 17695]
  84, 0x0e3655cc7a83a43bc494fc972afc27be32e81aa2e51010f3616a41077fb4008b, 2
      [17825, 18685]
  85, 0x3ffffffffffffffffffffffffffffffe6ebc749a0b64c9ec270b25abcb05db9f, 2
      [18187, 18267]
  86, 0x1cb002d58b812e24ffd2d9dbb0dd478997c93de17524d82ba27bb5f10505692b, 2
      [18499, 20327]
  87, 0x3ffffffffffffffffffffffffffffffb57a683b85a2a6be35cb8feb0d817e0c9, 2
      [18548, 18554]
  88, 0x04b2dd45649ce69816b440a477e383b487d5d2ced7f07dcfff18b7b4e07e15b8, 2
      [19346, 19994]
  89, 0x152c2e4a17b5b51722dff8e1dba7db550d30ca2277121eb349555a4df6f913ed, 2
      [19494, 19505]
