scalars length: 10329
freq>1000 (count, total, %):          2,       5474,      53.00%
freq>500  (count, total, %):          2,       5474,      53.00%
freq>100  (count, total, %):          2,       5474,      53.00%
freq>20   (count, total, %):          2,       5474,      53.00%

top values:
   0, 0x0000000000000000000000000000000000000000000000000000000000000000, 3501
      [2, 3, 6, 9, 21, 30, 35, 36, 38, 45, 46, 47, 48, 49, 53, 59, 60, 65, 66, 67]
   1, 0x2405f583c68a368e3b3603bc4b337f3a1bc0909748320f9d6723fd7e582bbb68, 1973
      [39, 40, 50, 51, 52, 54, 55, 56, 57, 58, 61, 62, 63, 64, 69, 70, 72, 73, 76, 77]
   2, 0x2ca6866e5d777fa644d35399d5f6292f6ac13dabda6874704a26fdf15b4761cf, 10
      [2860, 2862, 2871, 2880, 2889, 2898, 2907, 2916, 2925, 2934]
   3, 0x35cb473e20599d4738a08dfeebe1fa7f6d5f45e8e5dbcd4a23aba63c917b4b11, 10
      [2861, 2863, 2872, 2881, 2890, 2899, 2908, 2917, 2926, 2935]
      offset: 1
   4, 0x2d8c0b28146c4f42245e3f4916d7c1f93520fab36e1016500288ce606f856449, 10
      [4075, 4077, 4086, 4095, 4104, 4113, 4122, 4131, 4140, 4149]
      offset: 1214
   5, 0x265d0ababebf6b609baf55b5e7ac5d034ff0332b1af13e536affe8057c3dbdad, 10
      [4076, 4078, 4087, 4096, 4105, 4114, 4123, 4132, 4141, 4150]
      offset: 1
   6, 0x33496a3719c501b0085649db539b129a9db40eb64835ce5e13a5d7f40dcc5540, 8
      [3625, 3627, 3636, 3645, 3654, 3663, 3672, 3681]
   7, 0x3768d8bfb3315a2be7d7b8d53a3e44db000d4a653cc85b1c500adee941c278b9, 8
      [3626, 3628, 3637, 3646, 3655, 3664, 3673, 3682]
      offset: 1
   8, 0x26ed2b73a1c2ce9caa6d7fc823e8ba71860c38b675011d65f32a9f9a9c95e92f, 8
      [4840, 4842, 4851, 4860, 4869, 4878, 4887, 4896]
      offset: 1214
   9, 0x2b1febcdf75f72f81b11b6a3458c13eb5f1e036d1af056482770b960bfb2465c, 8
      [4841, 4843, 4852, 4861, 4870, 4879, 4888, 4897]
      offset: 1
  10, 0x20254a548efc92c7665d487d96a3ce1f4ba90dee227f47b0429c5ea9c049f122, 7
      [3283, 3285, 3294, 3303, 3312, 3321, 3330]
  11, 0x110e8f36864f167fb0807daaadfae63dedf85a26eb3112637ceb6c88dbf507e8, 7
      [3284, 3286, 3295, 3304, 3313, 3322, 3331]
      offset: 1
  12, 0x18f812c5d7c3ecac67d340d37a7368e6bc5476173cc61231f1927efb7d7e7a56, 7
      [4498, 4500, 4509, 4518, 4527, 4536, 4545]
      offset: 1214
  13, 0x346f178e6ae0807fe278b580fae987f482f906f5d4e8272bec017a68f88ab3b7, 7
      [4499, 4501, 4510, 4519, 4528, 4537, 4546]
      offset: 1
  14, 0x3ae729f1d2dfab5d7811b4eff7e9c395bc8b74535289961c5d3615ddd6a216ba, 6
      [3220, 3222, 3231, 3240, 3249, 3258]
  15, 0x332a99c0a864a86cc464fab062a5ca398f349f3c5b5d97fa42cc38d196971054, 6
      [3221, 3223, 3232, 3241, 3250, 3259]
      offset: 1
  16, 0x275ee00b2260886982287b10ba996fad9c61128c2bcead718cbd37d2d9d57117, 6
      [4435, 4437, 4446, 4455, 4464, 4473]
      offset: 1214
  17, 0x3befc968c48f99f1d9743e274791914587f05979e7d655df2d11c000cf971e16, 6
      [4436, 4438, 4447, 4456, 4465, 4474]
      offset: 1
  18, 0x1a53a4ac2c037164dd96c858e3edb82a11c27b0f1bcc39821738d88cd62e4e33, 6
      [6604, 6671, 7323, 8504, 8571, 9223]
  19, 0x3998d829b1868d284b26c99124f6886129c6f82accec21aac38aa2028f08a78a, 5
      [2941, 2943, 2952, 2961, 2970]
  20, 0x023fa29780a6087df4edf8035816ef5ddfb676e7ca16728b810718dd6cb9467d, 5
      [2942, 2944, 2953, 2962, 2971]
      offset: 1
  21, 0x1c12a72d19c9612e9d4808033ddc6546bc05cbc6312970dbd559df5be617d40d, 5
      [3103, 3105, 3114, 3123, 3132]
      offset: 161
  22, 0x15dba2a7bc6f01cba2e643e86e3ac6e4e332d029be660dfe47bfec17e2f58b9a, 5
      [3104, 3106, 3115, 3124, 3133]
      offset: 1
  23, 0x27da51b8b8eab90a87ca89bdf14098dc3f8d275647a455e6aff7c830661dd1e6, 5
      [3697, 3699, 3708, 3717, 3726]
      offset: 593
  24, 0x3d47688f9d664b3637cb41fb7a38195f367176485b3bf5361c531035dc33e199, 5
      [3698, 3700, 3709, 3718, 3727]
      offset: 1
  25, 0x0a5de2117f5dd97b9587d5d05c2f2eee6794c96e8798233722772df4338e9aa4, 5
      [3733, 3735, 3744, 3753, 3762]
      offset: 35
  26, 0x093d84bae32db2665914f9449306b7304fdb11546d2ed904d64a29d855b04758, 5
      [3734, 3736, 3745, 3754, 3763]
      offset: 1
  27, 0x256bf3f178d509d660a6ce2d0ff4da75e0344c4f32c8fa399db9a6236815e26a, 5
      [3805, 3807, 3816, 3825, 3834]
      offset: 71
  28, 0x11f5930bbebc21caa88f5e69d916dcca9384839c96f69725b573f719923e96a0, 5
      [3806, 3808, 3817, 3826, 3835]
      offset: 1
  29, 0x30578158e38ae216dd81993b7858aeee79fc7ed31cbf828610d75ca81f78593b, 5
      [3922, 3924, 3925, 3941, 9225]
  30, 0x38cb8bd6775de9bd51119d599bc59fff01b786f9d8901f1f06bc339316f5c8bc, 5
      [3923, 3926, 3927, 3942, 9226]
  31, 0x0c58739128293c13bd88bafb1f1d014a7589821b3bba134e558cf313fa375893, 5
      [4156, 4158, 4167, 4176, 4185]
  32, 0x0b3e74d3ed3488fe78772a8effe79d4970bc9db65984d2c73ddf5bd049457869, 5
      [4157, 4159, 4168, 4177, 4186]
      offset: 1
  33, 0x35e7d1b1c7fac199a7245074707896a1162995477a1c063f4c841a0031a0ec4b, 5
      [4318, 4320, 4329, 4338, 4347]
      offset: 161
  34, 0x2934675ec618ab75652ee201a0221a65d532c09d979b006c96efab02c2e51cbb, 5
      [4319, 4321, 4330, 4339, 4348]
      offset: 1
  35, 0x13111f62b873bd313a0864a2596af26b757511d3e0999d465e2732a1ef2dccb9, 5
      [4912, 4914, 4923, 4932, 4941]
      offset: 593
  36, 0x030079d6194028db1d40ac074b494aaffd8a60d0ec4f96a77030299ce22ac2e9, 5
      [4913, 4915, 4924, 4933, 4942]
      offset: 1
  37, 0x3ea8ae545e40490a00e2f71259c6760725b5e2d7b6bcdbb1951576d6c3711965, 5
      [4948, 4950, 4959, 4968, 4977]
      offset: 35
  38, 0x0369461a23299d7b3f7ca85ba9fa88f7fbc9c7268378bf30a76ef678ede52a90, 5
      [4949, 4951, 4960, 4969, 4978]
      offset: 1
  39, 0x1c2030be205cefaefa855cb38b235d11893c8182244d9318103aee33394d4540, 5
      [5020, 5022, 5031, 5040, 5049]
      offset: 71
  40, 0x29f961eea415a328cd3a8a87f63a656782d688903d48660a98aa62150600c85c, 5
      [5021, 5023, 5032, 5041, 5050]
      offset: 1
  41, 0x1fbb21fd813460527f8d97809ec183a45586cb11444cf41b4c667550d60e4b33, 5
      [5137, 5139, 5140, 5156, 9228]
  42, 0x39dc809098086aa5397cc691ecc2f07f9301c6c2bd78ce0f5e1e5754aac061fd, 5
      [5138, 5141, 5142, 5157, 9229]
  43, 0x375d740eaf09bc0ea28f15f030bb2d0e9ec3f82591f244352e02cf2dc9ad2edd, 4
      [2761, 2763, 2772, 2781]
  44, 0x2f61b71eeee1e16b2fdbe6164b6c031f6b421cf10a40c10a359b5e26ea69ddaa, 4
      [2762, 2764, 2773, 2782]
      offset: 1
  45, 0x3d9125f604a88b66a2ae1e1398e92fd218d82f40dc2ff4af59e20951ab9b84df, 4
      [3058, 3060, 3069, 3078]
      offset: 296
  46, 0x288eb7925f41f0c6682a82e48c213b7783e85c71ee541c5d1dc1e59e619283fc, 4
      [3059, 3061, 3070, 3079]
      offset: 1
  47, 0x3a9592efcd689881e46804020e637db836f09cdf73a3150191b01622cedbfcb7, 4
      [3166, 3168, 3177, 3186]
      offset: 107
  48, 0x17a8faecd5039e9a6322e9cf980cc1c1e091a5bceb43ed6a931b1113c555f355, 4
      [3167, 3169, 3178, 3187]
      offset: 1
  49, 0x2e7786e8a56e8b4c1334095c2021798ec672091225fa23123ffc1300465b1b76, 4
      [3427, 3429, 3438, 3447]
      offset: 260
  50, 0x0819515153da8d3b436247eb52cf65ef6d550eefcda28ad3a3ce39f4f56972fa, 4
      [3428, 3430, 3439, 3448]
      offset: 1
  51, 0x23498a0be3d8173d7259bdf6f02af7fb8c3d472129dd342bca75eb2d27f907e2, 4
      [3868, 3870, 3907, 3912]
  52, 0x0e0499942421d6812685b7e6710320c1cd711d14ad04ff507d5081865825dbaf, 4
      [3869, 3871, 3908, 3913]
      offset: 1
  53, 0x261e70a48e557e0aacdf9def7e7a7b94bd79bd63a90706882d1fcba257602dff, 4
      [3885, 3887, 3888, 3904]
  54, 0x0f5c57b80dd5aeaee364b0bbdc7ce4f7a0f24544f860e1523ec335bf8e9d5ed0, 4
      [3886, 3889, 3890, 3905]
  55, 0x1a828e2bfbe3a64c71d0ecd13180304f62bb809567c07c62c2c99fb1a951e35b, 4
      [3976, 3978, 3987, 3996]
  56, 0x2b09cbf39acf9dec1000871723cb8a5bd9fc01054ea5dab51bc1407ed2e8dbd9, 4
      [3977, 3979, 3988, 3997]
      offset: 1
  57, 0x1a1fd0985b493af4d194ac7667809592801f909babd7ba93504a563aa5c5a64b, 4
      [4273, 4275, 4284, 4293]
      offset: 296
  58, 0x392a7e48b9070f56d7770c42b09d0447b51c6c62ebfc9ea43f422740b5986461, 4
      [4274, 4276, 4285, 4294]
      offset: 1
  59, 0x237dc4cd92b0b1f9de84d7a3e8b2305fb4af6edb1dcdc66f7116c07509e52599, 4
      [4381, 4383, 4392, 4401]
      offset: 107
  60, 0x1db2b3542573e512494c93457e29cd6a2d2d451edd757efcd2428e463fef3081, 4
      [4382, 4384, 4393, 4402]
      offset: 1
  61, 0x3fc7dc4889ea4617293f673856d25c33d8abc177b8b1a9df5465fb7370df9b4f, 4
      [4642, 4644, 4653, 4662]
      offset: 260
  62, 0x12d4146cdf20a6591c683ab4293fe28ddb5e0b1aa5c37268aba8963cd1e16145, 4
      [4643, 4645, 4654, 4663]
      offset: 1
  63, 0x088f807957c7e2d9958ea1050a7b3251468298b0e5e167019f59f566c434e882, 4
      [5083, 5085, 5122, 5127]
  64, 0x3066f95cdbf5241d45334933fb7846387435a1ec7c3b5e2a94a4a4f0371273a8, 4
      [5084, 5086, 5123, 5128]
      offset: 1
  65, 0x3ec1e0edccf721a51998fba31423d8ade2591afbfd0137c76e6bbd96c51c7980, 4
      [5100, 5102, 5103, 5119]
  66, 0x082095072710c0d38fc8dc33ee284dce81ab3182e9b86baaf42d3e73edd63ff9, 4
      [5101, 5104, 5105, 5120]
  67, 0x04d10cae3dffc83af3a87d466d600765442731202a831db3a4b8c1e5f0e719bb, 3
      [572, 1653, 9253]
  68, 0x16ca700198776d5752b723257724dfc2110bf7811e9336d5538ce7abac53c618, 3
      [573, 1654, 9254]
      offset: 1
  69, 0x1a109132ac30d481c0c654fe7ac70c21e39e3853443d35a2ab15a32135180a90, 3
      [574, 1655, 9255]
      offset: 1
  70, 0x246f8bf02a61190d77a4bd695c30766e0c0f4ba923f1d33f44ed8412949df3ef, 3
      [581, 1662, 9262]
      offset: 7
  71, 0x217c3431d2a44bad4532f2785a2ab325adb17dd386a2e539aae70de70994cc64, 3
      [582, 1663, 9263]
      offset: 1
  72, 0x35c511b7db273f10e5275c6584d6daf204c5d25cdabc0eef8cf7f450001e2dc2, 3
      [583, 1664, 9264]
      offset: 1
  73, 0x1152f1c2bf280ddb737eba156f61407f7171833f9d5a68d0c24b5e25d47e42cf, 3
      [599, 1680, 9280]
      offset: 16
  74, 0x3fa94f259f397959ba55ca864d1987b9779b07f8c6c4614adab673e54df758c2, 3
      [600, 1681, 9281]
      offset: 1
  75, 0x1659250da9d29b30f05f5bab63e67c0a0fb2be9e3439b01dbcb1aebc662f5f80, 3
      [601, 1682, 9282]
      offset: 1
  76, 0x3f51b1132a6322e9facb0f15bf9ca92b74159fd1d7a7e90c7699a293e1f5642e, 3
      [629, 1710, 9310]
      offset: 28
  77, 0x2c7900042fce822fd980740bc313e56f7045e5f5e2db3cb896287fcb797ceb6f, 3
      [630, 1711, 9311]
      offset: 1
  78, 0x273463b4199515558fe679aa6d07c148488448b8ed77d3b097c98f9066214169, 3
      [631, 1712, 9312]
      offset: 1
  79, 0x125398dca724cdb3c7626163e7db1e4d922ed10cd82b02f6341f2e8032f672b3, 3
      [632, 1713, 9313]
      offset: 1
  80, 0x265769b1bc27d4c9c0949aad0fd147faa8886c4c69d5dc1c8a18c14f8677dabd, 3
      [633, 1714, 9314]
      offset: 1
  81, 0x093a9b38bf3106d086bd5a7388f7b7e1d916930dbe887ea7d7589c8669d6d167, 3
      [634, 1715, 9315]
      offset: 1
  82, 0x35b498f9ffceb6582080255cdf454a2d4af0373a9a1ce4a52e45a93598e075a3, 3
      [635, 1716, 9316]
      offset: 1
  83, 0x09297586944675e2f543a856adf2afff8d1bdfc7f74de8535bd60eea4108e863, 3
      [636, 1717, 9317]
      offset: 1
  84, 0x2067c7ef216475958b603400d40021531dad818ef7b02ea3ce5288cc690c3530, 3
      [637, 1718, 9318]
      offset: 1
  85, 0x19cb26fa39754553e7192359e952efff864b691d2a978aaa7d29f25fccacae1c, 3
      [638, 1719, 9319]
      offset: 1
  86, 0x058e4fe7b8643ef17394ec4d3659883e5c749387d12c439d1411ea43b224b585, 3
      [639, 1720, 9320]
      offset: 1
  87, 0x175bf5578b9d06b3e25fabc7463bd4a92bdab4691a3b01da132dd97800ebd443, 3
      [640, 1721, 9321]
      offset: 1
  88, 0x1fcc1172c99dec2076c6fba80719486b8ed8ec7a3897d3bffc99ff6bb513a546, 3
      [641, 1722, 9322]
      offset: 1
  89, 0x19e95d19b6424095ab83a091e66bf2425966c74583ab95e2618c4032c12f13a0, 3
      [642, 1723, 9323]
      offset: 1
  90, 0x1d8d66170fabbdf79e731093899b68214ebcf1a58b69b91d8f90c7f828763b3d, 3
      [643, 1724, 9324]
      offset: 1
  91, 0x1ce9d4a1f87d6466e70fee18132aadf31dc7a2679571d7fcfc3ba29df9d73c48, 3
      [2734, 2736, 2745]
  92, 0x1893df8137f2ecd98387fd041927cfd661f6764eecd866f73dca5ca317d65a5a, 3
      [2735, 2737, 2746]
      offset: 1
  93, 0x196b8cc7bea7a020ec302a444e341716efcc3824f1f4b667e43936e0a0d7d3d1, 3
      [2797, 2799, 2808]
      offset: 62
  94, 0x1db6473a50b0a3ad0fe1e6ce5d4c0409d0aae44b6b5bf93ac1c972557f001f9f, 3
      [2798, 2800, 2809]
      offset: 1
  95, 0x23d744d286cb83389d09880774e63976ee6011b13bc11d3f99abb97c97d6803e, 3
      [2824, 2826, 2835]
      offset: 26
  96, 0x3a17885c8610e4ff3413e24f3a7555a8404ad7c430907c79aaa0c557dcaa134d, 3
      [2825, 2827, 2836]
      offset: 1
  97, 0x09e53b2b9d73640805f5aa41335c4073d333bbeffa94a0575bec3cd81e3c9b9c, 3
      [2842, 2844, 2853]
      offset: 17
  98, 0x061b82761e2e7fd7133d77c67ff6181a87101e21168c18ccbe001693d0eb4a9f, 3
      [2843, 2845, 2854]
      offset: 1
  99, 0x27e9b3e4c2400c54f72c175f91558fde46e7c8db527aa412cf610415cd01e9d1, 3
      [2986, 2988, 2997]
      offset: 143
 100, 0x09a44e41b3689a06ba66dc48e52f8c93610c13b51d9ea563e6d5e9dc1beb6509, 3
      [2987, 2989, 2998]
      offset: 1
 101, 0x146a2830eb10548ba03eca003e2e81d2fa416ba0d1624268065d5a214f1ad8ae, 3
      [3013, 3015, 3024]
      offset: 26
 102, 0x31f1c718b05211d5825125edb63525264acda198fed76704f486a1c14d3efe05, 3
      [3014, 3016, 3025]
      offset: 1
 103, 0x3fd422aa3973ff27b6fec8777d81f967e99ff9a31bd83761e33acd9c10986849, 3
      [3040, 3042, 3051]
      offset: 26
 104, 0x3b0fa8b1deb3f0fb449ff77496b090f4895889162f86aa59d0cd095110f2da80, 3
      [3041, 3043, 3052]
      offset: 1
 105, 0x143923766a33890fab3e11fb180455ef0e37c4b316bc839b65c5b676e9bb1c7f, 3
      [3085, 3087, 3096]
      offset: 44
 106, 0x067f924c78ddb16fd74c37f889d8666db6c3c2fe98563e868a559f699a9daa31, 3
      [3086, 3088, 3097]
      offset: 1
 107, 0x2bb033d5184639f0da130053e8b9d3811a945d53f89b41c9c39dcef5206c0221, 3
      [3148, 3150, 3159]
      offset: 62
 108, 0x09fce1dd6af87afaacaa282ebac55e29749ebe2a6132d72b3e185199b6147689, 3
      [3149, 3151, 3160]
      offset: 1
 109, 0x1a0eaf59cf8f81488bc1a024ececbba44162e81f980879e01d58db64bf423d86, 3
      [3202, 3204, 3213]
      offset: 53
 110, 0x2cf160c6159d65c6fd96607e3fd778e083b536cea241e1b5d802118075b214ab, 3
      [3203, 3205, 3214]
      offset: 1
 111, 0x0763cf2b9cbcdfa3857fbf71abf7f3d3ac5e2c3fba1e272a138d65c5b01c30e8, 3
      [3337, 3339, 3348]
      offset: 134
 112, 0x26b15cb904dca7c8d710fd65b76f98378116a903f7fbe0998c93842f7301bf25, 3
      [3338, 3340, 3349]
      offset: 1
 113, 0x1c4404c21fb89d4ab37cf8fcb4aefd62ed6e93bab306679faeed176006ce697b, 3
      [3409, 3411, 3420]
      offset: 71
 114, 0x15cef00376ae80b15eaa4f3c32e28943436571b291f7fe76251ad0c35d65e024, 3
      [3410, 3412, 3421]
      offset: 1
 115, 0x0a1617f8e20901dbfaf31f4295410effa087cdfcec7f71646f5774c9373af804, 3
      [3463, 3465, 3474]
      offset: 53
 116, 0x3059630ce645f495c5415cbdd91e82edead5de68c3b41ec12d496c41e2d1a5b7, 3
      [3464, 3466, 3475]
      offset: 1
 117, 0x28a56abd84583587e7f22e80c5424695d32a3f19d5448c8ac38dcfb3b9fc9f2f, 3
      [3481, 3483, 3492]
      offset: 17
 118, 0x2935dfd5790a19dfbe1cba350c72ec20c4356dde2c34f82b681719335e069f9e, 3
      [3482, 3484, 3493]
      offset: 1
 119, 0x1bd2cb4681b7ba0e1619af88cb8260cb4e7df025135e126853d745dad421447d, 3
      [3499, 3501, 3510]
      offset: 17
 120, 0x375aea0798f43c9f66d1bf8f17e24baa2b2634645c919cae790b40d606816d2f, 3
      [3500, 3502, 3511]
      offset: 1
 121, 0x1f451e165e49463a8be3a13e6983987916073469f24539005c1a95012c6262c7, 3
      [3535, 3537, 3546]
      offset: 35
 122, 0x02abd91eececec5bb319c4904ad2b581e7453637949bec27f61eb3756bd3a889, 3
      [3536, 3538, 3547]
      offset: 1
 123, 0x2f57a53ec67aed044b6d1422724eb8cf1e89a3ac3bfdc59e87918030f97775f6, 3
      [3580, 3582, 3591]
      offset: 44
 124, 0x1e19768c3252076df6f6b98da78ff51095a531858084976ab79dc0ebce1dacb6, 3
      [3581, 3583, 3592]
      offset: 1
 125, 0x32939a9e12d5738e227ed10d87d67cb083487184ac303f22214b82b3520d5fca, 3
      [3607, 3609, 3618]
      offset: 26
 126, 0x05a423867d19b45838e8e4179b5d8a39853008cd96e6d1afc3b3548ded66242a, 3
      [3608, 3610, 3619]
      offset: 1
 127, 0x37b4edf7c2c67de9e3ed8593bc96c24d319e833f50e32cdda8dabd6718e03111, 3
      [3787, 3789, 3798]
      offset: 179
 128, 0x1616cce817970559eac5a483a936012fff2dc9b9485904689edb1fe8108d2e12, 3
      [3788, 3790, 3799]
      offset: 1
 129, 0x10977e9ff36d114bcc6c49abc0c87a092c8d0648539cc1dc5c3e14ad22d59d3b, 3
      [3841, 3843, 3852]
      offset: 53
 130, 0x2093939868519ba21377c813adafc6bd3c3436fce6e61b6e9dc846efe62f90c5, 3
      [3842, 3844, 3853]
      offset: 1
 131, 0x0ad114e23a9e4a59041fc1ecfdc89c1058e9bffebb799ed48a58a40f704d2cdb, 3
      [3949, 3951, 3960]
      offset: 107
 132, 0x053d9a261b54f573d1446ec5aa84898af48309ad0d81991848d321b6f16dbf87, 3
      [3950, 3952, 3961]
      offset: 1
 133, 0x14eaed3f6bc77694cc4fdf03ec7ddae0505e063840831856f285a0ac12f42f25, 3
      [4012, 4014, 4023]
      offset: 62
 134, 0x04673d6fe960075441f2ec57aa843fcf0a2442a08bdf0a4f788723a82e188807, 3
      [4013, 4015, 4024]
      offset: 1
 135, 0x0386e271e2e0bc909d715a2c21a6a8ce7c047d50829744b2b748e3556d518651, 3
      [4039, 4041, 4050]
      offset: 26
 136, 0x35f683c254b50edaf2384aaac48facafd890d3164d8d118fd582f9e01f6ead35, 3
      [4040, 4042, 4051]
      offset: 1
 137, 0x2da1cf62404d893fd57ab6720d498b5bbe990f67c4e33fe1aecdeab84fd1e395, 3
      [4057, 4059, 4068]
      offset: 17
 138, 0x3dcebb5013d9778db880e7fb4bf0341909f752f4b0b4536ec5a126af78e275bc, 3
      [4058, 4060, 4069]
      offset: 1
 139, 0x1c90ee5a400db2b5b2dd9b30355c30a6331b683ae52d74b349774d6bab7ddd69, 3
      [4201, 4203, 4212]
      offset: 143
 140, 0x049b8cbca308d21f9a801a1441466f20cdebece6ae96b6c2be4597354b01e583, 3
      [4202, 4204, 4213]
      offset: 1
 141, 0x30b473f3a070dfd7c4239f2392082b4ad4f4242a63ca3ef22e15bc88f4f2fa25, 3
      [4228, 4230, 4239]
      offset: 26
 142, 0x279d020212103685730d04a01608111b8fffe32ab09a6d8d4d8e4cff9b6d8ea2, 3
      [4229, 4231, 4240]
      offset: 1
 143, 0x3f47c67cc32cb9e0515b3d28518c56e7c5f3097f0d6dff79672eb047efb2661d, 3
      [4255, 4257, 4266]
      offset: 26
 144, 0x023f2d1a69d50f1e29d7953fe0674de775915629a745171980cb94f4ab632479, 3
      [4256, 4258, 4267]
      offset: 1
 145, 0x1dea123beb88be2f5a4b490d4a548cf0f3fa2d3a0354244159ff523fc16c06bb, 3
      [4300, 4302, 4311]
      offset: 44
 146, 0x1ee3385f4742599ca60781368072d3124e5164911db9f424cc857a7a1ce0365a, 3
      [4301, 4303, 4312]
      offset: 1
 147, 0x03dcd3d61cd5744669f074d3bf609a23cabb5ca5b14467f2bee9d30423766691, 3
      [4363, 4365, 4374]
      offset: 62
 148, 0x14d1fdaa9fe5686003be6550753b0e46168cacf7154337b1dc208be48253cd71, 3
      [4364, 4366, 4375]
      offset: 1
 149, 0x0121ca93daa87da3f948d21f38d89e82ef6cb1e1f12125c92813051c4b6f6a57, 3
      [4417, 4419, 4428]
      offset: 53
 150, 0x3ff92a2c5908683adf026a72e926c6ff7959e287dd68563514ea846291183c63, 3
      [4418, 4420, 4429]
      offset: 1
 151, 0x1fec188c9d725617f34c2a0785735624edfa80fe7a4e5fb0c7c0c6bd32dfd432, 3
      [4552, 4554, 4563]
      offset: 134
 152, 0x0cd8675a4fbc954bee37e2f12ca8c7dd68bcd23e7aef5fa18671057b7587a53a, 3
      [4553, 4555, 4564]
      offset: 1
 153, 0x021fa2e1632fdac6082084ba77916a9948e36a525e8a4e6202dad68b31b0894e, 3
      [4624, 4626, 4635]
      offset: 71
 154, 0x2533997515abcc3934c02e4bdc0007a5c73897c2511bfc2ce5214a037db909c0, 3
      [4625, 4627, 4636]
      offset: 1
 155, 0x1a046e8fcfb6075fae0a41d324c5a21d6044ba781c52ee0de4069476a0f94c27, 3
      [4678, 4680, 4689]
      offset: 53
 156, 0x0987032c7d91ec7a23dd28b89c00d7fc752804223e29a3ea89d5dbc9ec94dc25, 3
      [4679, 4681, 4690]
      offset: 1
 157, 0x0962d20b00552594306e3de3f2edf0050e11e6ede0cb53594041cbc5c9d55e70, 3
      [4696, 4698, 4707]
      offset: 17
 158, 0x262e78d9fdeea432849917a448bddbe18d923727cbe5f10ea77eee40ad655429, 3
      [4697, 4699, 4708]
      offset: 1
 159, 0x18a2d79dde27bc5a61d8d1ca6099e0b6812e5577795a2f78e83afc5b3eaa4660, 3
      [4714, 4716, 4725]
      offset: 17
 160, 0x06d621a4a47eed5d098a4fa0c5b248f606a3c597bacd10f5c59cc3383218f454, 3
      [4715, 4717, 4726]
      offset: 1
 161, 0x1930d58760e9cb9a1ae72be3a9f89841fd11cf4e5fab5dab2c73741d97c9a088, 3
      [4750, 4752, 4761]
      offset: 35
 162, 0x1b2ba86eeb9b1eeba5a30ffbb3c3531e8bc9590e0f9c2a995e1e6b6ac484d573, 3
      [4751, 4753, 4762]
      offset: 1
 163, 0x3566fb9025fee7662e192d19fbccfe08f423e1f3053550630595d33966b66c17, 3
      [4795, 4797, 4806]
      offset: 44
 164, 0x0a697056a19bc3e07faeb75afcc936d48fe1ad609d0ad521c86b1cf2f016f3d9, 3
      [4796, 4798, 4807]
      offset: 1
 165, 0x232f716e756029188e75e6879027e1be968cb844c68e4a1c0895cbefe8446cd3, 3
      [4822, 4824, 4833]
      offset: 26
 166, 0x13ed7d25c419fc438d8cb482e1ada690e88ab05015300bc337c3e99fd6e8687f, 3
      [4823, 4825, 4834]
      offset: 1
 167, 0x29d0d55576666de67e1d3bc2930bcd2762c5d9f536704a8e8e442c3cc4e8b2e6, 3
      [5002, 5004, 5013]
      offset: 179
 168, 0x38c7df4c4d0163f6f5745b4a70990df0c2f23435cd3c5180b6cceffc84f97776, 3
      [5003, 5005, 5014]
      offset: 1
 169, 0x0ae0977551cabaf163a0410ef9c1f60fd78c18eb59ea95831cce5269ddebef9e, 3
      [5056, 5058, 5067]
      offset: 53
 170, 0x3df2ae7df26906c51f460579554549fff0705f95876940d91f043f61e3e4395c, 3
      [5057, 5059, 5068]
      offset: 1
 171, 0x345fd1345162447d6fa0bbdbfa26488b9ac4615f25515b3c87bcd757787dd571, 3
      [6992, 9232, 9242]
 172, 0x17965f0166e84a803f4f1b82e35ebb336dfb7fb898628f4155415a9feb362f4c, 3
      [6993, 9233, 9243]
      offset: 1
 173, 0x3554d90475de0282e11f590c610d0e588f29dca71bf1013a288a8b8555370b46, 3
      [6994, 9234, 9244]
      offset: 1
 174, 0x1827c572669a84c9ab01afdf77cfd32a90c35414346d70096cb27d3e6e9ac912, 3
      [6995, 9235, 9245]
      offset: 1
 175, 0x15a128a19774d769c65c103695d11a62a06b575e2e64536232140d7f060b2339, 3
      [8892, 9236, 9246]
 176, 0x3d80051c1500960a044a9773b405ab67eb4191fd09d7ba1fbd0f11b381e08106, 3
      [8893, 9237, 9247]
      offset: 1
 177, 0x309f7fcf77cb772a19cc6f57e4f83a8dafcebd64c58a53444b515334a8cacc52, 3
      [8894, 9238, 9248]
      offset: 1
 178, 0x13dc5fe642dcfcfa86f65da505015585ea44e4b813b6f7e3b9bf26e32d940f1c, 3
      [8895, 9239, 9249]
      offset: 1
 179, 0x3006383c15c1590230de2df74dac7d1b8179b5fa2214cb52b4f81da40bdb0b10, 2
      [11, 561]
 180, 0x36f6c446106e8f808544f7d21c2b900cec606e6940cb187040bd3d8ec60e8cb6, 2
      [12, 562]
      offset: 1
 181, 0x21cc0af97dd477b0bad3960776532c7eb743d23fc6c58e3ba60edd5615e46099, 2
      [13, 563]
      offset: 1
 182, 0x17e31b69ce3fa7b0a9c6252ce1930087cbb379828ae5d629feacf3206d1a56c8, 2
      [14, 564]
      offset: 1
 183, 0x1fd098aa43d8b471b0cf2eb91d6f5dc82961441c00836fabd91cc74611a900bc, 2
      [15, 565]
      offset: 1
 184, 0x128bc6683645720f0475e7bbda3cff7af91fba8cca65241d980927d4eed5c52a, 2
      [16, 566]
      offset: 1
 185, 0x2665293e62df3ce1c0045ced113e02476e16665eac39cf04d8bd81b0885098d0, 2
      [17, 567]
      offset: 1
 186, 0x0f6c7a2aa6001c5fd60b101a5838a1eb57e2a7a1c38057c568dba3319ee1c4ab, 2
      [18, 568]
      offset: 1
 187, 0x344c1c4b7d3cbdff9a1c5b401e7360a695c5df4e119c72cbef9afdc825949386, 2
      [22, 25]
 188, 0x36544a93e063d28f5e0c2eae8d2e3ee0d3e5e28b3bdaf45dfc7423d09b14e7a2, 2
      [23, 2729]
 189, 0x25a4ce10a309d39fdcb0458f18c8c42e240402c85915b15f6ba07fb0b5ab2686, 2
      [26, 1647]
 190, 0x1eb19c79f2be004927afaabe3748e018b076076b6362b736ef9e73272836193c, 2
      [31, 34]
 191, 0x375967c40834564fb1824da952147d1b545f276b464517d36ce2eb2c6942e929, 2
      [32, 3944]
 192, 0x2e4e631ff657f071102b1c88b768d2346cc3c66b482c39f5991452b7f45562dc, 2
      [41, 5424]
 193, 0x1127d531b91ffa7b5f7c4cbd61a40acb693151dfbad96859d9a15023896bfe2f, 2
      [42, 5425]
      offset: 1
 194, 0x321ab3e21b328be65d133d5f42fec2785bc6c6b6c12de399cb6a6a3186845c00, 2
      [43, 5426]
      offset: 1
 195, 0x12e96e488143a73ca72aef301c02ae3e18d12c9949d974f7e08a956051b7cad4, 2
      [44, 5427]
      offset: 1
 196, 0x0a1624596e63a2cd35376771fdb763e1a62469ceaebd60372e72d16f67600b4e, 2
      [301, 7324]
 197, 0x268047fa28a787a784ff4db54cf842cb8eeb37427c45c2b1cb36147bffc727d3, 2
      [302, 7325]
      offset: 1
 198, 0x27178d34908dbd35909ee3bd76598ab6eac5384104bd8eb6e54bc599b9f56b37, 2
      [303, 7326]
      offset: 1
 199, 0x1b7bcefdd8316f21d3ebb703f1f147047d8c3e6e05a3cb1846cff38f1e8462fb, 2
      [304, 7327]
      offset: 1
 200, 0x130aa9d97829cb29e1bd9e50616175915a47c82f1b75b4cd56a507000555b174, 2
      [569, 9250]
 201, 0x3a71ae17c525dc68243fe4956bd1c14327adc54bcea9b5aa9230a2e6cdb18291, 2
      [570, 9251]
      offset: 1
 202, 0x07a6125c17060ec9ef7059315a2091c5ec994b1510f5e9420497813372e881ac, 2
      [571, 9252]
      offset: 1
 203, 0x3a7391b422e653d61971ed163f60697cfd7376973858e3bfbabeb69a9b8852f5, 2
      [578, 9259]
      offset: 7
 204, 0x30fac61531fda25c069330819ee548c34f743ac169627d94e5887bdb7c3fff55, 2
      [579, 9260]
      offset: 1
 205, 0x2b90d3f292e113fc412d5ed8e1d681beef0490a8b0210fe65f5bb2f5aeaf066a, 2
      [580, 9261]
      offset: 1
 206, 0x2d1f267f01a8ffcc5e3fb8aae96b619050547aff2dd6a729bde8b31721b3689d, 2
      [590, 9271]
      offset: 10
 207, 0x39adcdd4250ec050afbc282470875d5e00e238b9e1e3c78fd1489a7da3153152, 2
      [591, 9272]
      offset: 1
 208, 0x277d703f8eea2b9f95e3128ae792b94448a68240d4b7121760451a32ea21033e, 2
      [592, 9273]
      offset: 1
 209, 0x2f121f27d044604f655faea92dbd05d8ebbb6bf2d056ccd36508f2712469ffb1, 2
      [2752, 2754]
 210, 0x24f691cf7a7303d139d7e55068b11ec23a0e5ef98ebb6813d7e4a07d801511a2, 2
      [2753, 2755]
      offset: 1
 211, 0x38fe2cd3804ba1e66c783418a479c0311aad824b9d702462f644748371ecd47a, 2
      [2788, 2790]
      offset: 35
 212, 0x27eb71ee3ada3632bbf68f9e20a881f4c91673c1833d8680640a92ee91c383f5, 2
      [2789, 2791]
      offset: 1
 213, 0x21c2d4fd37fce078a9cf6ef9a094b4b9bd8c72d4f155d6460e141d556c9fae8c, 2
      [2815, 2817]
      offset: 26
 214, 0x3ffa6037942a2bf88efc3bf25bb42f190a67bb32fba4bffaa0d2741bb122d4d8, 2
      [2816, 2818]
      offset: 1
 215, 0x0c0ed718fecd1c80367704657e39fab9ed84c38aeeb14631400dfed3339449c3, 2
      [2977, 2979]
      offset: 161
 216, 0x2150b66a4455cad6f1dd023697694999a5062ace0b3c24d9fdbc4f045e1d67bb, 2
      [2978, 2980]
      offset: 1
 217, 0x2af6b9cfda2c24e87cf8ccd05df95e8e74f014b981a34f7930999d5ad9d1b123, 2
      [3004, 3006]
      offset: 26
 218, 0x235dd5f0303fd395d1f3953ddcb1ee7d95880e1f5f5e1136fea126f89da563a8, 2
      [3005, 3007]
      offset: 1
 219, 0x3a77752e50810dde7035de7ccb030520d5f4fb988991c78d463090c1096b5d8f, 2
      [3031, 3033]
      offset: 26
 220, 0x38fb8e97cb16f71f191b0e9130286e63186a26c960312b03a88829285e18be69, 2
      [3032, 3034]
      offset: 1
 221, 0x3f9d5df04b27b8cf6ef4ba6b74eb4aa49ad94146b7d77dcb47491a7027db357d, 2
      [3139, 3141]
      offset: 107
 222, 0x1cf09a17e163edae71978eb21711101d3e3e63d2c58409303c7afe3c1d14ca0e, 2
      [3140, 3142]
      offset: 1
 223, 0x000342a0505934bf7eed8a1d124c10ce31c6052e3232f698535a37490b6fa771, 2
      [3193, 3195]
      offset: 53
 224, 0x018e44dfd3f8d50982bd0c3c834cba15f153c060bb79c522d13cb1f1349436f6, 2
      [3194, 3196]
      offset: 1
 225, 0x03ca8030fa54aa90fd9280cbeb8b15d5500a98729a7a05d7126dc46a17bb9ad9, 2
      [3265, 3267]
      offset: 71
 226, 0x3fae7a872ad688bc2869ff316dd14b058f7a7873594ae36c690404a9f2c6bc33, 2
      [3266, 3268]
      offset: 1
 227, 0x36bd9f071757c3c8667ff36a3c3a5b76bc280482c8aacfc91225702a6e6e8928, 2
      [3274, 3276]
      offset: 8
 228, 0x0f5349e1de059c10615a1aedff6303813040b05781dc35668cae0d51d94b9c73, 2
      [3275, 3277]
      offset: 1
 229, 0x32ca33e771c0028311bc3c98ebd27c41d00ec5b0844f059162b551d33d8f8e75, 2
      [3355, 3357]
      offset: 80
 230, 0x0c9ab1a07c58936f699dedb444614a9dc40aabdf532db84267f4e033a3985a66, 2
      [3356, 3358]
      offset: 1
 231, 0x16d55b88822050acf59f76e236277e0f99dd284edb7f9bd257b1891a89c42a0f, 2
      [3364, 3366]
      offset: 8
 232, 0x0f2f6f69253cd68dcd3520321384597a40cc11ea3464d15f03f9782063bca0e6, 2
      [3365, 3367]
      offset: 1
 233, 0x24266820df04cc987d79c499d053ec117ad09d904e716249168de6715fb0595e, 2
      [3373, 3375]
      offset: 8
 234, 0x056b5afa298cea7186982dc7a5263910f0e3616a0435ed8e16a27c4c942c8c23, 2
      [3374, 3376]
      offset: 1
 235, 0x385090e4cc830ff618575415829d074716123819a42066796804085a2f586fa4, 2
      [3382, 3384]
      offset: 8
 236, 0x25dc7a93219fe22278a1db7bec9a26e16202caf3315c7c7267103ce3e7c8eef5, 2
      [3383, 3385]
      offset: 1
 237, 0x2522c2e373accbc45a3733cd726398223e9e2c5b61f00a36319c6936cc9b3674, 2
      [3391, 3393]
      offset: 8
 238, 0x1957186ae439776dcfb31e29e199a487ec15e26367dff04c9ed75b3a1873be37, 2
      [3392, 3394]
      offset: 1
 239, 0x231147ec6080d7e929d878be8818ece5420c1be3261c1028b64c4f81fbe740a5, 2
      [3400, 3402]
      offset: 8
 240, 0x2e8dc2ff4acd1bd54b9023d37541e3e0433978f09ba2b8f4f7e5617ea4222bc0, 2
      [3401, 3403]
      offset: 1
 241, 0x0199dc2e193977d070593870232d4401b62ae26403e7052375b32945b66eeeb9, 2
      [3454, 3456]
      offset: 53
 242, 0x25f37d0954df462dd0e7cc84fa7d26e875c5a367184e27c4c80894026d6eed7b, 2
      [3455, 3457]
      offset: 1
 243, 0x0f8ebf1aa6845d8fcb10ef4429914ce08d442922a28b8afc551e0fcaa60f0693, 2
      [3517, 3519]
      offset: 62
 244, 0x29bf34c74bf3a43eb340553c2b8bf42570d17c5055f574dfc35a727f88adbe85, 2
      [3518, 3520]
      offset: 1
 245, 0x27f9471069cf0906a0b19d48f8d10a5a9f61ca52919d72df44ce4a08453e2331, 2
      [3526, 3528]
      offset: 8
 246, 0x32a1dd24fd3fe7c2a00224ddcf100c4de259e4038f66edb7359ccd2db12ff3b1, 2
      [3527, 3529]
      offset: 1
 247, 0x072a0a5e4482f769351d4d54d95c6d8d5f7b7bff5cefb59e0feb3a2111d14d8e, 2
      [3553, 3555]
      offset: 26
 248, 0x1c76e3f799256f7658850d6c8fd60e7fb84418def77fd9a1e55f141b39c879c4, 2
      [3554, 3556]
      offset: 1
 249, 0x097bbf3afcb452117beb23c47c89af7ad0fbb89ff8379033ad1991c8f4d0d42a, 2
      [3562, 3564]
      offset: 8
 250, 0x129b354c740eadbc86bfc28309c078cf3cd1c3505ba5e4067588f37c536f101d, 2
      [3563, 3565]
      offset: 1
 251, 0x02fa9e73e854bdd198fa4c3f9f5125a90180e6ee53b7d74085d5e142b6ea36b9, 2
      [3571, 3573]
      offset: 8
 252, 0x2367a4325d590d1933d7b5147ba019b1531868babb3fe966296550cf2d6d783f, 2
      [3572, 3574]
      offset: 1
 253, 0x088a72fc6396d4e91106a8c3673113394c412b72ca5234fdc6c92e75de776f7e, 2
      [3598, 3600]
      offset: 26
 254, 0x0177768fa45dbc7083cd6c33cb8880bbdc0bdc83694b1f201af8637cb97ab8c6, 2
      [3599, 3601]
      offset: 1
 255, 0x3813de17a83f09087a998560c34290f76dc7951c0dbde3a4c8772ad1a79b79b8, 2
      [3688, 3690]
      offset: 89
 256, 0x133b54a1177284123319b731f7eb63dd2d1731de9ab0322235fc451634ae13dc, 2
      [3689, 3691]
      offset: 1
 257, 0x219190a46d1d8ef059fe5c127022de4ca1fc436d543c4d5eb8c4be09d02910b9, 2
      [3769, 3771]
      offset: 80
 258, 0x3d3fda510512e2229c0762458a3dbbd9d2b3b4e208cd83961b49b4e38f661a09, 2
      [3770, 3772]
      offset: 1
 259, 0x0929d137e5c2a5f53a5220c159b0488ba3535586b713e3bef0f101e50239ae3d, 2
      [3778, 3780]
      offset: 8
 260, 0x3791bb60648285f8fb1a1439422687e0e26c9d51af080d924dfcab1f56f2bf17, 2
      [3779, 3781]
      offset: 1
 261, 0x09a48988a68add310ae3afe3e031df598a1155fe745c323c7c4fd2dcf7aeccbb, 2
      [3859, 3861]
      offset: 80
 262, 0x1d03ef2b5fe0acf5970c1cbf2a0794a86a6995954e39c2ea153d0652d2a3e2d0, 2
      [3860, 3862]
      offset: 1
 263, 0x12b5da54351c69dc60c81bb6506cc14198b58cb26ee920e0ee40092bcdafa080, 2
      [3893, 3894]
 264, 0x1e12ce8bc3d81de7341feecef8f1125a8e61272f6def96009f97137cc7301345, 2
      [3897, 3899]
 265, 0x371a1966e2755610fcca807527e934a8f0162af3d5ad374b1fdd394ae553a7fe, 2
      [3898, 3900]
      offset: 1
 266, 0x354f792333685e2f221875c79740da66ef0110b79153ee1ec490adb59cbd369b, 2
      [3930, 3931]
 267, 0x107223735f6db94a4e6414ef8d946d7cf39191043b5f205ff791e7b998b0dd92, 2
      [3934, 3936]
 268, 0x0302f14b6bcb87dcc99c5ff7c694938261cc75fcede77e371d89a52953e4025d, 2
      [3935, 3937]
      offset: 1
 269, 0x299c24a66c46027f0d71bcdd9517cd3ed33f19670a70d74f90dbcb8465e7dfb7, 2
      [3967, 3969]
      offset: 32
 270, 0x39552143187aa7fd6061c5c1fc28ab3d8c0c33aa539ddef4c147436fdb86c229, 2
      [3968, 3970]
      offset: 1
 271, 0x078121436a816fbf715be521014e4045260fbf7159ce3e036ba471c8b0a293aa, 2
      [4003, 4005]
      offset: 35
 272, 0x1abce147a13eba619eedbbf0517eb19243a6886a391b27f06b40307e518bc3a8, 2
      [4004, 4006]
      offset: 1
 273, 0x0368474c749ad0ab4a14fde16acc470fc3d29215851f5348f0a147de829e5ab8, 2
      [4030, 4032]
      offset: 26
 274, 0x372b11ea8b213c2b7c7db4b88648ed711103264a5d1f97f3db559bd165fbc81f, 2
      [4031, 4033]
      offset: 1
 275, 0x19380b96d2317f4d248fde6540d67adae0cc74383795d01d2367afd6df6b1a94, 2
      [4192, 4194]
      offset: 161
 276, 0x3b7d918d723472274c63e6703de33731674e513ab556458d5193b0293ea488b7, 2
      [4193, 4195]
      offset: 1
 277, 0x052c416e698a08e0849cf15c34f3e244ce08b1578f3d4ec4a647a849a86aa671, 2
      [4219, 4221]
      offset: 26
 278, 0x2c046009b02d13673176cd5082aa650790cae750c17466927293b0de6f11017d, 2
      [4220, 4222]
      offset: 1
 279, 0x3271352e68ffabdba45e74a36370418b7008b1998ec58242cd42c2732b5f63ff, 2
      [4246, 4248]
      offset: 26
 280, 0x127fd6dcb3e01ea7ae73ba37b4700939b2dd3dc703ce0648ec0e4f16928ecf52, 2
      [4247, 4249]
      offset: 1
 281, 0x281484a8cd5adbd9898c9e5af2fdb367d43af6a42b9e75463cbf56b9f6a9c3fd, 2
      [4354, 4356]
      offset: 107
 282, 0x363de6c1480c4cba9eafa9dd8edf8aa7c1dc608ca8450398fca433175006a008, 2
      [4355, 4357]
      offset: 1
 283, 0x00820c7f3778f1fa27f02364dfd069a434fe20cf8f3ecef67de788830211386d, 2
      [4408, 4410]
      offset: 53
 284, 0x0a5663a4f519be64e79de997e7bf857ec48009bdedf5654b659d5b76e325e409, 2
      [4409, 4411]
      offset: 1
 285, 0x19f5f476509f02384584c99dc568aa73c81df454ee5b516cb9dd92779db910f2, 2
      [4480, 4482]
      offset: 71
 286, 0x317e2d8bd3392c108f0afed0f6862eb4408c56c4c4e5a4ae940ef434496c4054, 2
      [4481, 4483]
      offset: 1
 287, 0x2ab02e73e0bf3e5b9fb142c0472dbfeb7df591781f4b45d55237237adbab1f96, 2
      [4489, 4491]
      offset: 8
 288, 0x1567b052e8d04ecdd08f391f0d04f2d8d3c65a7e8379927bf8398fd7899da529, 2
      [4490, 4492]
      offset: 1
 289, 0x3219be4df8f9bc86072495bb1df0b1c297c622c52c78e576488e2e948cbf207c, 2
      [4570, 4572]
      offset: 80
 290, 0x0fd2eefeb4a7747ee6c0be6e80ddaddeafb1cf6fb0abe9f6bc51cf88f3ca1517, 2
      [4571, 4573]
      offset: 1
 291, 0x3860cd0252a95c82487d50b62574fa85809524fcb87fd57c54a4b12a5580fc5f, 2
      [4579, 4581]
      offset: 8
 292, 0x16c7f7ddd5b3f7705acec373cc753e1f05088d63e3bc0b6a609911159e60fe88, 2
      [4580, 4582]
      offset: 1
 293, 0x2e0d22552654864d82b2c921d270b62223a27268e49ab1905a2c6e1e0e16b90d, 2
      [4588, 4590]
      offset: 8
 294, 0x256e83b36ce4582b2f2af6b9f403ece0a1ba76f66c7fb09bdf99170fbb08d80a, 2
      [4589, 4591]
      offset: 1
 295, 0x3232bbcc1a9007c3a8f7170eb3bd1567a08141610ca9f14b642cf8f54513db46, 2
      [4597, 4599]
      offset: 8
 296, 0x2ce121b3b298e2dd47b68313cd19ddeaac077945c623f330db336441a32402d0, 2
      [4598, 4600]
      offset: 1
 297, 0x035799c9973a3b5dc59bc57f6b7d25bef91d88e7475a0e0c80271d4e20d58ee3, 2
      [4606, 4608]
      offset: 8
 298, 0x12fe5b857ceac65cba3c52da094364164c291e5a255b8ed5c3e788057ab1d4f2, 2
      [4607, 4609]
      offset: 1
 299, 0x0b8b237860c84cf8dadac2e0cf3d0d1adeceff0b82fe22fef5f6c5c24e97f451, 2
      [4615, 4617]
      offset: 8
 300, 0x0efae472206694d40ea3169e4eff56e584df732a48d781a823c6e7d5ac41ba93, 2
      [4616, 4618]
      offset: 1
 301, 0x0b113b8181fc49b35a3f2110e395e1318378932446b5f11e45ad305a2ca0e873, 2
      [4669, 4671]
      offset: 53
 302, 0x002704f641703292eb3b2db333d6fb415adc77409a16395464ce6fa9f499d454, 2
      [4670, 4672]
      offset: 1
 303, 0x3a9099e89682f1da0924d5a9900660f5621f9cb0effb4511e0b57ae6addab88e, 2
      [4732, 4734]
      offset: 62
 304, 0x34039c39b4631c82e2e6e149acadce94052f444bb61cdf216f0056c74357fa4f, 2
      [4733, 4735]
      offset: 1
 305, 0x3afabafad36c35b6c324d4b354a48fae237755b9c66c30f07a0c954150559927, 2
      [4741, 4743]
      offset: 8
 306, 0x0167a69e988c0c581770ccd026388fcf691b548e57499597624e2c4d3f76def3, 2
      [4742, 4744]
      offset: 1
 307, 0x1c6affa801faba974c0a8bd19fcf2a099da5ebd44aea542b68925a45012cf08a, 2
      [4768, 4770]
      offset: 26
 308, 0x37486726c38b32e6bda546a3289dd748686801992264d8d000954971aa923925, 2
      [4769, 4771]
      offset: 1
 309, 0x1ff1f070d555f606a3023e6426ca4b187bccee3d5cf7196c2238a37092cbc159, 2
      [4777, 4779]
      offset: 8
 310, 0x191e915d952f4c3308b8ea7531aaa1409c0353d17e1f21ee1593f9563b0576c9, 2
      [4778, 4780]
      offset: 1
 311, 0x22c2174a0233a504230a5a16dc2645783af8451637f6b68c6e7a262621e56d17, 2
      [4786, 4788]
      offset: 8
 312, 0x3b6b2cca49b10569ac9b7f6e354becfa6a5f930ba3ac2ea0e283bcbcc34475fa, 2
      [4787, 4789]
      offset: 1
 313, 0x08726f980f22f3944d9b838355a99c57b5e9cf1c379a432c57e18f0eefc51551, 2
      [4813, 4815]
      offset: 26
 314, 0x1f2c226617b3c83802fc8fb9dfe2c2edce869c7235c2923389aa18201de18d9e, 2
      [4814, 4816]
      offset: 1
 315, 0x27ad0d770a678e8019878e9147fb1dfa53bb470c40240379e03ab03702f94fe9, 2
      [4903, 4905]
      offset: 89
 316, 0x23c4784a5764dc823bc904c1a102377ae033a8f846784bc4e57f54c4f1d17f78, 2
      [4904, 4906]
      offset: 1
 317, 0x0bac997b0c455fabd958bfc6815224be0573ef55695672d4fb741792e503eedb, 2
      [4984, 4986]
      offset: 80
 318, 0x2cdd8617e71d908f0105cc45a23c4dd20709451ea4aa544a18161446955f3b04, 2
      [4985, 4987]
      offset: 1
 319, 0x2625d8f253a344798a6a2f3ae3c2d588c08f99244589d43c2cf5c3032fdf4806, 2
      [4993, 4995]
      offset: 8
 320, 0x3b628494427c434f4089ea073a37ea584824301db3ec807e74282e01c4aeb34a, 2
      [4994, 4996]
      offset: 1
 321, 0x3822be8df81933e9bfbd203305d2bfa0c9001a0d63f761e8d4f4f0061b395e1c, 2
      [5074, 5076]
      offset: 80
 322, 0x04155772c524b0eab82f006fbe51cf6167e509b198e3676b20e82fdc0dd22d8d, 2
      [5075, 5077]
      offset: 1
 323, 0x177a99e5a4c305149e233e5165570c2ec3f7fd6603c135b790a164de8b88d071, 2
      [5108, 5109]
 324, 0x3ecd609b3699609531c519c48a2784b28f4bd4a5c7ff59a9e711ff627b118867, 2
      [5112, 5114]
 325, 0x0981e3bfa1e4bca225b17f503c66e4ece1cc1768a36d2681bab59ac978056ddb, 2
      [5113, 5115]
      offset: 1
 326, 0x3f35f4bfa71653374bab80fdc203126232db18f3a9a0274ac0800c64b34cfede, 2
      [5145, 5146]
 327, 0x21445a29e92e8217bce067d18b0d0fbb9776d843ae83629dddab06b9c0dad18e, 2
      [5149, 5151]
 328, 0x389ab9e2077b54d75f64ca85f8f9e423b58c546cf1e43e45580af7fdb55cd1cd, 2
      [5150, 5152]
      offset: 1
 329, 0x1085be3bc58a1ac6cc4e274b8d3c2231b68538c88567b19c7df33ee663747500, 2
      [5159, 9231]
 330, 0x3506415bdf6664cd2c8977fe9d87b7222b565e2f78dd6b5f71fbdc2a4bbdf2bd, 2
      [7256, 9156]
 331, 0x0eebf1fab2e9f8fe3353c436c70ed373d9e913ff1db09e9f2d4de5be60686d54, 2
      [10027, 10328]
