scalars length: 10349
freq>1000 (count, total, %):          1,       2355,      22.76%
freq>500  (count, total, %):          1,       2355,      22.76%
freq>100  (count, total, %):         24,       4951,      47.84%
freq>20   (count, total, %):         32,       5701,      55.09%

top values:
   0, 0x0000000000000000000000000000000000000000000000000000000000000000, 2355
      [2, 6, 7, 14, 18, 19, 20, 51, 85, 128, 150, 215, 244, 267, 274, 275, 276, 277, 278, 279]
   1, 0x0626383c9ddc168d9de5ce77bea995ef010b59d5fbad32ee28b3dd61be044bd9, 129
      [0, 8, 15, 38, 53, 73, 74, 156, 272, 289, 341, 348, 391, 1335, 1340, 1363, 1450, 1485, 1563, 1565]
   2, 0x309b8d7b7fb2b646188ec06e4f9b5c1af6770a73561d429bd9de6dea150a5b9b, 128
      [47, 66, 77, 111, 129, 148, 180, 197, 204, 233, 246, 256, 302, 439, 446, 451, 464, 482, 504, 519]
   3, 0x3946b7f9dc6c0375d4e7d52ed07273cb76793f06372037368a907c75cdced908, 125
      [21, 23, 69, 72, 87, 149, 241, 294, 305, 313, 314, 389, 396, 416, 444, 485, 510, 1339, 1432, 1456]
   4, 0x00678bb68014a5464babe2140fdb958b899c4ecf1b5820a8af3352c442a4705e, 123
      [76, 167, 184, 188, 195, 199, 224, 239, 308, 323, 380, 419, 460, 463, 490, 516, 531, 1331, 1368, 1383]
   5, 0x21940712a5fc0c8ccc511e16fcfd5492919bdc0057e9a801fd83bbef7875d3c9, 118
      [45, 48, 64, 169, 201, 206, 220, 232, 250, 253, 328, 353, 378, 401, 437, 457, 471, 493, 518, 521]
   6, 0x34cdc884520278d5320a229d91144b5c40b7370e04f2a23aef4840fab1dadca5, 118
      [50, 61, 81, 94, 113, 158, 160, 163, 176, 200, 242, 248, 270, 283, 335, 394, 404, 427, 454, 1369]
   7, 0x21fb92c92610b1d317fd002b0cd8ea1e1b382acf7341c8aaacb70eb3bb1a4427, 117
      [40, 46, 70, 114, 165, 262, 306, 359, 370, 379, 412, 421, 422, 431, 432, 441, 470, 497, 499, 1370]
   8, 0x320833a35ccbf1832f587f12cdfff694c932323c30d71811bace773fcfe781fe, 116
      [90, 115, 116, 125, 177, 202, 218, 230, 247, 259, 260, 296, 310, 330, 334, 340, 410, 426, 468, 495]
   9, 0x06ce6692544a0c83cdd00dcdcf6bfe808335d2ba05cb1c138462c8b6e7dbe54a, 115
      [28, 118, 178, 181, 193, 209, 210, 222, 297, 304, 307, 342, 481, 506, 522, 1385, 1396, 1413, 1452, 1481]
  10, 0x36c1c5b81d8eccd3b6748ee60e44f209f782644951ca758a02924b4bd30ea774, 115
      [34, 37, 58, 89, 123, 145, 146, 162, 182, 187, 205, 234, 245, 249, 309, 326, 373, 1358, 1361, 1362]
  11, 0x361997626720d6dd868a4f8ffd8289787557eb6547ac8c64a6e35ff6a9370e03, 114
      [27, 83, 110, 147, 174, 211, 251, 254, 268, 301, 311, 319, 331, 338, 367, 374, 409, 418, 458, 465]
  12, 0x3535543ad2171e1b7db604b1a0efe0e7ca5385dd204ac2e39e7b93bef47f4d03, 114
      [92, 101, 171, 173, 191, 221, 223, 252, 269, 321, 369, 371, 466, 511, 525, 1338, 1348, 1355, 1360, 1377]
  13, 0x00a82e55b66df5f62fea3f5610c26891822a78e40a1de9255baeeb5529d79971, 112
      [22, 24, 42, 44, 82, 121, 130, 143, 154, 155, 183, 287, 288, 293, 395, 430, 442, 455, 1397, 1423]
  14, 0x01f3fd33cb8c53fe846a6c487d30a6adb6cb2d3b4cd7d34f134a0a512133cacf, 112
      [60, 103, 120, 217, 236, 240, 255, 271, 320, 325, 329, 344, 365, 388, 438, 489, 507, 1336, 1352, 1371]
  15, 0x31a0a7ecdcb74c3ce3ac9cfebe2461093f95e36d157ef7690b9b247b8d4311a0, 108
      [1, 71, 179, 238, 286, 295, 316, 318, 467, 475, 1337, 1359, 1365, 1430, 1443, 1446, 1448, 1506, 1567, 1582]
  16, 0x36812318e7357c23d23631a40d5e1f03fef43a346304ad0d5616b2baebdb7e61, 108
      [26, 39, 49, 59, 117, 131, 134, 142, 152, 168, 192, 312, 345, 347, 406, 408, 456, 527, 1414, 1454]
  17, 0x018c717d4b77aeb838be8a346d5511222d2ede6c317fb2a66416b78cde8f5a71, 108
      [52, 63, 105, 132, 135, 139, 161, 263, 350, 433, 453, 520, 1344, 1364, 1381, 1469, 1473, 1479, 1515, 1537]
  18, 0x365a3a019d7a278d6ac8acd1fe695c7e6de6157a367254e1535ef887906a3716, 105
      [30, 106, 136, 229, 284, 291, 317, 339, 358, 420, 473, 474, 487, 533, 1392, 1472, 1516, 1594, 1619, 2500]
  19, 0x12009e0e024793ae9bc5eb303e57b32464c534a80a6d22b6216172dd360108a6, 104
      [31, 33, 80, 84, 98, 112, 144, 153, 216, 300, 327, 336, 352, 377, 387, 447, 449, 534, 1372, 1379]
  20, 0x04b99214c0c2db50871c0fd34044fb752e50320d20f35d7847c3d40c03272576, 103
      [93, 97, 107, 189, 219, 226, 243, 322, 337, 362, 368, 383, 407, 413, 509, 1388, 1417, 1445, 1495, 1517]
  21, 0x152dbea57792c046ea2370cf11479d7765e68848f9e0cd88050e8f5c5a98d3ab, 102
      [29, 43, 67, 95, 99, 100, 127, 203, 228, 235, 356, 390, 397, 417, 498, 1391, 1486, 1508, 1525, 1534]
  22, 0x305aeadc495965963450632c4eb48914fde8e05e67577a1f2d62d5592dd73288, 101
      [25, 36, 57, 78, 109, 190, 258, 273, 298, 351, 360, 364, 423, 479, 1334, 1349, 1416, 1438, 1465, 1502]
  23, 0x0666dadbd435673d82242bb9bf9068f4f99983eaea72fb6ad52f75f2a53774ec, 101
      [68, 88, 91, 122, 140, 159, 186, 196, 198, 207, 266, 425, 436, 462, 494, 501, 1341, 1393, 1408, 1410]
  24, 0x39875a9912c55425b9263270d15946d16f07691b25e5ffb3370c1506b502021b, 100
      [35, 54, 56, 172, 208, 214, 257, 376, 385, 398, 403, 459, 480, 505, 1350, 1378, 1398, 1434, 1590, 1614]
  25, 0x0993fb73498093d5d081b15892805347fabad78bd9e6a63cb8dc9271c9cf3ff1, 100
      [65, 79, 141, 157, 175, 213, 265, 282, 343, 366, 443, 486, 491, 492, 1342, 1399, 1466, 1491, 1557, 1576]
  26, 0x119912578232ee68501a091c2e7c1d98db28e5d8ef15020d722e2018f35c9848, 98
      [32, 96, 108, 137, 225, 231, 290, 292, 349, 400, 405, 424, 461, 478, 523, 1332, 1442, 1455, 1500, 1513]
  27, 0x05211dcb40d78096d2c7f1e750209100b7ec80dc3c4b7e20f6f726d045cb95d4, 96
      [55, 102, 104, 124, 194, 227, 315, 372, 414, 445, 452, 472, 1367, 1390, 1489, 1518, 1522, 1591, 2414, 2419]
  28, 0x2528b3609b5bde6b665a85c9dfc8d4711c597e7062b5737c90642b32dfb20f2c, 92
      [62, 86, 126, 185, 237, 375, 386, 392, 434, 514, 1345, 1421, 1487, 1570, 1581, 2519, 2545, 2563, 2586, 2598]
  29, 0x24c127aa1b4739251aaea3b5cfed3ee592bd2fa1475d52d3e130d86e9d0d9ece, 91
      [41, 133, 212, 264, 285, 381, 384, 399, 440, 450, 477, 484, 496, 500, 515, 517, 1354, 1375, 1387, 1394]
  30, 0x14c632eef77e1b009e778ebb016c07ebdc4a3979de88acdf55db3c9817f4634d, 90
      [119, 138, 151, 164, 303, 332, 363, 402, 415, 428, 1330, 1333, 1376, 1382, 1470, 1471, 1533, 2438, 2524, 2613]
  31, 0x3d3a6b1f0ac978adfd4e5c753cebab38aac1942a35791eb457cd21661e0ca55a, 83
      [75, 166, 170, 261, 299, 324, 333, 382, 469, 526, 528, 1346, 1418, 1440, 1561, 2416, 2449, 2463, 2607, 2635]
  32, 0x032d2097754b2c984e5d859ed2efea53012153a0ef73aad1e3ad1c7f2497cb05, 15
      [572, 1661, 2631, 2632, 5087, 5088, 5097, 5109, 5126, 5127, 5136, 5148, 9297, 10210, 10284]
  33, 0x10c2cb316abe4e3aaa292ca8203f2f31b2fdfc1a92b4d721407f6493a77a8a21, 3
      [4, 1640, 2714]
  34, 0x12ad1757e02929f79bca95d1d7b607cf97171b5271fd7bb3b87cdab5f32648e2, 3
      [10, 1655, 3933]
  35, 0x17b2b0e7366ff6e90896b717d3751f38e4dd6305df368f348d0cc0865559053f, 3
      [581, 2566, 10258]
  36, 0x08ebcd1d93129ddfa097720281bdeab678905ea7cfc8bd175d2da71c9ff7a680, 3
      [1528, 1529, 2557]
  37, 0x141e04994110250a6e8d4f64f0a99f5a5a1fc095d46ac3b9fa2c5142ee1cc9dc, 3
      [1542, 10265, 10271]
  38, 0x388d23eb39e73dbf97bf55cda344fec1fd61057f8b39c5e041b17bf040b7d79b, 2
      [3, 1643]
  39, 0x1cf1062e9f454231c62dd94a6fe0589113400653644a48937022ab97513cfb5d, 2
      [9, 1658]
  40, 0x33cfa7319f2464a504862c781e80d8c441c1ebaa5fccc68c3f2011f722014fc3, 2
      [557, 9273]
  41, 0x18f86df7c9cddd8fb7f2f0ea42e4f72d268a66148d5e0c7e6b450fa8b4c4e457, 2
      [1586, 10264]
  42, 0x3ec5a7c701028d0d9880506f520d51a2e278b6ab45272e341c807834e25d8db5, 2
      [5083, 5089]
  43, 0x3317b7198dcdbb5fe76180cb15236ab862dbcd7ff19ddceaf05814b1d48e3ae0, 2
      [5149, 9245]
  44, 0x0a0299c329b2092745cd9c1fdb22f178632bcc2f403288cbb012e415aa302a2f, 2
      [5150, 9246]
      offset: 1
