scalars length: 22233
freq>1000 (count, total, %):          1,       6698,      30.13%
freq>500  (count, total, %):          1,       6698,      30.13%
freq>100  (count, total, %):          1,       6698,      30.13%
freq>20   (count, total, %):         65,       9728,      43.75%

top values:
   0, 0x0000000000000000000000000000000000000000000000000000000000000000, 6698
      [14, 18, 19, 20, 21, 22, 23, 24, 25, 26, 27, 28, 29, 30, 31, 32, 33, 37, 38, 39]
   1, 0x0000000000000000000000000000000000000000000000000000000000000001, 76
      [2, 15, 1593, 1620, 1639, 1673, 1686, 1752, 1779, 1787, 1882, 2679, 2694, 2724, 2815, 2823, 2869, 2870, 4110, 4113]
   2, 0x000000000000000000000000000000006f82eaa90ff262a26169fe38bdcf48a8, 71
      [1586, 1720, 1819, 2672, 2796, 2856, 2866, 2915, 2919, 2920, 5438, 5439, 5441, 5475, 5482, 5524, 5747, 5799, 5812, 5997]
   3, 0x00000000000000000000000000000000d1711816f7565fd070b2c52db100ad9b, 63
      [1612, 1677, 1705, 1739, 1846, 1856, 2749, 2765, 2849, 2876, 2959, 5401, 5487, 5678, 5689, 5780, 5800, 5894, 6574, 6576]
   4, 0x0000000000000000000000000000000247ef46519d1d643da26874a6dc45d06d, 62
      [1618, 1640, 1675, 1682, 1859, 2684, 2744, 2804, 2811, 2852, 2935, 2939, 5421, 5425, 5485, 5513, 5518, 5686, 5823, 5830]
   5, 0x000000000000000000000000000000002d36316096bcb2521dadce85d2f8c7f9, 61
      [1667, 1717, 1816, 1878, 2707, 2748, 2766, 2768, 2810, 5514, 5719, 5778, 5788, 5811, 5838, 6045, 6466, 6555, 6560, 6568]
   6, 0x000000000000000000000000000000006f82eaa90ff262a26169fe38bdcf48a9, 60
      [1693, 1706, 1776, 1858, 2696, 2698, 2792, 2843, 2892, 2910, 2954, 5406, 5445, 5457, 5491, 5527, 5687, 5716, 5786, 5929]
   7, 0x00000000000000000000000000000000339b9393b1e37e44d57e51be36d55ce1, 58
      [1, 1654, 1844, 1875, 2714, 2957, 5403, 5670, 5859, 6000, 6010, 6558, 6586, 6691, 6725, 7250, 7365, 7376, 7646, 7671]
   8, 0x000000000000000000000000000000010d60a5c4b0fb6dbd881c3478d1526f12, 57
      [1609, 1614, 1653, 1695, 1865, 2677, 2713, 2739, 2756, 2826, 2928, 2932, 5428, 5432, 5501, 5694, 5714, 5718, 5724, 5810]
   9, 0x00000000000000000000000000000000d9c51230ff17ef78b29de2ba9a7d1231, 55
      [1591, 1606, 1632, 1658, 1754, 1834, 2777, 2880, 2914, 2930, 2951, 5409, 5430, 5442, 5466, 5707, 5764, 5844, 5900, 5978]
  10, 0x00000000000000000000000000000001ded1bddba851cd8df8cef9a682531cac, 55
      [1651, 1680, 1689, 1690, 1765, 2665, 2800, 2918, 2926, 2938, 5422, 5433, 5440, 5521, 5690, 5743, 5754, 5796, 5805, 5806]
  11, 0x0000000000000000000000000000000140f402c00748c272d21cc3666ecff644, 54
      [1708, 1714, 1745, 1769, 1777, 1835, 2669, 2704, 2712, 2860, 5479, 5706, 5797, 5893, 5945, 6439, 6443, 6472, 6523, 6548]
  12, 0x000000000000000000000000000000014fad5f0d2a311e0dcbd8642bbc28efc2, 53
      [1588, 1672, 1674, 1741, 1757, 1792, 1814, 2701, 2719, 2721, 2813, 2947, 5413, 5512, 5684, 5736, 5761, 5831, 5833, 5976]
  13, 0x00000000000000000000000000000001050cabaaa939de15463116ebe7d60a7c, 51
      [1604, 1629, 1664, 1721, 2699, 2757, 2897, 5453, 5712, 5737, 5821, 5902, 5938, 5969, 6522, 6524, 6559, 6594, 6796, 6798]
  14, 0x00000000000000000000000000000000339b9393b1e37e44d57e51be36d55ce0, 50
      [1584, 1646, 1842, 1866, 2673, 2754, 2761, 2786, 2825, 2848, 2929, 5431, 5488, 5502, 5679, 5700, 5702, 5851, 5934, 6020]
  15, 0x000000000000000000000000000000017ce3906dc0edd05fe98632b18f21b7ba, 50
      [1600, 1616, 1857, 1864, 2708, 2717, 2767, 2769, 5681, 5688, 5691, 5726, 5906, 5983, 6004, 6031, 6562, 6563, 6598, 6717]
  16, 0x00000000000000000000000000000000fea749778e1312228e6093b383f97593, 50
      [1626, 1638, 1645, 1671, 1681, 1724, 1744, 1748, 1876, 2667, 2889, 2894, 5455, 5783, 5824, 5834, 5861, 5868, 5899, 5901]
  17, 0x00000000000000000000000000000000066562331b26cbf2b7d0833863dc94e9, 49
      [0, 8, 1807, 2695, 2710, 2716, 2737, 2755, 2839, 2845, 2877, 5329, 5332, 5360, 5368, 5371, 5399, 5489, 5494, 5673]
  18, 0x000000000000000000000000000000014fad5f0d2a311e0dcbd8642bbc28efc1, 49
      [1585, 1587, 1826, 1828, 1861, 2773, 2859, 5480, 5711, 5720, 5771, 5918, 5967, 5996, 6454, 6462, 6492, 6505, 6581, 6640]
  19, 0x00000000000000000000000000000001748f9653b92c40b7a79b1524a5a55323, 49
      [1589, 1635, 1647, 1648, 1783, 1811, 1843, 2668, 2727, 2834, 2857, 2898, 5452, 5481, 5499, 5668, 5701, 5857, 5871, 5980]
  20, 0x000000000000000000000000000000009cb91c09a6af14f47f17ccbe90c810a1, 49
      [1630, 1772, 2666, 2725, 2758, 2763, 2827, 2868, 2946, 5414, 5473, 5500, 5750, 5827, 5875, 5927, 5952, 5958, 5961, 6009]
  21, 0x00000000000000000000000000000001475964f3226f8e6589ed469ed2ac8b2b, 49
      [2674, 2689, 2711, 2732, 2774, 2790, 2791, 2822, 2922, 2941, 5419, 5437, 5505, 5528, 5529, 5837, 5904, 5944, 5963, 5982]
  22, 0x00000000000000000000000000000001b19b8c7b11951b3bdb212b20af5a54b4, 48
      [1595, 1800, 1849, 2686, 2697, 2741, 2785, 2925, 5434, 5696, 5840, 6521, 6569, 6665, 6719, 6723, 6751, 6789, 7280, 7337]
  23, 0x0000000000000000000000000000000075e84cdc2b192e95193a817121abdd91, 48
      [1599, 1644, 1660, 1697, 1716, 1723, 1871, 2745, 2784, 5676, 5789, 5808, 5862, 5907, 6030, 6481, 6541, 6608, 6683, 6834]
  24, 0x00000000000000000000000000000001475964f3226f8e6589ed469ed2ac8b2c, 48
      [1602, 1668, 1688, 1794, 2760, 2937, 5423, 5734, 5817, 5960, 6033, 6039, 6496, 6537, 6580, 6638, 6649, 6679, 6750, 6753]
  25, 0x000000000000000000000000000000010d60a5c4b0fb6dbd881c3478d1526f11, 48
      [1610, 1619, 1627, 1710, 1808, 1817, 1823, 1851, 2752, 2783, 2835, 2903, 2948, 5412, 5449, 5498, 5680, 5794, 5852, 5879]
  26, 0x00000000000000000000000000000000d1711816f7565fd070b2c52db100ad9c, 48
      [1637, 1727, 1848, 1867, 2907, 2934, 2949, 5411, 5426, 5697, 5698, 5773, 5828, 5869, 5937, 6479, 6583, 6591, 6629, 6676]
  27, 0x000000000000000000000000000000017ce3906dc0edd05fe98632b18f21b7b9, 48
      [1641, 1806, 1854, 2950, 2958, 5402, 5410, 5865, 5890, 5979, 6531, 6536, 6630, 6632, 6666, 7311, 7334, 7372, 7381, 7412]
  28, 0x00000000000000000000000000000001ab362a47f66e4f492350a7e84b7dbfcd, 48
      [1643, 1698, 1775, 1780, 1863, 2685, 2762, 2799, 2899, 2904, 2955, 5405, 5448, 5451, 5522, 5682, 5735, 5807, 5931, 5981]
  29, 0x000000000000000000000000000000002d36316096bcb2521dadce85d2f8c7f8, 48
      [1694, 1731, 2671, 2678, 2718, 2772, 2797, 2820, 2821, 5506, 5507, 5523, 5667, 5974, 6025, 6464, 6620, 7298, 7310, 7416]
  30, 0x000000000000000000000000000000024e54a884b84430305a38f7df40226555, 48
      [1762, 2720, 2743, 2863, 5477, 5693, 5710, 5757, 5935, 5975, 5989, 6021, 6468, 6595, 6619, 6645, 6795, 6819, 7258, 7402]
  31, 0x000000000000000000000000000000021ab914f10660b1eb84baa621094d0874, 47
      [1676, 1845, 2664, 2687, 2803, 2840, 2850, 2896, 5454, 5486, 5493, 5519, 5699, 5756, 5798, 5949, 5955, 5977, 6012, 6486]
  32, 0x00000000000000000000000000000000066562331b26cbf2b7d0833863dc94e8, 47
      [1735, 1799, 1809, 1872, 2886, 5461, 5725, 5775, 5951, 6484, 6510, 6578, 6605, 6731, 6754, 7286, 7325, 7350, 7359, 7669]
  33, 0x00000000000000000000000000000001050cabaaa939de15463116ebe7d60a7b, 46
      [1592, 1601, 1650, 1684, 1756, 1789, 1825, 2723, 2742, 2781, 5762, 5785, 5841, 5855, 5877, 5905, 5914, 5964, 5972, 6002]
  34, 0x0000000000000000000000000000000106fb439195d4a1cad04bb1406d75da29, 46
      [1597, 1611, 1655, 1764, 1766, 1768, 1838, 2703, 2865, 2891, 2923, 5436, 5458, 5476, 5753, 5850, 5941, 5993, 6503, 6547]
  35, 0x000000000000000000000000000000016e2a34209e0574c4efca91ec41c8be3c, 46
      [1617, 1642, 1662, 1725, 1743, 1758, 2676, 2740, 2819, 5508, 5760, 5889, 6046, 6511, 6540, 6557, 6573, 6596, 6654, 6659]
  36, 0x000000000000000000000000000000009cb91c09a6af14f47f17ccbe90c810a0, 46
      [1631, 1636, 1678, 1805, 1879, 5666, 5727, 5870, 5876, 5965, 5992, 6029, 6037, 6038, 6456, 6469, 6475, 6476, 6597, 6601]
  37, 0x00000000000000000000000000000002211e772421877dde3c8b29596d299d5c, 46
      [1633, 1740, 1824, 1839, 2691, 2733, 2806, 2924, 2940, 2944, 5416, 5420, 5435, 5516, 5704, 5873, 5891, 5948, 6018, 6543]
  38, 0x000000000000000000000000000000021ab914f10660b1eb84baa621094d0875, 46
      [1649, 1669, 1707, 1763, 2867, 2913, 5443, 5474, 5829, 5836, 5856, 5973, 6032, 6455, 6487, 6551, 6554, 6585, 6592, 6643]
  39, 0x000000000000000000000000000000016e2a34209e0574c4efca91ec41c8be3b, 46
      [1719, 2736, 2953, 5407, 5769, 5782, 5787, 5843, 5864, 5932, 5985, 6447, 6506, 6539, 6647, 6669, 6670, 6749, 6774, 6823]
  40, 0x00000000000000000000000000000001ded1bddba851cd8df8cef9a682531cad, 45
      [1623, 1625, 1699, 1700, 1709, 1755, 1782, 1855, 2706, 5763, 5816, 5854, 5881, 5883, 5939, 5947, 6480, 6500, 6513, 6564]
  41, 0x00000000000000000000000000000001767e2e3aa5c7046d31b5af792b4522d2, 45
      [1666, 1679, 1730, 1873, 2853, 5484, 5671, 5677, 5826, 5839, 6034, 6593, 6686, 6822, 7241, 7254, 7289, 7433, 7452, 7459]
  42, 0x00000000000000000000000000000001ab362a47f66e4f492350a7e84b7dbfcc, 45
      [1793, 2680, 2688, 2750, 5744, 5748, 5863, 5953, 6470, 6494, 6508, 6545, 6572, 6589, 6641, 6724, 6727, 6735, 6775, 6836]
  43, 0x0000000000000000000000000000000106fb439195d4a1cad04bb1406d75da2a, 45
      [2681, 2759, 2936, 5424, 5705, 5755, 5895, 5909, 5943, 6008, 6512, 6516, 6542, 6599, 6631, 6635, 6729, 6732, 6744, 6842]
  44, 0x0000000000000000000000000000000075e84cdc2b192e95193a817121abdd90, 44
      [1795, 1797, 1869, 2751, 2776, 5674, 5733, 5784, 5845, 6048, 6546, 6621, 6626, 6681, 6682, 6733, 7243, 7428, 7441, 7442]
  45, 0x00000000000000000000000000000001d86c5ba88d2b019b40fe766e1e7687c4, 43
      [1608, 1742, 1759, 2728, 2888, 5459, 5759, 5818, 5946, 5968, 5999, 6027, 6457, 6461, 6489, 6642, 6716, 6718, 6734, 7271]
  46, 0x0000000000000000000000000000000140f402c00748c272d21cc3666ecff643, 43
      [1613, 1813, 2807, 2837, 5496, 5515, 5721, 5746, 5752, 5767, 5791, 5957, 5966, 5990, 6498, 6502, 6514, 6549, 6600, 6651]
  47, 0x00000000000000000000000000000002211e772421877dde3c8b29596d299d5d, 43
      [1615, 1683, 1773, 1804, 1831, 2730, 2842, 2884, 2942, 5418, 5463, 5492, 5709, 5713, 5728, 5749, 5772, 5822, 6529, 6556]
  48, 0x00000000000000000000000000000000e02a74641a3ebb6b6a6e65f2fe59a719, 43
      [1652, 1746, 1818, 1833, 1862, 2726, 5683, 5708, 5717, 5910, 5912, 5950, 6011, 6440, 6442, 6478, 6509, 6821, 7257, 7290]
  49, 0x00000000000000000000000000000001b19b8c7b11951b3bdb212b20af5a54b5, 43
      [1665, 1712, 1715, 1801, 2734, 2764, 2801, 2956, 5404, 5520, 5729, 5731, 5790, 5792, 5911, 5928, 6005, 6449, 6499, 6571]
  50, 0x000000000000000000000000000000014947fcda0f0a521b1407e0f3584c5ada, 43
      [1704, 1726, 1786, 2787, 2795, 2844, 2885, 5462, 5490, 5525, 5774, 5801, 5882, 6463, 6588, 6607, 6739, 6765, 6786, 6797]
  51, 0x0000000000000000000000000000000247ef46519d1d643da26874a6dc45d06c, 42
      [1598, 1603, 1657, 1670, 2715, 2874, 5469, 5835, 5888, 5956, 5971, 6026, 6448, 6519, 6584, 6660, 6672, 6768, 7262, 7352]
  52, 0x00000000000000000000000000000000fea749778e1312228e6093b383f97594, 42
      [1605, 1607, 1622, 1747, 2700, 2702, 2778, 2805, 2816, 2887, 2905, 5447, 5460, 5509, 5517, 5669, 5765, 5768, 5880, 5884]
  53, 0x00000000000000000000000000000001767e2e3aa5c7046d31b5af792b4522d1, 42
      [1691, 1868, 1874, 2670, 2872, 2900, 2933, 2943, 5417, 5427, 5450, 5471, 5672, 5779, 5814, 5933, 6023, 6482, 6668, 6746]
  54, 0x00000000000000000000000000000000a31e7e3cc1d5e0e736e84ff6f4a4a589, 41
      [1621, 1685, 1696, 2675, 2722, 2779, 5809, 5878, 5885, 6451, 6525, 6613, 6827, 6841, 7259, 7343, 7626, 7670, 7721, 7818]
  55, 0x000000000000000000000000000000014947fcda0f0a521b1407e0f3584c5ad9, 41
      [1624, 1736, 2705, 2775, 2836, 2838, 2906, 2952, 5408, 5446, 5495, 5497, 5740, 5781, 6047, 6465, 6490, 6687, 7269, 7397]
  56, 0x00000000000000000000000000000000d7d67a4a127d2bc32883486614dd4284, 41
      [1634, 1760, 1860, 2690, 2747, 2873, 2945, 5415, 5470, 5703, 5722, 5751, 5758, 5793, 5842, 5849, 5872, 5988, 6041, 6471]
  57, 0x00000000000000000000000000000000d7d67a4a127d2bc32883486614dd4283, 41
      [1656, 1663, 1703, 1711, 1770, 1812, 1820, 1840, 1850, 2709, 2753, 2780, 5685, 5695, 5715, 5802, 6742, 6743, 6764, 7345]
  58, 0x00000000000000000000000000000001d86c5ba88d2b019b40fe766e1e7687c5, 41
      [1687, 1734, 2794, 2879, 2881, 2911, 5444, 5464, 5467, 5526, 5770, 5776, 5898, 6006, 6040, 6054, 6535, 6587, 6611, 6730]
  59, 0x00000000000000000000000000000000e02a74641a3ebb6b6a6e65f2fe59a71a, 39
      [1594, 1596, 2692, 2729, 2782, 2788, 2814, 2931, 5429, 5511, 5766, 5853, 5995, 6024, 6648, 6655, 6740, 6803, 7282, 7379]
  60, 0x00000000000000000000000000000000d9c51230ff17ef78b29de2ba9a7d1232, 39
      [1661, 1702, 1853, 2683, 2731, 2735, 2893, 5456, 5692, 5803, 5847, 5874, 5915, 5984, 5991, 6019, 6446, 6458, 6473, 6570]
  61, 0x00000000000000000000000000000001748f9653b92c40b7a79b1524a5a55324, 38
      [1701, 1870, 1877, 2738, 2746, 2862, 2875, 5468, 5478, 5675, 5723, 5742, 5804, 5858, 5917, 6501, 6530, 6667, 6677, 7277]
  62, 0x00000000000000000000000000000000a31e7e3cc1d5e0e736e84ff6f4a4a588, 33
      [1628, 1659, 2855, 5483, 5820, 5846, 6016, 6445, 6517, 6565, 6644, 6760, 7618, 7741, 7793, 8391, 8418, 8452, 8473, 8475]
  63, 0x000000000000000000000000000000024e54a884b84430305a38f7df40226554, 28
      [1830, 1852, 2682, 2693, 2770, 2789, 6028, 6504, 6526, 6770, 7297, 7432, 7483, 7484, 7609, 7629, 7630, 7871, 7880, 7915]
  64, 0x3ffffffffffffffffffffffffffffffff510679b72d7f68b6e991c9b2d073808, 21
      [10744, 11027, 17575, 17584, 17590, 17598, 17604, 17616, 17630, 17638, 17644, 17652, 17658, 17668, 17674, 17696, 17724, 17749, 17750, 17761]
  65, 0x40000000000000000000000000000000224698fc0994a8dd8c46eb2100000000, 18
      [1728, 1897, 2817, 2846, 4116, 4117, 4126, 4138, 4155, 4156, 4165, 4177, 9507, 11316, 11322, 11611, 17685, 20428]
  66, 0x400000000000000000000000000000001be136c8ee6ddcead47667e89c236b18, 12
      [79, 1912, 5335, 5336, 5345, 5357, 5374, 5375, 5384, 5396, 10455, 20437]
  67, 0x400000000000000000000000000000001be136c8ee6ddcead47667e89c236b19, 12
      [2830, 2831, 17772, 17778, 17783, 17799, 17805, 17812, 17824, 17842, 17872, 18768]
  68, 0x3d5cee8cfe0f1733535dee5a7487bee152b0cebe9ebd0ca50b498c2681a51c49, 10
      [17199, 17220, 17260, 17300, 17340, 17380, 17420, 17460, 18551, 18608]
  69, 0x3fffffffffffffffffffffffffffffffb2c3ae52f9a2463b2adcece84230b759, 9
      [14016, 14022, 17194, 17523, 17541, 17552, 18560, 18584, 18595]
  70, 0x3fffffffffffffffffffffffffffffff50d580e5123e490d1b9425f34eff5266, 8
      [1796, 13053, 18658, 18664, 18668, 18686, 18704, 22176]
  71, 0x3fffffffffffffffffffffffffffffff488186cb0a7cb964d9a908666582edd0, 7
      [2882, 2901, 18186, 18266, 18345, 18348, 22170]
  72, 0x1ccf4ce3b2fb76f607b6bab43aab622b001808f159455fc45f9fd2da64d14dc2, 7
      [17216, 17256, 17296, 17336, 17376, 17416, 17456]
  73, 0x1ea82b41f4f70c3c73a78b914f4ca7334413fa6888fd5da7a35eb6e19fc4745b, 7
      [17221, 17261, 17301, 17341, 17381, 17421, 17461]
      offset: 5
  74, 0x00000000000000000000000000000000df05d5521fe4c544c2d3fc717b9e9150, 5
      [17135, 17156, 17200, 17509, 18530]
  75, 0x11e39fd04147fb641b64800c38bb1d4672b8c5feb6e85a260ff8f82f98199606, 5
      [17585, 17599, 17639, 17653, 17669]
  76, 0x2b5f9b788dbb789cd06a68ff7a59f37badaee3cfc742d93051043a79bdde36e9, 5
      [18812, 18872, 19521, 19537, 19760]
  77, 0x3fffffffffffffffffffffffffffffffeeab056857b12a98b6c89962c92aa320, 4
      [88, 9871, 9877, 10160]
  78, 0x36e17b8d3c326320dc0897274d38c2be31b477291348bf1e73b17ff0a30398c4, 4
      [17233, 17273, 17393, 17433]
  79, 0x1234e6d1b95ffb00f004f54965e7495e19046908170a5f2b863e8633269f14bb, 3
      [4, 1891, 2962]
  80, 0x35c298f727925531eb2b93f2e4df0ff7b92e58cab41326cc2eb561eb0a7b40f1, 3
      [10, 1906, 4181]
  81, 0x3ffffffffffffffffffffffffffffffee152963c024be66aba2a27ba913009be, 3
      [2808, 15186, 17192]
  82, 0x3856ea32b106687974ad528a0c46418bb476944a4e8fa73d5674cf1c680dc80c, 3
      [12770, 13059, 15577]
  83, 0x3fffffffffffffffffffffffffffffff14e5f33758993b20042ab6a82ead90ef, 3
      [14792, 14798, 18482]
  84, 0x000000000000000000000000000000053a22ffecbf5c9f9c90f7eaa8e5b767e0, 3
      [17198, 17519, 18550]
  85, 0x3ffffffffffffffffffffffffffffffae823990f4a380940fb4f00781a489821, 3
      [17513, 17525, 18554]
  86, 0x279a9bce8a1d345b0487ce0ed1df2ddd4a1e344f38d909e8b1020975f44b3229, 3
      [17773, 17800, 17813]
  87, 0x157c23584bef40903f687f3662bd5f8f5c9f5f6cf99c7213b3c28cf641bc8648, 3
      [18185, 18265, 18274]
  88, 0x00d5654142011bb0c5866b43ab6fe5c5453338ac80c6642bdbb9e0c86f072938, 2
      [3, 1894]
  89, 0x2d13b4bc6444d5c19d17e3ee34470d80fd97928d91fa71dad5dd5ccc216e85e6, 2
      [9, 1909]
  90, 0x3ffffffffffffffffffffffffffffff277928580c808436f80257ba1f94581c1, 2
      [34, 20383]
  91, 0x3fffffffffffffffffffffffffffffffb2c3ae52f9a2463b2adcece84230b758, 2
      [1750, 22115]
  92, 0x3ffffffffffffffffffffffffffffffe70ab0c80f7ff8da1b125c00050a5ab4d, 2
      [1802, 22151]
  93, 0x3fffffffffffffffffffffffffffffff4a701eb1f7177d1a63c3a2baeb22bd7e, 2
      [1827, 22145]
  94, 0x1f55167117c0b36b0164ddf244f40f10f8ac0b4df232f3a17e4de99e68ccfade, 2
      [4112, 4118]
  95, 0x01694085d5a4ec284aa1909e94438ab471d9f008580c57e34f67c56d8713c14f, 2
      [4139, 4147]
  96, 0x2b38601fb7caeae1de86c906b4b004ca986f0562019a32f9d80552fd7e8fd54b, 2
      [4140, 4148]
      offset: 1
  97, 0x14580542f3697fead80fc09d100a5462948e96b623595d38986d33ab3799e868, 2
      [4178, 9490]
  98, 0x002e7908fd493e8061f6b9886ae9b9a85bd1a15c879d76f9eadccb1b83ed8e51, 2
      [4179, 9491]
      offset: 1
  99, 0x044bb2004c059c6bd6399ebe3f8ec9c1f53d0b9dde34224a53fcca9ab18b38fd, 2
      [5331, 5337]
 100, 0x0de3b7a9e4b9cd9b507f7fb9ea583d4b03085b7679e495b996fafd481cee9af4, 2
      [5358, 5366]
 101, 0x10db9ce6e9a9c5ac09eb4c7826475b1f957bda6c94a05ecdd5489f2182eca773, 2
      [5359, 5367]
      offset: 1
 102, 0x40000000000000000000000000000000224698fc0994a8dd8c46eb20fffffffd, 2
      [9506, 11605]
 103, 0x02f6c3a01f111db3255298710740967e220be89365c9ad95c6825fd838a5e47a, 2
      [9872, 10161]
 104, 0x16223b251331e74aa33d0bd03cdd5c24468fe272bbe8c5987f6d56c6cc317fbb, 2
      [9873, 10162]
      offset: 1
 105, 0x3fffffffffffffffffffffffffffffff6d6dd379aea1df95158fb109b41ce01d, 2
      [10738, 17723]
 106, 0x1ac9d8bc901d459af3065f31560f7e3847d8c387388f7f49fefc21a2a86f3327, 2
      [11323, 11612]
 107, 0x3543e657a7654d0d2d5b5ef3ef5fbae686b2a78a0dd7d1c1ee4d246e7694535e, 2
      [11324, 11613]
      offset: 1
 108, 0x132d1fc5ceb5e9c3816098c27854bcdf95e75f055e6f2304deaaea62cc96fe95, 2
      [12771, 13060]
      offset: 1447
 109, 0x0aa519011278c09c836cad80a23bfca30b82dedddf88368eff8645a329943db3, 2
      [12772, 13061]
      offset: 1
 110, 0x3ffffffffffffffffffffffffffffff8c54cc02d578b4a8995fdfc85c6f9e58e, 2
      [15568, 18690]
 111, 0x000000000000000000000000000000032821f14e12f2493898549d6a73f74d36, 2
      [17138, 17555]
 112, 0x11ce1967e186dbc4f64b46cdc8910703913be676f71b8a970636fda83dd52ebd, 2
      [17232, 17272]
 113, 0x1b99b1acd29227df50b2f5b896c1b052b5fef25e994822a38b588bde16a0d6c1, 2
      [17693, 17695]
 114, 0x3ffffffffffffffffffffffffffffffe6ebc749a0b64c9ec270b25abcb05db9f, 2
      [18187, 18267]
 115, 0x3ffffffffffffffffffffffffffffffea563088e48a6d87da2c0b86f70de4847, 2
      [18491, 18715]
 116, 0x1cb002d58b812e24ffd2d9dbb0dd478997c93de17524d82ba27bb5f10505692b, 2
      [18499, 20327]
 117, 0x3b0f60a3ffcaddf6f1139c013b11f605656de91856a72dae32a3fa050ac44d7d, 2
      [18547, 18549]
 118, 0x3fffffffffffffffffffffffffffffffac5e4c1fde7b7a48730c69afde542271, 2
      [18615, 22098]
 119, 0x00000000000000000000000000000009d14d2113980c7dc548613e244c082344, 2
      [18647, 18682]
 120, 0x0eb66c5750e0ac1d1c675ada950ac4c4e54079c82e26d9f50d37af75d2d19d38, 2
      [18659, 18677]
 121, 0x0eb2cc8a8899a97ec00280ea4aabe4ebf2b200dd2af6cf1c452cd98732045dcf, 2
      [19346, 19994]
 122, 0x1e290ca7ea37ba30650060fc1db284215a8cac65845d231e62d7ecfcddfd5bdf, 2
      [19494, 19505]
 123, 0x3fffffffffffffffffffffffffffffff1b4b556a73c00712bbfb39e0928a25d7, 2
      [20317, 20319]
 124, 0x3ffffffffffffffffffffffffffffffff510679b72d7f68b6e991c9b2d073809, 2
      [22097, 22185]
