scalars length: 10329
freq>1000 (count, total, %):          2,       5471,      52.97%
freq>500  (count, total, %):          2,       5471,      52.97%
freq>100  (count, total, %):          2,       5471,      52.97%
freq>20   (count, total, %):          2,       5471,      52.97%

top values:
   0, 0x0000000000000000000000000000000000000000000000000000000000000000, 3545
      [2, 3, 6, 9, 21, 30, 35, 36, 38, 46, 47, 51, 53, 54, 55, 56, 58, 59, 60, 63]
   1, 0x2405f583c68a368e3b3603bc4b337f3a1bc0909748320f9d6723fd7e582bbb68, 1926
      [39, 40, 45, 48, 49, 50, 52, 57, 61, 62, 67, 68, 69, 72, 74, 82, 84, 85, 88, 91]
   2, 0x258be5c336cc044504c0c1aa534d028a3548f579218de491af732ffb8af7bd86, 9
      [2950, 2952, 2961, 2970, 2979, 2988, 2997, 3006, 3015]
   3, 0x3fdabeea239be23b1f9f2d92b275c6927ae81681d83335166b148d6b55668c4a, 9
      [2951, 2953, 2962, 2971, 2980, 2989, 2998, 3007, 3016]
      offset: 1
   4, 0x0aa9aa4d28480398048088a90f87ec350e02ce3e7b8fcc854bf6cf45972366a0, 9
      [4165, 4167, 4176, 4185, 4194, 4203, 4212, 4221, 4230]
      offset: 1214
   5, 0x111618e2be5734d243e3c2f890599becb5fc5e59470b96e2075008915da14077, 9
      [4166, 4168, 4177, 4186, 4195, 4204, 4213, 4222, 4231]
      offset: 1
   6, 0x2b53f261acb6c4b4f84a7e88833ff1878d7f02f490bd7c999753623551a60ecf, 7
      [3148, 3150, 3159, 3168, 3177, 3186, 3195]
   7, 0x0d50ede98950b5ac96c23cf991c8fb5897d7c386b5049d0e0fb4a01e3ca5d174, 7
      [3149, 3151, 3160, 3169, 3178, 3187, 3196]
      offset: 1
   8, 0x06ad228e5cf8bf570e99ecfe0731a76bcce007feddea3af2326409afa75bd845, 7
      [3697, 3699, 3708, 3717, 3726, 3735, 3744]
      offset: 548
   9, 0x2d0e564a577873ed703b211f505c681a805e8390d387903f4dbddcbd796f54c6, 7
      [3698, 3700, 3709, 3718, 3727, 3736, 3745]
      offset: 1
  10, 0x18ee58cbecbc0dfc597a92e29659cad3d97f6c845707a34624fe4e4875d1a1f7, 7
      [4363, 4365, 4374, 4383, 4392, 4401, 4410]
      offset: 665
  11, 0x37e3d54ec01a0bcb33743f65eba3920532691d478812c221bc21c8700048e8bd, 7
      [4364, 4366, 4375, 4384, 4393, 4402, 4411]
      offset: 1
  12, 0x30c0a9ce69b4c02ac522aab73dbafdb2132aaae3e71e129550ecdd01e95ab75d, 7
      [4912, 4914, 4923, 4932, 4941, 4950, 4959]
      offset: 548
  13, 0x246924fdf501d1f2e9208f6dee49cc27730dc0b1d0ef2db80e354b9840d8d200, 7
      [4913, 4915, 4924, 4933, 4942, 4951, 4960]
      offset: 1
  14, 0x1a53a4ac2c037164dd96c858e3edb82a11c27b0f1bcc39821738d88cd62e4e33, 7
      [6604, 6671, 7323, 8504, 8571, 9156, 9223]
  15, 0x14254de351e2f306e324556db1c81059b5ce293bdec2d42069412027254298dc, 6
      [2806, 2808, 2817, 2826, 2835, 2844]
  16, 0x1289037e472b6443924c4ac3583d6fb690669d139956d79ec9c13aea65fe4452, 6
      [2807, 2809, 2818, 2827, 2836, 2845]
      offset: 1
  17, 0x2e9e7fed17cd8ba32fb1fa1d1f2a931e10532c6c97468f9cf4ec4d07baf54d65, 6
      [3885, 3887, 3888, 3904, 3907, 3912]
  18, 0x3101cd267df647c845f8493d5e9f42306e08fd72e5fa5a99bda8957ccf1907d1, 6
      [3886, 3889, 3890, 3905, 3908, 3913]
  19, 0x14bfeebea16c89b5228d76f6eb3b220fb932a088cecd2ea2f3852fde706f77ce, 6
      [4021, 4023, 4032, 4041, 4050, 4059]
  20, 0x2e3eed4088678d640e4531a102ade28101ac3af65bce4168bdb5c4dd5c60c6ca, 6
      [4022, 4024, 4033, 4042, 4051, 4060]
      offset: 1
  21, 0x2219b920572eb67a36a57f642d14414f697c67e62a009e954d8096a40386e816, 6
      [5100, 5102, 5103, 5119, 5122, 5127]
  22, 0x28cdf389676f9c119a96dd3170c0673597cff6d50e289d9bba495270913f01ae, 6
      [5101, 5104, 5105, 5120, 5123, 5128]
  23, 0x3c390363d626d13998816150ce79a45f3eeafd89376c21f5777b95edd891e0b3, 5
      [2761, 2763, 2772, 2781, 2790]
  24, 0x283c3c1be8a426758e54e9da9a1a67c5940ac17884bbe6040238327c34415fd7, 5
      [2762, 2764, 2773, 2782, 2791]
      offset: 1
  25, 0x2f72283a294de8daefcd02dae155baf11bb988513d53360a3d148e51bc82bd2d, 5
      [3103, 3105, 3114, 3123, 3132]
      offset: 341
  26, 0x38285ba230b5fb70ffeb03643aae4bb2cd971feb7609189845f4396d6a25de6b, 5
      [3104, 3106, 3115, 3124, 3133]
      offset: 1
  27, 0x243967a2d639284ae19acb90b4fa5c8dee6491104334fa51b27a5254b7d36e18, 5
      [3238, 3240, 3249, 3258, 3267]
      offset: 134
  28, 0x3f72ab836c7cffc3dce1741e536c30de61be6665f06536f070d413d386176292, 5
      [3239, 3241, 3250, 3259, 3268]
      offset: 1
  29, 0x0ca016dee53cade02bbb2b7bf772687cc3c7ca3814e989e618398f29467f2d96, 5
      [3787, 3789, 3798, 3807, 3816]
      offset: 548
  30, 0x0f5fa8764b35c3284d044dc1220c3709163531d5a41bc1e82edd4c496c667912, 5
      [3788, 3790, 3799, 3808, 3817]
      offset: 1
  31, 0x3d02f56503b6feaa680718422d261f05c987c493fad1da654e9e8852bfc6959a, 5
      [3922, 3924, 3925, 3941, 9225]
  32, 0x1f647a0b180e309a9ef8b1952be12e0fa0836ec223c06af7d8d909d8efe1481f, 5
      [3923, 3926, 3927, 3942, 9226]
  33, 0x171cf7020fdd3351315b8f475dff29b80a9abdfa1454281f6ee55ffdafe2f22f, 5
      [3976, 3978, 3987, 3996, 4005]
  34, 0x19eb80d3574d6a483b6c29e967ec2fef6fe7f73a3152f23ed5ae1e8fc7c162e3, 5
      [3977, 3979, 3988, 3997, 4006]
      offset: 1
  35, 0x2f79572358097a0f9b7693dbddfc30fd03966a61145b994736582fecb7d92eb1, 5
      [4318, 4320, 4329, 4338, 4347]
      offset: 341
  36, 0x387989c715fba797f266ecead3458afb60d2c153021c871a21f7484028323edc, 5
      [4319, 4321, 4330, 4339, 4348]
      offset: 1
  37, 0x0463484288df1373a37857c85f23a07ebd5420a5c9853feb9c640227cb3f3646, 5
      [4453, 4455, 4464, 4473, 4482]
      offset: 134
  38, 0x1545fb34336324fe0919e4e5cb7bff0179cc67de289b9b173004621aa2225435, 5
      [4454, 4456, 4465, 4474, 4483]
      offset: 1
  39, 0x0f9fdee06f9fd03a465a389cffb646bd99ef2bc3b3d4f4e1adc4e181e33256a1, 5
      [5002, 5004, 5013, 5022, 5031]
      offset: 548
  40, 0x3a19ddbee3a0ca5218260447310c260ac865072849fa305b6ea417d4967500d8, 5
      [5003, 5005, 5014, 5023, 5032]
      offset: 1
  41, 0x373804c73191454d23408381a882026c858ffde1e63b1fb59b4199a043eba107, 5
      [5137, 5139, 5140, 5156, 9228]
  42, 0x163bbc94b16e009d70f80633aab352699fc9ca967344fae55b0b45a589ad7ad7, 5
      [5138, 5141, 5142, 5157, 9229]
  43, 0x115897dd52e15fd1a6e47c9888bac7492d7fc615d8052b4ca8d036676e0e2a01, 4
      [2851, 2853, 2862, 2871]
  44, 0x3fe31f8a9a702f190b904cac94b908d83051cb16e35ecafa2f41236bdeb32eb0, 4
      [2852, 2854, 2863, 2872]
      offset: 1
  45, 0x2f8b05c50c8bf4c48d9613825280aaa89f0374d02d6b9174c44906fb9eb7cb80, 4
      [2878, 2880, 2889, 2898]
      offset: 26
  46, 0x2b0ac56ac302a7307c4648572ec260496f4af5734f918dc21c3c06b71c1bbb26, 4
      [2879, 2881, 2890, 2899]
      offset: 1
  47, 0x30f21fa6c045fc2b9654d9e19816fa384fdcacd87a9d475b47169ca472fd5e76, 4
      [3022, 3024, 3033, 3042]
      offset: 143
  48, 0x2a08007820bec2879a2c6a99b3a61ea6bd563d581acac9c4679fb782f6827bde, 4
      [3023, 3025, 3034, 3043]
      offset: 1
  49, 0x32a9fcfeda1d3267aa3d1284d0c30f87f6114deb885367ae2ab4d5d504d78959, 4
      [3211, 3213, 3222, 3231]
      offset: 188
  50, 0x2b73517c6dd72c5d078870297001dc356d8a46cb6aceebf8e253807e49a0cf87, 4
      [3212, 3214, 3223, 3232]
      offset: 1
  51, 0x25efcbcc919c7dd6b8e661fed5c4b64952e5e261331eeb3f5f47d860f01440ee, 4
      [3508, 3510, 3519, 3528]
      offset: 296
  52, 0x3fbfbb24e5dc90f2425544643c634e6e49d7bb015e6cb67082b2a68ed340fac1, 4
      [3509, 3511, 3520, 3529]
      offset: 1
  53, 0x3e8bee326d74d4c50cbefd7bf7da455174d74a66972c77e58a8d572577b11fca, 4
      [3832, 3834, 3843, 3852]
      offset: 323
  54, 0x212d999415acc9bdd3be1368d61dcd4b8155034da3890b5a5de24fa0ef634cfe, 4
      [3833, 3835, 3844, 3853]
      offset: 1
  55, 0x1f1e956fa7e57439c7d8e7ebbc62a9e6a65d528a04c180c9f922f1dc74b09ad5, 4
      [4066, 4068, 4077, 4086]
      offset: 233
  56, 0x2aeefa8b4ae222b27977a35347afe31d7712cf6a455edee2dbf0cd9ce8a8d810, 4
      [4067, 4069, 4078, 4087]
      offset: 1
  57, 0x0389b24b2178c1989419b2c08632d2aa61ed6046688c102a1aa4622954ea13c3, 4
      [4093, 4095, 4104, 4113]
      offset: 26
  58, 0x2305c0df7f5a00a61c228e9e74db9dbb2bb9215fa85c02561ab05813ad2c7292, 4
      [4094, 4096, 4105, 4114]
      offset: 1
  59, 0x0b56fce09469d10a1cdbf68a80a788cbc93027caf588716c521f8801b1c87bea, 4
      [4237, 4239, 4248, 4257]
      offset: 143
  60, 0x0f6bdd6565485f4b6af0d20b3a35d929fc31530d21f7030f8016dc15062fe3c9, 4
      [4238, 4240, 4249, 4258]
      offset: 1
  61, 0x17a92864dcc4f385e0b0074b25c557c9260d3f6913929ba4f6c45701744e41ef, 4
      [4426, 4428, 4437, 4446]
      offset: 188
  62, 0x35cd5ef13a9523c065c9e849a7e528176a070da71c04921f5552175a4aa7471b, 4
      [4427, 4429, 4438, 4447]
      offset: 1
  63, 0x3f0b92d1e52574159856a75d17ba5dc8045d110ac6e6726d698ace2d362768fa, 4
      [4723, 4725, 4734, 4743]
      offset: 296
  64, 0x2ae4aa699c64b77031ea870092576edc44adc2fa89c78679ddd06137774e6b5d, 4
      [4724, 4726, 4735, 4744]
      offset: 1
  65, 0x15cf36bd466c378feedf797bd1b345b7fca226f531eb53e3b036bf563aaf14e6, 4
      [5047, 5049, 5058, 5067]
      offset: 323
  66, 0x283832eacc450c403d022f1fa7cdc5313775518e1e21830dd57c13381f65c118, 4
      [5048, 5050, 5059, 5068]
      offset: 1
  67, 0x0eebf1fab2e9f8fe3353c436c70ed373d9e913ff1db09e9f2d4de5be60686d54, 3
      [26, 1346, 1647]
  68, 0x04d10cae3dffc83af3a87d466d600765442731202a831db3a4b8c1e5f0e719bb, 3
      [572, 1653, 9253]
  69, 0x16ca700198776d5752b723257724dfc2110bf7811e9336d5538ce7abac53c618, 3
      [573, 1654, 9254]
      offset: 1
  70, 0x1a109132ac30d481c0c654fe7ac70c21e39e3853443d35a2ab15a32135180a90, 3
      [574, 1655, 9255]
      offset: 1
  71, 0x246f8bf02a61190d77a4bd695c30766e0c0f4ba923f1d33f44ed8412949df3ef, 3
      [581, 1662, 9262]
      offset: 7
  72, 0x217c3431d2a44bad4532f2785a2ab325adb17dd386a2e539aae70de70994cc64, 3
      [582, 1663, 9263]
      offset: 1
  73, 0x35c511b7db273f10e5275c6584d6daf204c5d25cdabc0eef8cf7f450001e2dc2, 3
      [583, 1664, 9264]
      offset: 1
  74, 0x1152f1c2bf280ddb737eba156f61407f7171833f9d5a68d0c24b5e25d47e42cf, 3
      [599, 1680, 9280]
      offset: 16
  75, 0x3fa94f259f397959ba55ca864d1987b9779b07f8c6c4614adab673e54df758c2, 3
      [600, 1681, 9281]
      offset: 1
  76, 0x1659250da9d29b30f05f5bab63e67c0a0fb2be9e3439b01dbcb1aebc662f5f80, 3
      [601, 1682, 9282]
      offset: 1
  77, 0x3f51b1132a6322e9facb0f15bf9ca92b74159fd1d7a7e90c7699a293e1f5642e, 3
      [629, 1710, 9310]
      offset: 28
  78, 0x2c7900042fce822fd980740bc313e56f7045e5f5e2db3cb896287fcb797ceb6f, 3
      [630, 1711, 9311]
      offset: 1
  79, 0x273463b4199515558fe679aa6d07c148488448b8ed77d3b097c98f9066214169, 3
      [631, 1712, 9312]
      offset: 1
  80, 0x125398dca724cdb3c7626163e7db1e4d922ed10cd82b02f6341f2e8032f672b3, 3
      [632, 1713, 9313]
      offset: 1
  81, 0x265769b1bc27d4c9c0949aad0fd147faa8886c4c69d5dc1c8a18c14f8677dabd, 3
      [633, 1714, 9314]
      offset: 1
  82, 0x093a9b38bf3106d086bd5a7388f7b7e1d916930dbe887ea7d7589c8669d6d167, 3
      [634, 1715, 9315]
      offset: 1
  83, 0x35b498f9ffceb6582080255cdf454a2d4af0373a9a1ce4a52e45a93598e075a3, 3
      [635, 1716, 9316]
      offset: 1
  84, 0x09297586944675e2f543a856adf2afff8d1bdfc7f74de8535bd60eea4108e863, 3
      [636, 1717, 9317]
      offset: 1
  85, 0x2067c7ef216475958b603400d40021531dad818ef7b02ea3ce5288cc690c3530, 3
      [637, 1718, 9318]
      offset: 1
  86, 0x19cb26fa39754553e7192359e952efff864b691d2a978aaa7d29f25fccacae1c, 3
      [638, 1719, 9319]
      offset: 1
  87, 0x058e4fe7b8643ef17394ec4d3659883e5c749387d12c439d1411ea43b224b585, 3
      [639, 1720, 9320]
      offset: 1
  88, 0x175bf5578b9d06b3e25fabc7463bd4a92bdab4691a3b01da132dd97800ebd443, 3
      [640, 1721, 9321]
      offset: 1
  89, 0x1fcc1172c99dec2076c6fba80719486b8ed8ec7a3897d3bffc99ff6bb513a546, 3
      [641, 1722, 9322]
      offset: 1
  90, 0x19e95d19b6424095ab83a091e66bf2425966c74583ab95e2618c4032c12f13a0, 3
      [642, 1723, 9323]
      offset: 1
  91, 0x1d8d66170fabbdf79e731093899b68214ebcf1a58b69b91d8f90c7f828763b3d, 3
      [643, 1724, 9324]
      offset: 1
  92, 0x08448d1e500c6b88eb97d78cbe0f41d9faba6e078ab2a01b24d35632b43a9dac, 3
      [2734, 2736, 2745]
  93, 0x38f4803e8b26470b98b9d116c523d2087236e54f8deef5f9714052b17866a946, 3
      [2735, 2737, 2746]
      offset: 1
  94, 0x32c30b511aee4b18b15f3e496e536cdd3e453d7a659b62a0596b7ef724d50729, 3
      [2923, 2925, 2934]
      offset: 188
  95, 0x332a971436d95acae427c5064ab1361333d0f682d52e34b4e5e1ddc74d5ae255, 3
      [2924, 2926, 2935]
      offset: 1
  96, 0x319e369e28bad7a0362c31f56857525e847bc98eb7a4517e98dffe56fb0f5464, 3
      [3067, 3069, 3078]
      offset: 143
  97, 0x0f723c1efc681ae84f2f7cdcbddf6c32a84c180a22a7678c3a01793330457f42, 3
      [3068, 3070, 3079]
      offset: 1
  98, 0x16507fdfa89c7993e3126bb12416afdc36830777a508ad146a4fc0b62259ddb2, 3
      [3301, 3303, 3312]
      offset: 233
  99, 0x156682cd6f0768b6b83c93f2518c21bd50056903eb1126d8c0c34a1613d25b99, 3
      [3302, 3304, 3313]
      offset: 1
 100, 0x086cb93f8c4e475946a6ccbfac17db730185342825a9bc387e397edfdd6d3f67, 3
      [3373, 3375, 3384]
      offset: 71
 101, 0x35fa3b86deca476abb8d22a7906ee46dc69fa8a37917bc91697ebe420d6d0584, 3
      [3374, 3376, 3385]
      offset: 1
 102, 0x09630abc57b8fefb364302dd1efb6e0d285dba9dbd7a7c0172f47012ca5e0eb7, 3
      [3391, 3393, 3402]
      offset: 17
 103, 0x35fbfe9e2eed34213e3045626f48ffcf250b3e6ffccb631ad042e9d10475961f, 3
      [3392, 3394, 3403]
      offset: 1
 104, 0x249d7db92ea0ae7b447b3f8bac70d0d36e99b77739fa4af5c3066e6ebc3909a3, 3
      [3535, 3537, 3546]
      offset: 143
 105, 0x2f1de8244d5aed51722a840885a9b68c5f09e73c5c6ba8c5e9edb6776c26ce9c, 3
      [3536, 3538, 3547]
      offset: 1
 106, 0x0ec65c74e2042111eff219d14c0fd36f31e2e03680017e1da468f617c822a4ee, 3
      [3553, 3555, 3564]
      offset: 17
 107, 0x34d54420a753069af597b26b0d6849f35e6e92a32e3117611d2f7b0e623bc5c5, 3
      [3554, 3556, 3565]
      offset: 1
 108, 0x1507626893b5ba59a47511fbba1d1ef48dc49cf6b7bf33bc88f63eb3d4413905, 3
      [3580, 3582, 3591]
      offset: 26
 109, 0x36a857b5e9db8efdb63ac3755be37355a3f54a26976022448f73b6a2ed9687ac, 3
      [3581, 3583, 3592]
      offset: 1
 110, 0x188eb651a92198a2f514be12e4dab27f12e41100c77aefaac01b61836e2faf68, 3
      [3607, 3609, 3618]
      offset: 26
 111, 0x18508ec09152e5371b53ff8aafbc8e841c0ee2cd76c3914d802004e8f1706336, 3
      [3608, 3610, 3619]
      offset: 1
 112, 0x17030bde64950b07bb63354b68955529913b956113ea4c9d72a2dd13edc69760, 3
      [3661, 3663, 3672]
      offset: 53
 113, 0x31959ecf7433ef7e766a05caa75ed0c68d584fa4035aa05c56a6efd94b180f65, 3
      [3662, 3664, 3673]
      offset: 1
 114, 0x15dbd42b5f1b3ded8b2f8efb65333a280d1651df2158be5c5d6ef6752245f356, 3
      [3679, 3681, 3690]
      offset: 17
 115, 0x1d7a013a081b0419a887d3c32d84b6cdb2f1a5e912a6c82b7de2ab04fc6c9bc5, 3
      [3680, 3682, 3691]
      offset: 1
 116, 0x394af2f323a455b664d2c1b3fbd860e9b99ef361e24a5156e4ca54eb82d29033, 3
      [3949, 3951, 3960]
      offset: 269
 117, 0x06de997189585dee16ac7851332ff997beae9afc0f4800ee4a4fc2be9c282569, 3
      [3950, 3952, 3961]
      offset: 1
 118, 0x073e5702f2361c9dc507f3097f8faea0c71ef727df99fcb972f379c68d7d4dba, 3
      [4138, 4140, 4149]
      offset: 188
 119, 0x25d66a880b6edeee7c10cb46b29d6f35333f21152e6a5c4cb8f7f287fab0ec3d, 3
      [4139, 4141, 4150]
      offset: 1
 120, 0x188161ab6c0d87387fa6a72850f052dcbca3197632b1d7c6d0ef79edc13ea2d0, 3
      [4282, 4284, 4293]
      offset: 143
 121, 0x3b3fc8a56fd7ead82ce145a56f0a062d4275c7f4b534de3ad3b5d2a9464419c3, 3
      [4283, 4285, 4294]
      offset: 1
 122, 0x39e87b79acf2ff9f1b856a0c46151ff95befc21a3f089bfe99048d75c78e4245, 3
      [4516, 4518, 4527]
      offset: 233
 123, 0x09c0ade0e6193bfb90ab3500ade69b3fca734861720f951c53d9e7431998e852, 3
      [4517, 4519, 4528]
      offset: 1
 124, 0x363bc623bc98001de5f23f4f6b216eca929affffcdc96ba2fd113da0a10ae5cd, 3
      [4588, 4590, 4599]
      offset: 71
 125, 0x1490566924ccfa70b8c64e8abee8a0ae9ee2a7157ca738bf8e7925a0f5a31967, 3
      [4589, 4591, 4600]
      offset: 1
 126, 0x182005f277415a56f3c9ee498d0753e825be10037d38adb7756d6d46eb2b93c9, 3
      [4606, 4608, 4617]
      offset: 17
 127, 0x083bdeacb471628a46e435ce3c2f30475d9e4ab778f03bbaf939c249df007c4a, 3
      [4607, 4609, 4618]
      offset: 1
 128, 0x39b2f7a97d146b124e1917f18685a59b77238e489a3909b22ad2862468568122, 3
      [4750, 4752, 4761]
      offset: 143
 129, 0x2d3b012f70cf6eab08e69a91f3e53cc319a5a0ea08c80388d0f1171d345abb34, 3
      [4751, 4753, 4762]
      offset: 1
 130, 0x118cabf27b6d2fbd030b7d5950b31a9f05593a44a2cbec9ad159108048cb6847, 3
      [4768, 4770, 4779]
      offset: 17
 131, 0x1d0ec79e79d259b5de2538a657fc74e868eb9b95e2cdc82754bcb5735fc20997, 3
      [4769, 4771, 4780]
      offset: 1
 132, 0x0d0e119baf121a76d7f6962083c06d1b1524343c1b4dfecc344f9ffe60622963, 3
      [4795, 4797, 4806]
      offset: 26
 133, 0x15a6c9c374bad6c3a112ef958ebf63ded73345f65466c6c8723cfb70b3a32d29, 3
      [4796, 4798, 4807]
      offset: 1
 134, 0x0c06903171d5b800a9fb5ff034ccb23962d163a09496022ea0604928cc4ac128, 3
      [4822, 4824, 4833]
      offset: 26
 135, 0x2715d27e9fbc14cd4812e07acf746af9439066f2c7008260e4e7a8e5bc907ac2, 3
      [4823, 4825, 4834]
      offset: 1
 136, 0x23e6a721f55c41b0f73a74483e87d33fa97b482f0cd67c7096166832a921dc8a, 3
      [4876, 4878, 4887]
      offset: 53
 137, 0x0009edbfa27a5501a8c64a8cb70f91d4de071e83ca3666fc75900b399417e9d8, 3
      [4877, 4879, 4888]
      offset: 1
 138, 0x15251625f2bf6522e3cba33f97137655c87e24dd5055b82d75dba72aa927dd0e, 3
      [4894, 4896, 4905]
      offset: 17
 139, 0x3b7690b757d6f8270d4b73e09a4d330598e7333d4b0a9d6331c5cb28a95e1d27, 3
      [4895, 4897, 4906]
      offset: 1
 140, 0x169e5df0671cf17967cb52abdc027379b124dad00e326c7a75be2b3c3ebf0e19, 3
      [6992, 9232, 9242]
 141, 0x3a15bb7e186b62749ebc731c93b77156e64cc0246386a6d395627b0e94845bc9, 3
      [6993, 9233, 9243]
      offset: 1
 142, 0x2effd21ef605ed787c9473e63a76f74581cc9a121568e3d2bee4b4c7bafc0d23, 3
      [6994, 9234, 9244]
      offset: 1
 143, 0x001077356ee5c5ae723ef4bb0e0df081812bdc339f62e611420a644b5f50f542, 3
      [6995, 9235, 9245]
      offset: 1
 144, 0x3388a1ecfd49da36fcc0a7541eee3cf680d11cb9d782351e330698d442ab82f1, 3
      [8892, 9236, 9246]
 145, 0x1be40f5c79314d74956ea7afbe2906730b7a91bbafa9f4076e1474a595e9515b, 3
      [8893, 9237, 9247]
      offset: 1
 146, 0x3f21d9cf18850426783031f8192622b9ed05b70e2350ba189b732acc81b7f98b, 3
      [8894, 9238, 9248]
      offset: 1
 147, 0x3948c9e8b85406c6928c2028abe7853ecf2461354c0f6491d55f2de66291803d, 3
      [8895, 9239, 9249]
      offset: 1
 148, 0x345fd1345162447d6fa0bbdbfa26488b9ac4615f25515b3c87bcd757787dd571, 2
      [11, 561]
 149, 0x17965f0166e84a803f4f1b82e35ebb336dfb7fb898628f4155415a9feb362f4c, 2
      [12, 562]
      offset: 1
 150, 0x3554d90475de0282e11f590c610d0e588f29dca71bf1013a288a8b8555370b46, 2
      [13, 563]
      offset: 1
 151, 0x1827c572669a84c9ab01afdf77cfd32a90c35414346d70096cb27d3e6e9ac912, 2
      [14, 564]
      offset: 1
 152, 0x15a128a19774d769c65c103695d11a62a06b575e2e64536232140d7f060b2339, 2
      [15, 565]
      offset: 1
 153, 0x3d80051c1500960a044a9773b405ab67eb4191fd09d7ba1fbd0f11b381e08106, 2
      [16, 566]
      offset: 1
 154, 0x309f7fcf77cb772a19cc6f57e4f83a8dafcebd64c58a53444b515334a8cacc52, 2
      [17, 567]
      offset: 1
 155, 0x13dc5fe642dcfcfa86f65da505015585ea44e4b813b6f7e3b9bf26e32d940f1c, 2
      [18, 568]
      offset: 1
 156, 0x2239aa8282cdf2cd586fc8f3e501c1ceb69bd7d2d42b1ca3efc7802c02999f95, 2
      [22, 25]
 157, 0x1562f8d61326836a2cd566e13bc15f2f936b8c002001bdb8f6ebe2a9ce9bbb92, 2
      [23, 2729]
 158, 0x1a7bb11aa4147f3599315bc5b33c41c0269c1ff379fd2c8d19db8b6ce50e7728, 2
      [31, 34]
 159, 0x1b55305812c781df7de55b54ccbcca419986672b71c8238b44375361a7f4db8e, 2
      [32, 3944]
 160, 0x0fac3bc42da51e3ca717fb40755d31561d4baf4ba6f6be23ffe0c4019dbf03c2, 2
      [41, 5424]
 161, 0x255677ca8a92be5cefd92c2009ee7b7e9746b6bf1cad63f29d95958bbeeaa92a, 2
      [42, 5425]
      offset: 1
 162, 0x0c60ba3b70dd8ba56b51c7ec2ac6c66f69c2cb7a4109b40818a8e74c3031b614, 2
      [43, 5426]
      offset: 1
 163, 0x25f2238d2cd1d8dfea5cdb9fdb12744e978501a7f82c911d29860ecd691ba15d, 2
      [44, 5427]
      offset: 1
 164, 0x0ae906cfcce374b03ac5a2e104b391c489bd2c59e24d9d91e1e9cdf2d6b97611, 2
      [301, 7324]
 165, 0x2521b4fa8ec21baedc8278fe01bdc49ae0d5b5dc976fbd9bb5e82ee4c8962f54, 2
      [302, 7325]
      offset: 1
 166, 0x298f3935e0f0baad18bab866c8af8b5078364fe23eb87d2e23f39782f0beb399, 2
      [303, 7326]
      offset: 1
 167, 0x0d8351323fbe9f7b0d20edb2dde375dc2cc21a258b63a10d1143679a2e5764d7, 2
      [304, 7327]
      offset: 1
 168, 0x130aa9d97829cb29e1bd9e50616175915a47c82f1b75b4cd56a507000555b174, 2
      [569, 9250]
 169, 0x3a71ae17c525dc68243fe4956bd1c14327adc54bcea9b5aa9230a2e6cdb18291, 2
      [570, 9251]
      offset: 1
 170, 0x07a6125c17060ec9ef7059315a2091c5ec994b1510f5e9420497813372e881ac, 2
      [571, 9252]
      offset: 1
 171, 0x3a7391b422e653d61971ed163f60697cfd7376973858e3bfbabeb69a9b8852f5, 2
      [578, 9259]
      offset: 7
 172, 0x30fac61531fda25c069330819ee548c34f743ac169627d94e5887bdb7c3fff55, 2
      [579, 9260]
      offset: 1
 173, 0x2b90d3f292e113fc412d5ed8e1d681beef0490a8b0210fe65f5bb2f5aeaf066a, 2
      [580, 9261]
      offset: 1
 174, 0x2d1f267f01a8ffcc5e3fb8aae96b619050547aff2dd6a729bde8b31721b3689d, 2
      [590, 9271]
      offset: 10
 175, 0x39adcdd4250ec050afbc282470875d5e00e238b9e1e3c78fd1489a7da3153152, 2
      [591, 9272]
      offset: 1
 176, 0x277d703f8eea2b9f95e3128ae792b94448a68240d4b7121760451a32ea21033e, 2
      [592, 9273]
      offset: 1
 177, 0x13ab263997c8cb748bf8d55c409182f6e88a2ecaf525f6bd61736a119c7dd63d, 2
      [2752, 2754]
 178, 0x209e24dd00cb32fdd9ab226591c1506f3a866b168eb06c7612a6807e7cb5b6b2, 2
      [2753, 2755]
      offset: 1
 179, 0x08f0cb5cefe068e7dd7751a28407d4616627045d59edf8aba33801de1e4bb2c8, 2
      [2797, 2799]
      offset: 44
 180, 0x2bc870db342a352b06c2e98625f53156eabf1051c52e964336febef8fa9c9e89, 2
      [2798, 2800]
      offset: 1
 181, 0x3e59f99ebaca839dd176001db93d2db827846105e50c39463928257f6f5663d6, 2
      [2905, 2907]
      offset: 107
 182, 0x1b774dadabcbeacd5704c0445737f09f0641683e3b5e99f2dc8da7af6f936d7c, 2
      [2906, 2908]
      offset: 1
 183, 0x21483dc48ddf6ffe926b95cbe7eea24b25277332c947de0792a7b1337ec7b188, 2
      [2914, 2916]
      offset: 8
 184, 0x201399b2350be2511bbf67e0c5918d71da7b1321d16ac693d0e50bdd30243f3d, 2
      [2915, 2917]
      offset: 1
 185, 0x18110185ce7bc2786e6de2c4f02cf63662ab9dfd68025d071108da7e4cf2d76a, 2
      [2941, 2943]
      offset: 26
 186, 0x376bf5f662c949027ca71ffbc6aec61314b4ce317046f9a70d5920295a0588c2, 2
      [2942, 2944]
      offset: 1
 187, 0x39978e8cfc8b07be95e62cae0a7dda8cdf207e6134405be96e1048b71462152e, 2
      [3049, 3051]
      offset: 107
 188, 0x223bd51ddc0b5044fa827f879b2e8493ef7606fd56366712bab99bc1357b4716, 2
      [3050, 3052]
      offset: 1
 189, 0x0314b8f075f340d2003a98bd9fba895a262ebdf8a65d784736eeaa1d164a9971, 2
      [3058, 3060]
      offset: 8
 190, 0x01c9cfd467c26faab4c8c3c460eebdd649a14d680d506953e21b34e3d2261c51, 2
      [3059, 3061]
      offset: 1
 191, 0x0dcf323fabf2c2d12880d9b5e621afbf67abb5a50ab01fd87e41e81ed73ac59d, 2
      [3085, 3087]
      offset: 26
 192, 0x150abe39d6bf94f4f21dead4b1d4ed7d6fb50041d17c26288b11ea0d24a44e19, 2
      [3086, 3088]
      offset: 1
 193, 0x344a981c34deea822a8413be3add553e26f73a77cd97051b3a6e763670c2f8c0, 2
      [3094, 3096]
      offset: 8
 194, 0x225665d96a96618499e343c03e65791338d5794f72dc84f53c7a03aea6109e1b, 2
      [3095, 3097]
      offset: 1
 195, 0x1bf9f89cb6671711dc2dc72f5c45ff00aa4404b5932a2c85ad6efdd0b3868118, 2
      [3139, 3141]
      offset: 44
 196, 0x3ea413c121ae3098738ebc79c6f08aa87af4fb51bdae8540c46dea162ed4f15d, 2
      [3140, 3142]
      offset: 1
 197, 0x3223ac51687ecf07d9ff8d4dab2aaaf7c514f5fd08465e4a5036780466f5e6e8, 2
      [3202, 3204]
      offset: 62
 198, 0x067a218874bf14dcaf053bf997762b5626ae0dc1e56338f192887873eb37aafc, 2
      [3203, 3205]
      offset: 1
 199, 0x16af555d4724c731d3135330497ee09d0b26f626154b11adcb3c3a2ca9057144, 2
      [3274, 3276]
      offset: 71
 200, 0x098685ccec2bdff19fb2d8cbb554b49d1b36dde375c03b610cbeaadf862c95fc, 2
      [3275, 3277]
      offset: 1
 201, 0x0a153f4e69b7bc37735dd11ce469fa70df32f932758fcb19e9d037426139e53e, 2
      [3283, 3285]
      offset: 8
 202, 0x2eec0b267495364b1b68635f736191681f5652b9341e5eda886b327622a60cdb, 2
      [3284, 3286]
      offset: 1
 203, 0x2a8bb3277da028eb5f8f491c26a63ac24c8908359d4b61766f6ba54b971c1307, 2
      [3292, 3294]
      offset: 8
 204, 0x3363d4496e7e2090adce4e83c796dec9b0218b5ad4f1ed9f54155b47e5288c6b, 2
      [3293, 3295]
      offset: 1
 205, 0x07800d3bd89f87d073fd3b3ca8a2b42a5be9d0d1bbd33e88a2560dcbff70259c, 2
      [3319, 3321]
      offset: 26
 206, 0x1ca2ce46056d73e400f1c2b0a5b9e9883c7772798fd3a237fa67762367b26b38, 2
      [3320, 3322]
      offset: 1
 207, 0x3cf27dc5326822008ea64540a9b69190f1b229f4499f174a2307f1b86da740ba, 2
      [3328, 3330]
      offset: 8
 208, 0x29a11ddf9358284fdc8171e80302c33ab23e3ce977288f189337798b5a17c835, 2
      [3329, 3331]
      offset: 1
 209, 0x39d118ccd8e51ea4ce28168e297b73d01fae987f238e0afc8aa4cac4ac851efa, 2
      [3337, 3339]
      offset: 8
 210, 0x34d15998d991f6b61f6b3ebdcfe30af6b269c5c1ad4547c6bcfba52fb711804e, 2
      [3338, 3340]
      offset: 1
 211, 0x3487d673d2221631e8101f59ba9b3bde97ac41633141eecaffe2f0490049cc8a, 2
      [3346, 3348]
      offset: 8
 212, 0x324aa4e4b62bd7a6583e25eac4bfc80ccfbfdabd30e1d6c74e8236e47517f434, 2
      [3347, 3349]
      offset: 1
 213, 0x2eed6ebad43499f926472c297f22d3c06a7d3a8bf5c55db76c00c9d009110c6c, 2
      [3355, 3357]
      offset: 8
 214, 0x1a958878d3d8cbd2486055f1a37595ef8034f606851b10492db448247d333cd4, 2
      [3356, 3358]
      offset: 1
 215, 0x3f7f3bd25964f9b0b76fd2d09756616fc4f9fc0784d48a16e6451f1a90079a86, 2
      [3364, 3366]
      offset: 8
 216, 0x14a5bebb9cea41d1dc6bfd157d16277285b23457e1850fdcdd90a075d7465395, 2
      [3365, 3367]
      offset: 1
 217, 0x1f8896c3a5e321744d7cb13c4c1334be6658377d53cdf2fe320e2caa2c351dbc, 2
      [3409, 3411]
      offset: 44
 218, 0x2739ff85e3a06d8052ee7758881d9ad8e714255b57bd7abda4249df98c12e196, 2
      [3410, 3412]
      offset: 1
 219, 0x19b72c53e3100c2e8da84eafb4f21bcc6aa9e79108da00d3560b8864828012ce, 2
      [3418, 3420]
      offset: 8
 220, 0x0e2227dbbcdcdb341df7fb4247902c19d46082f871136ef83079576e5d286900, 2
      [3419, 3421]
      offset: 1
 221, 0x39fd484509a6ed53c3d53a68f7683ece41e8dce6347db1dea7c065ea31c28b1a, 2
      [3427, 3429]
      offset: 8
 222, 0x1f63c361af8370b72468c1c0cf9c2ee19ca0df75a4475ca381d9dffed6e525b3, 2
      [3428, 3430]
      offset: 1
 223, 0x027a3774107f998365f11cf324db32bd423297d2f1de98d13bfc52b4563560ad, 2
      [3436, 3438]
      offset: 8
 224, 0x25d2f79ecaf8b7b3d2d1358c4cba568bb36682ae12c358eb3b3381aea2c62f08, 2
      [3437, 3439]
      offset: 1
 225, 0x11fcd86bf1ead25358bdf0ec1cc56722efc43c8548bac7098a423db659f09967, 2
      [3445, 3447]
      offset: 8
 226, 0x200857d141a48cb6f8629981c2d072b92bf68957c3f037b57f026f7bd77a807b, 2
      [3446, 3448]
      offset: 1
 227, 0x0ec14180a42ce29e649a903aaf45cfa684144400c2ffb1a3b6acbd2e2e2d84bf, 2
      [3454, 3456]
      offset: 8
 228, 0x27f36d85b07a4266971b83f4c69e1448cdb956486142d61c2a64ef0ee7c161e4, 2
      [3455, 3457]
      offset: 1
 229, 0x05c50339b787e9e00eb971e829c2791f32f90cab19f9215f3b963891f7fe0915, 2
      [3463, 3465]
      offset: 8
 230, 0x15a829d29891a8b8d602ea1afbc910cb5a24ebf6bb041cbe1b58644f53848092, 2
      [3464, 3466]
      offset: 1
 231, 0x07d473c3edf57fb576da7ddb73f0b122da42283326e1ff249b163dce76e03f56, 2
      [3472, 3474]
      offset: 8
 232, 0x082a99727f567252b9b0264608906471766acd032c0b1b26a72f10102196c195, 2
      [3473, 3475]
      offset: 1
 233, 0x2ad55f89eadb4f825bca7e982026a6d7a2e38d510e31984e92963f5ef00e16d8, 2
      [3481, 3483]
      offset: 8
 234, 0x08374c4df0da193d743f3b94655cf0b201245b45e39456542c0e39bcadd16779, 2
      [3482, 3484]
      offset: 1
 235, 0x17c89588a775f60e8e204db2769d27e46a74c2d6af21b71b6d7e9957cbde06fd, 2
      [3490, 3492]
      offset: 8
 236, 0x2a2b9c9075b1a71ca27d446200dc23fd1aec706a44f3b9962f2d633c0932546a, 2
      [3491, 3493]
      offset: 1
 237, 0x32e759b50b81ff557629c7b9093a708f086c135fb7853a550e80e2ed117bbc80, 2
      [3499, 3501]
      offset: 8
 238, 0x3e980068d91d319709a2cef5a37ec443b259170dedbbafad05d0556f1e2ab57a, 2
      [3500, 3502]
      offset: 1
 239, 0x00ecff2a1db48d770b1d66d7c4763e6abbc9f14b387292847644467fc304589c, 2
      [3571, 3573]
      offset: 71
 240, 0x0dd1630634d0378b76b91cae057fb3333d1cd6f16363702548ce67c0734ac95a, 2
      [3572, 3574]
      offset: 1
 241, 0x028bf3892d5b3a31415a365b13faf95e78a80591bfd65f76f6f0e91537333df3, 2
      [3598, 3600]
      offset: 26
 242, 0x04c072d0cf1a0476850f5448acad6d2ff8cbb9ea7deb2ff106a852b4bad9e23b, 2
      [3599, 3601]
      offset: 1
 243, 0x03a8b3947494dda5b857fd164756309a548acace21bedd743235972549a9fbf8, 2
      [3625, 3627]
      offset: 26
 244, 0x177f520453ee4ebd324c3a6a867d1675f2105d81878366d1bba323877f99dd42, 2
      [3626, 3628]
      offset: 1
 245, 0x3e1d1d82312b375282d81dc14f39be656c251f90cdc3316008d4e6f3cc85c5a6, 2
      [3634, 3636]
      offset: 8
 246, 0x1a8495584db346cdd395fe21a6ec88a54444b21a8154ddb14baa81f414e53c9a, 2
      [3635, 3637]
      offset: 1
 247, 0x08200e19e0dcc906b99d0d29ebbbaef77164ec127edcb4dcb65f1792a28d22fd, 2
      [3643, 3645]
      offset: 8
 248, 0x1826d4dee70424804501ab4cf9c674ce01d659b69f141cd86517939ef6900cce, 2
      [3644, 3646]
      offset: 1
 249, 0x2469ae5c82dc00228f22946a33d468eb101975c52683589485f644488b4366e6, 2
      [3652, 3654]
      offset: 8
 250, 0x3e0644815cbd4f0d48ea1711e600af6afba60802e4476c58bcd3d945b360676d, 2
      [3653, 3655]
      offset: 1
 251, 0x26f378cd7118d4a6a05345229d09b656c2a673c983c8521f4c8f811afcf62c50, 2
      [3751, 3753]
      offset: 98
 252, 0x3f328c88656a2a0776091e50cc84e6482d7f5d87ad219cad8dfca35090803d0c, 2
      [3752, 3754]
      offset: 1
 253, 0x253b46341317e7c2dd0eec8b51e287475922813326927cda38aa2777cbb2bfda, 2
      [3760, 3762]
      offset: 8
 254, 0x18ef7aa0bfabf2326b07ad63462f8a6347f1f437b930ed0dbdf8045235c77d5f, 2
      [3761, 3763]
      offset: 1
 255, 0x034b9eb01774e6fa2b68aa43d949668c9fe8ceb05bd0d6556369edab983cf484, 2
      [3769, 3771]
      offset: 8
 256, 0x28f9ad710ecd0431b60f03cf5f435128ba5d43b40a68a9664358e2c7685d4906, 2
      [3770, 3772]
      offset: 1
 257, 0x1a55863b58783971df7974fa95dc318edeb80141ab05e3d005af5f40c24b08f9, 2
      [3778, 3780]
      offset: 8
 258, 0x1b9db0d6e45f17933473cfbe3682480009877e81008b8eb877f4da49cb51e2d9, 2
      [3779, 3781]
      offset: 1
 259, 0x0935ae343a359ec914b02d64e3f440ac748c894a569476342a957c7522edc939, 2
      [3823, 3825]
      offset: 44
 260, 0x05bbde8621181074239d23f81ce482fc3e19b57a14dbc800836a1fd6c66ba845, 2
      [3824, 3826]
      offset: 1
 261, 0x0b71c8effe332cdbf3a3b8281cf773b4a002873f6accb3436b613332bc45f8d3, 2
      [3859, 3861]
      offset: 35
 262, 0x20dbd06870feba94681433a79dd693b5cb28847305651ef024dc4a15aefd0b09, 2
      [3860, 3862]
      offset: 1
 263, 0x04ada8796ce4ffd7004d0338afe15a6965538d905037933f8852ca4dbc82e0a1, 2
      [3868, 3870]
      offset: 8
 264, 0x3c59f1e9d4e20a2be3d8ffda14e96a06ba9e35f745c074e568bddd6c38ba5f9a, 2
      [3869, 3871]
      offset: 1
 265, 0x38b3e3d3a9c41457c7b1ffb429d2d40d52f5d2f281ec40ed4534cfb77174bf33, 2
      [3893, 3894]
 266, 0x014c04f9212f949e5b7b6fcfd3ef1ff43efbb8e9a54d138f974104ba97fde411, 2
      [3897, 3899]
 267, 0x00445f593c1488a04823465df2e791b5453b051a1613fca8b37bd455d8c4c10c, 2
      [3898, 3900]
      offset: 1
 268, 0x2843bed8db949054b5dfe69ca5f1bfbbdefbc780bc6ab7a074d082244b4f7a99, 2
      [3930, 3931]
 269, 0x240748f9efb239164613e38ef3b3cf73eeb2dd959181459ecd15cb9bb4ee4756, 2
      [3934, 3936]
 270, 0x3f3b74389550fd177164367b656d3c89386830ca55e7f0fce96d8fc79e83035a, 2
      [3935, 3937]
      offset: 1
 271, 0x0778ec153725c6d35e93be09153b092184562fe7be59820d1c189e7dbf1b91ef, 2
      [3967, 3969]
      offset: 32
 272, 0x02ec7829119952e2af62130cf29a9f3366c3031ddabbd615649247c74eb52ab2, 2
      [3968, 3970]
      offset: 1
 273, 0x18267fb764c831ca8fd058fa4773e27b25df9299f0c6257a9570682f9bb11145, 2
      [4012, 4014]
      offset: 44
 274, 0x1f4280fd9d9c7065fe68f063a9605dc4700e56c55fa729d43f3c22696708df52, 2
      [4013, 4015]
      offset: 1
 275, 0x010535ae59a3314e8040d6edb4177761cd3be157559a1249dd843c998e481e40, 2
      [4120, 4122]
      offset: 107
 276, 0x116cb76ff0deb97cbac1f589b4db9ee5fc257b46612c1da659e2d0bdfae29e07, 2
      [4121, 4123]
      offset: 1
 277, 0x1558fed2927dc7bbd43e18df107ce974bf38910d84fcc48aa748f6ffabf6a30c, 2
      [4129, 4131]
      offset: 8
 278, 0x2aa7c2e1cfa7ac641e0fb30b5023ca8ba95c0c28437e8e3373056b87a5606560, 2
      [4130, 4132]
      offset: 1
 279, 0x1b613d0d63b76904636be869c0f2779fc5a5f238fa6167a4bcb387039c50d7fd, 2
      [4156, 4158]
      offset: 26
 280, 0x34beb7145146fb270e8b3da68afe447cdad57420b7caca07eb6625d8b6f0d359, 2
      [4157, 4159]
      offset: 1
 281, 0x1244d1e939b5f320230d4f02009f2e890fb26e6bcfbb85e7d436a2480f09355a, 2
      [4264, 4266]
      offset: 107
 282, 0x38ace5772e16c31c30646437447de38f0164ed6b000d3b66e4dbc5ddf4edc0cf, 2
      [4265, 4267]
      offset: 1
 283, 0x143d7350400936ca41503a2a4a87bd20e7f1a4532833604c898dc86a932be369, 2
      [4273, 4275]
      offset: 8
 284, 0x126979f67e56c95a52a42f38833574b03ea8639db882c4842f1b0a84b29f4245, 2
      [4274, 4276]
      offset: 1
 285, 0x3413622c2d4115e67ae04ef71bded63a3fe6c213a28a2e5b62e4b301461b3da5, 2
      [4300, 4302]
      offset: 26
 286, 0x32f0d94db299f35be13a958508401885da09646e097663e0a8be0bdda52b8509, 2
      [4301, 4303]
      offset: 1
 287, 0x3e1bd2f639cea3a8dc255b5dab9abac126ce6f920e213fd2b07ca8227ca04773, 2
      [4309, 4311]
      offset: 8
 288, 0x3ba561bb03365073c793ed3073008fd990f70ea512111ae6065856e90556a3bb, 2
      [4310, 4312]
      offset: 1
 289, 0x08871dcec2c6977dcd3b82ece66519e8c5244e92bd944206549ae7fb951100d8, 2
      [4354, 4356]
      offset: 44
 290, 0x221fc4191a0570d6287e360d56d34f61389fbf2e9b60e15422fa2f4edc97265b, 2
      [4355, 4357]
      offset: 1
 291, 0x3435c7ca8556c4175f57742130f12c14851a14889189d2c9c680b5d41d5599dc, 2
      [4417, 4419]
      offset: 62
 292, 0x26bebd6471d05f29c45ee1152260c595e606b14be08a0254ab33345a04ad0e15, 2
      [4418, 4420]
      offset: 1
 293, 0x2d2cdb60447698b765d3bc20c8eecae12dacf2d6d03d08f9b529676b791b9469, 2
      [4489, 4491]
      offset: 71
 294, 0x151cd0e0c045f3adffc21a87014a66dda37a3017677615b3a5bcd6f03c921521, 2
      [4490, 4492]
      offset: 1
 295, 0x0b2a7afc560a2ec0624be3ee7c2c3ce6e5c06035620a4e50afcc7f44e49b348b, 2
      [4498, 4500]
      offset: 8
 296, 0x3c17b774437880144b2a08dbcda52d61eabb4999c385ddb1741cf4532085c662, 2
      [4499, 4501]
      offset: 1
 297, 0x0da9bbd24dade580f7570f5916fd604f8f710487bf82febe987127abedc55acf, 2
      [4507, 4509]
      offset: 8
 298, 0x38a1c754ece8d087130bb229613763bae21784d31fa929ef0a23ba55fc3682d2, 2
      [4508, 4510]
      offset: 1
 299, 0x220683afe508ac3db9ea59e7256c64e2785acd6f597843141f57dea767217914, 2
      [4534, 4536]
      offset: 26
 300, 0x2bb17f17916e07d3d1cf6c3cc9c3ccad9257d5d2f597ca27549d2ab7440ebd18, 2
      [4535, 4537]
      offset: 1
 301, 0x2ba3f72ec8d4bea27ae040115b57e7a16f0b607fb9632f71c73fe39b92743343, 2
      [4543, 4545]
      offset: 8
 302, 0x168316a65b654683c89712c7fc0cd470d9d91a62dfdb5e9e86e44d2e9eced090, 2
      [4544, 4546]
      offset: 1
 303, 0x11a2a6d24902fb5a7b18067b8d16f10945435eb7656eb3baa20c86389ea3ee90, 2
      [4552, 4554]
      offset: 8
 304, 0x3408128638a044015176cb1883fc26074673a8736e9db86b22e598f2aa7fc6fa, 2
      [4553, 4555]
      offset: 1
 305, 0x001e675c0645ccab16c1c636e55985485a17d1e8a25c8c453fabb66124ab028f, 2
      [4561, 4563]
      offset: 8
 306, 0x0849019f0be4e66134fc80e9d5bb23465be8dd2829676084f130b3550447e1d2, 2
      [4562, 4564]
      offset: 1
 307, 0x1bb80680812f9b5174ee4598b8fcc4ba81388cee74feec4b2fa744dd76a66ce4, 2
      [4570, 4572]
      offset: 8
 308, 0x0e2719d22f1ee94793b35ef75d946a54e44a2baa2a21a8802efb2b9f53d93c1f, 2
      [4571, 4573]
      offset: 1
 309, 0x37335ccc288229a181f4dd20fade82dcb9c0fe5199c5c00555c06dca1d7f4dd1, 2
      [4579, 4581]
      offset: 8
 310, 0x0f4f8e27206b24462924be78e4d0e1c18e0bf99266c4ba23d17ed32198897c91, 2
      [4580, 4582]
      offset: 1
 311, 0x1734388838754e79e725f2144deeeab71190a09dbaa6613aa79ae5ecbe887ece, 2
      [4624, 4626]
      offset: 44
 312, 0x0e5ddb54c1eb0c3d06b3ecdc03f684df193b1e7b606da9da4c2bc9b7eb9b7817, 2
      [4625, 4627]
      offset: 1
 313, 0x25c0a6e001cae4f6f6cb3293605b76e1babe828cb5379e78c0c21e03faba74a9, 2
      [4633, 4635]
      offset: 8
 314, 0x3c537bf070be7762eba0167664171b63f23b8359b7f288def02cb46d2c481109, 2
      [4634, 4636]
      offset: 1
 315, 0x2ae4440e208eed236ff199153be1c9a97d9070b9c5b8013bffc430607021a4c2, 2
      [4642, 4644]
      offset: 8
 316, 0x231204b1ca91e6debd5fbd15fd0aa8682251bb607d370acef19ee794fb8d52e6, 2
      [4643, 4645]
      offset: 1
 317, 0x39d7697d420f2139a913e730580c3ec0a3110dc6d6873b2d4236f413ebf01c7e, 2
      [4651, 4653]
      offset: 8
 318, 0x174199e2cb047fa624ae66e202f85949e9756a638eab2ca162729fa72943635e, 2
      [4652, 4654]
      offset: 1
 319, 0x235d934a9e8676e09c79af0223a4cf21d3b5d11b515d9361eb7554ed76858684, 2
      [4660, 4662]
      offset: 8
 320, 0x342ddbee2aae817794e0d828a10470eeb5f16b1b4935f362247ae8ed9e8b28d7, 2
      [4661, 4663]
      offset: 1
 321, 0x35193fc54abe23e12fac782d328bbfeabacfa21b26c2d9a09b7325927b6f7d73, 2
      [4669, 4671]
      offset: 8
 322, 0x05432987f1421320b95971530435baa689220ae0e1ac8670df1f7f3248a976d6, 2
      [4670, 4672]
      offset: 1
 323, 0x00b02f8f54ce0b77438e5c3dc6f6e224824b65acd806b4789c1af81bd3bb5502, 2
      [4678, 4680]
      offset: 8
 324, 0x2036ba97a7eea27f154397619763e336e57f14812bbad217bad2c61cb43c4351, 2
      [4679, 4681]
      offset: 1
 325, 0x1ee2179ccd0601d739462e2371af5ebab26eca53e365d8a9eeade48f50ffd978, 2
      [4687, 4689]
      offset: 8
 326, 0x3babe672f2eecd4aac65a713fb880712d08b551fe3e182d8806ebbc7cad258ba, 2
      [4688, 4690]
      offset: 1
 327, 0x36b7bf672f32ec69c4bd8bda5227e580e4e77582f4bb3ce3bb81dc2f66a2b3c2, 2
      [4696, 4698]
      offset: 8
 328, 0x1fcc5521c736240c0d330f42e7d5eeb2e337cc9e9610ac7951f5fecb1f5f6aca, 2
      [4697, 4699]
      offset: 1
 329, 0x20aaec571816835396bf9e0bb9fb4a7949479d0caaccb3b05aab83427d717d94, 2
      [4705, 4707]
      offset: 8
 330, 0x37eb47ed9af8a1462317a30dd4459bde08d03f3dff71c580e785d53d19b6062f, 2
      [4706, 4708]
      offset: 1
 331, 0x09f8458f7498fa28c62ad73f237087bcf4b259a585451632061191f315dd5153, 2
      [4714, 4716]
      offset: 8
 332, 0x363afa66322a0894d43e1328045e18dc1547ecb667e38f69d4c6c77ba6a95306, 2
      [4715, 4717]
      offset: 1
 333, 0x245a96bbdd08fab7b7bb5b7900077c31f5f24c6d1069942f8192bd91ff9219dc, 2
      [4786, 4788]
      offset: 71
 334, 0x17a4f0b857bb888de2b71a23c7079d5b5ce40a4ce75e37530bdef8747e439459, 2
      [4787, 4789]
      offset: 1
 335, 0x34adc1d760de34c26e0a0a406e759c23cb230c0936bdc79258e9349fb1ffce68, 2
      [4813, 4815]
      offset: 26
 336, 0x0d69094174ee06ae4d7d5e159fa5733b9f9f9bdad05f7251ce57a26326c2bf0d, 2
      [4814, 4816]
      offset: 1
 337, 0x1268b9ddcddbb2e871c3895a623d41f3daae1020cd618e887d944ed80a917d5e, 2
      [4840, 4842]
      offset: 26
 338, 0x0dc11e895f1ba2a02bc39b6e20d039dd9f194fcc7fba499957365bb1a98c30cc, 2
      [4841, 4843]
      offset: 1
 339, 0x2cbd9726af298a094cc2d517710c0ec76dfceffab996e9e3287288af3b978653, 2
      [4849, 4851]
      offset: 8
 340, 0x1902863b8ca228b9ab041664d3285c993c929a5355258a8c1b0abec07c30c453, 2
      [4850, 4852]
      offset: 1
 341, 0x154a694f22feb5e277477b8ed5afa5e5775b34d13904d9cb32762cc001885e12, 2
      [4858, 4860]
      offset: 8
 342, 0x264d1e4fd31a9f40ccbe3b489fd3346f5df8403dd602bc29d3bb2c31c2e6621a, 2
      [4859, 4861]
      offset: 1
 343, 0x3c135e2f04ac1edc6fa3eebf8e72572ee87e8778c73ca3e0f3e8e6a653c38a92, 2
      [4867, 4869]
      offset: 8
 344, 0x1f3f558b10a0ae24bb9609fd89d83bbfd2b551eabf729c4604b2e53825212bd5, 2
      [4868, 4870]
      offset: 1
 345, 0x0c25f4bdb4e115352c1da4add30891c491f8d4eea965b40fa4578e6c1d93ede1, 2
      [4966, 4968]
      offset: 98
 346, 0x32a6ad3cec7db38fba2bdc2816cbd86cafe11d88e7e9d28e811feb8e91b3dcf6, 2
      [4967, 4969]
      offset: 1
 347, 0x3070d65d9fb16aaf8c493848c0a764718245dca8105afa4d7f937069d7f916af, 2
      [4975, 4977]
      offset: 8
 348, 0x2caf7aed953fa1235bc43bd2be8853abd06b357225cf27dcd0a58767266837f7, 2
      [4976, 4978]
      offset: 1
 349, 0x26e78d4c1a1182f161b9b79a2fc2339cb32b06eb0c3c1d0173d488c1db4e6d7e, 2
      [4984, 4986]
      offset: 8
 350, 0x00c9f5684ee6184ef4f65f5db671544695092001fb7254949601ff1fd53565fc, 2
      [4985, 4987]
      offset: 1
 351, 0x368f7a1edff0a2dec9ef8a41bac915e9ffc9811ba5ad3989f78c7be0543a1eb8, 2
      [4993, 4995]
      offset: 8
 352, 0x3d380d5967dcc67a7afe1d022e6e79623465f9ec521fff63a42b95005316187c, 2
      [4994, 4996]
      offset: 1
 353, 0x3553c50436e4a883ea94d9eba8ff1933c1c2b8dccfafeb55a821ba6d021e3013, 2
      [5038, 5040]
      offset: 44
 354, 0x275f5a6eeba8fa7f160164e728fe4df8fbf85902360cb194946f4987a3477c4a, 2
      [5039, 5041]
      offset: 1
 355, 0x2f450d9d5d0aab8551d3f43961a523422ffc1ea17904ebe2e6e3d5eed4aa35dd, 2
      [5074, 5076]
      offset: 35
 356, 0x35c4510ee92d8218805a867227616f1751a7e1dfca9c27140dde73a6ded41265, 2
      [5075, 5077]
      offset: 1
 357, 0x14062a7a170be7f53fb278b74bc38ca1345b0f3c15da27954aee299142e58c8b, 2
      [5083, 5085]
      offset: 8
 358, 0x0480b51f81aadb4910af68f7a26e8410d59d8abb4589cc9510154fe671b20d6a, 2
      [5084, 5086]
      offset: 1
 359, 0x3fae116af02e736c351b7dd8b34387dfcb5500fba9876447a010910d00c803f7, 2
      [5108, 5109]
 360, 0x099de5796f509d66afc3206cd02fee68ca4b08651e0b0c31fed956dc7f56cffc, 2
      [5112, 5114]
 361, 0x1e617bebac7bb46e071adfc7d7bd37b522f7131495aa03a122c94d7b375bdc54, 2
      [5113, 5115]
      offset: 1
 362, 0x2a65a84d1ce9922486b6390d47ec60bd01904712863c15812394c9a772e4ad1b, 2
      [5145, 5146]
 363, 0x1ee2e3f5925b7f4693f284c7901a71f04e8184c9ac6e10422e3cd3d89f693d9a, 2
      [5149, 5151]
 364, 0x15617793c6b34cbecdcce59a9135d2e349155e7f462af25be9f8ac1196eb2240, 2
      [5150, 5152]
      offset: 1
 365, 0x38812381f61ba1ce2fafa61cef83d529c2b7d234a4ac050243af0e123dbf8a38, 2
      [5159, 9231]
 366, 0x32ea64d963e0f3d6e31bca949a33187151eaab5d6911ec55ccfbea6104292172, 2
      [5420, 9148]
 367, 0x0e29753c1b8a85ca82ac481140dfcf910deb4bcec80572f9287f87ec8e7d8d15, 2
      [5421, 9149]
      offset: 1
 368, 0x1d1004bd818dc2e3ef1537442525437e8ff83fc7c73bbf9d0e0c84c92f392376, 2
      [5423, 9151]
      offset: 2
