scalars length: 10349
freq>1000 (count, total, %):          1,       2280,      22.03%
freq>500  (count, total, %):          1,       2280,      22.03%
freq>100  (count, total, %):          1,       2280,      22.03%
freq>20   (count, total, %):         64,       5681,      54.89%

top values:
   0, 0x0000000000000000000000000000000000000000000000000000000000000000, 2280
      [2, 6, 7, 14, 18, 19, 20, 51, 85, 128, 150, 215, 244, 274, 275, 276, 277, 278, 279, 280]
   1, 0x320833a35ccbf1832f587f12cdfff694c932323c30d71811bace773fcfe781fe, 81
      [90, 115, 116, 125, 177, 202, 218, 230, 247, 259, 260, 296, 310, 330, 334, 340, 410, 426, 468, 495]
   2, 0x0626383c9ddc168d9de5ce77bea995ef010b59d5fbad32ee28b3dd61be044bd9, 77
      [0, 8, 15, 38, 156, 272, 289, 341, 348, 391, 1335, 1363, 1450, 1485, 1598, 1631, 2460, 2495, 2518, 2656]
   3, 0x309b8d7b7fb2b646188ec06e4f9b5c1af6770a73561d429bd9de6dea150a5b9b, 75
      [47, 66, 77, 129, 148, 197, 233, 256, 439, 446, 451, 482, 524, 1351, 1373, 1374, 1409, 1419, 1457, 1575]
   4, 0x3535543ad2171e1b7db604b1a0efe0e7ca5385dd204ac2e39e7b93bef47f4d03, 73
      [171, 173, 191, 221, 223, 369, 511, 1348, 1360, 1377, 1386, 1389, 1404, 1415, 1433, 1503, 1540, 2425, 2452, 2540]
   5, 0x3898dd56d46a98c5f1dc4975f7dc0c06fddedfc98e2a99586d00e23e165aa95d, 71
      [34, 123, 145, 146, 162, 182, 205, 249, 326, 373, 1358, 1361, 1402, 1424, 1426, 1444, 1460, 1461, 1509, 1615]
   6, 0x3a8cda8a9ff6ecc47646b5be750cb2b4b4aa0d04db026ca7804aec8f378e742c, 70
      [50, 61, 81, 94, 158, 176, 200, 242, 335, 394, 404, 427, 454, 1369, 1406, 1535, 1553, 2453, 2462, 2496]
   7, 0x2eb274b93b8b6fa378669905f55e957f50f03232cc427cdf879d5713bf91b75f, 66
      [24, 44, 121, 143, 154, 155, 183, 287, 288, 395, 430, 455, 1397, 1423, 1451, 1463, 1492, 1605, 2491, 2536]
   8, 0x06ce6692544a0c83cdd00dcdcf6bfe808335d2ba05cb1c138462c8b6e7dbe54a, 66
      [28, 118, 178, 181, 193, 222, 297, 304, 481, 506, 522, 1385, 1413, 1481, 1501, 1607, 1627, 2432, 2466, 2506]
   9, 0x01f3fd33cb8c53fe846a6c487d30a6adb6cb2d3b4cd7d34f134a0a512133cacf, 66
      [60, 103, 120, 236, 271, 320, 344, 365, 388, 438, 1336, 1371, 1380, 1493, 1521, 1583, 2583, 2649, 2654, 5201]
  10, 0x3613eb15158d6223d369032d35ae8a457ee8050ca8d4d7abe502b1141b9a77c9, 65
      [21, 72, 87, 241, 294, 305, 314, 389, 416, 444, 1339, 1510, 1551, 1628, 2420, 2456, 2478, 2516, 2571, 2636]
  11, 0x38d97ff60ac3e975d61aa6b7f8c2df0cf66d09de7cf061d5197c7acefd8dd270, 65
      [39, 49, 59, 117, 131, 134, 152, 192, 312, 345, 347, 408, 456, 527, 1414, 1454, 1476, 1480, 1558, 1600]
  12, 0x00678bb68014a5464babe2140fdb958b899c4ecf1b5820a8af3352c442a4705e, 65
      [167, 184, 188, 195, 224, 239, 308, 323, 460, 463, 516, 1368, 1383, 1411, 1422, 1439, 1530, 1562, 2440, 2497]
  13, 0x39410bac8ad88ebc21c688cc089e7498800958ad9848827dc8afcd93403242ce, 64
      [27, 83, 110, 211, 251, 254, 268, 331, 338, 367, 374, 418, 458, 488, 1353, 1356, 1366, 1395, 1545, 1566]
  14, 0x3946b7f9dc6c0375d4e7d52ed07273cb76793f06372037368a907c75cdced908, 63
      [23, 69, 149, 313, 396, 485, 510, 1432, 1456, 1571, 1626, 2436, 2531, 2538, 2557, 2566, 2575, 2580, 2588, 2621]
  15, 0x247ad8bd935a73bb834efa1107326caca3bf1f33b9bfd59e72d490fb283ddf81, 63
      [52, 63, 105, 132, 135, 139, 161, 263, 350, 433, 1344, 1364, 1469, 1473, 1479, 1537, 1597, 2430, 2512, 2523]
  16, 0x2528b3609b5bde6b665a85c9dfc8d4711c597e7062b5737c90642b32dfb20f2c, 63
      [62, 185, 237, 386, 434, 514, 1345, 1421, 1570, 1581, 2519, 2563, 2586, 2616, 2631, 2642, 5209, 5228, 5248, 5263]
  17, 0x21940712a5fc0c8ccc511e16fcfd5492919bdc0057e9a801fd83bbef7875d3c9, 62
      [45, 48, 64, 220, 232, 353, 378, 457, 471, 518, 521, 530, 1604, 1608, 2442, 2564, 2584, 5250, 5262, 5442]
  18, 0x28f3c8331dc3fe5c262caca24690951bd981272bebed6a9a0e1ccc764431dbe4, 60
      [68, 88, 91, 140, 159, 198, 266, 425, 494, 1341, 1408, 1431, 1447, 1467, 1539, 1544, 1573, 2473, 2630, 2641]
  19, 0x21fb92c92610b1d317fd002b0cd8ea1e1b382acf7341c8aaacb70eb3bb1a4427, 59
      [70, 114, 165, 262, 306, 370, 422, 431, 432, 441, 470, 497, 1370, 1441, 1505, 2418, 2424, 2539, 2628, 2688]
  20, 0x12009e0e024793ae9bc5eb303e57b32464c534a80a6d22b6216172dd360108a6, 58
      [33, 80, 84, 98, 216, 300, 352, 377, 534, 1403, 1524, 1526, 1616, 1620, 2451, 2650, 2666, 2669, 5192, 5203]
  21, 0x0d5f1045cbe8b3c69053d830f94813f2b7e28047631e9d5a369533b52e4f0ca9, 58
      [40, 46, 359, 379, 412, 421, 499, 1546, 1603, 1609, 2433, 2543, 2587, 2711, 5153, 5247, 5278, 5437, 5443, 5685]
  22, 0x0473432838d615e6efbc662e778a293c3f52219f9355e042d9678c988e576629, 56
      [169, 201, 206, 250, 253, 328, 401, 437, 493, 1343, 1357, 1437, 1477, 2530, 2534, 2645, 5207, 5566, 5598, 5603]
  23, 0x3db9fb221542195cc4a43b5d47fc9d07b5cb60a5ca76177963f8090e5c263f31, 56
      [238, 286, 295, 318, 467, 475, 1365, 1430, 1448, 1582, 1599, 2439, 2499, 2522, 2548, 2683, 5181, 5274, 5635, 5688]
  24, 0x24c127aa1b4739251aaea3b5cfed3ee592bd2fa1475d52d3e130d86e9d0d9ece, 55
      [41, 212, 285, 381, 384, 399, 477, 496, 517, 1375, 1387, 1394, 1579, 1601, 2434, 2546, 2562, 2585, 2707, 5157]
  25, 0x365a3a019d7a278d6ac8acd1fe695c7e6de6157a367254e1535ef887906a3716, 55
      [136, 284, 317, 339, 473, 487, 533, 1392, 1472, 1594, 2569, 2609, 2703, 5161, 5230, 5259, 5533, 5769, 6191, 6226]
  26, 0x39875a9912c55425b9263270d15946d16f07691b25e5ffb3370c1506b502021b, 54
      [35, 54, 56, 172, 214, 257, 403, 459, 480, 1350, 1434, 1590, 1614, 2475, 2553, 2589, 2693, 5171, 5245, 5270]
  27, 0x2ef3175871e4c0535ca4f647f6456885497e5c47bb08455c3418efa4a6c4e072, 54
      [76, 199, 380, 419, 490, 531, 1331, 1407, 1436, 2532, 2570, 2572, 2593, 2600, 2673, 5188, 5237, 5242, 5256, 5258]
  28, 0x356bbcbf5f1f6c2da37ec3d724ec21b3fcbd8c289eb6ee868953c5bef1c2de58, 54
      [111, 180, 204, 246, 302, 464, 504, 519, 1401, 1490, 1495, 2454, 2470, 2515, 2664, 2689, 5175, 5194, 5508, 5577]
  29, 0x14c632eef77e1b009e778ebb016c07ebdc4a3979de88acdf55db3c9817f4634d, 54
      [119, 138, 151, 164, 303, 332, 363, 1382, 1470, 2524, 5516, 5535, 5548, 5561, 5690, 5747, 5772, 5786, 5797, 6266]
  30, 0x31a0a7ecdcb74c3ce3ac9cfebe2461093f95e36d157ef7690b9b247b8d4311a0, 53
      [1, 71, 179, 316, 1337, 1359, 1443, 1446, 1506, 1567, 2469, 2510, 2521, 2591, 2599, 2657, 5199, 5238, 5244, 5468]
  31, 0x152dbea57792c046ea2370cf11479d7765e68848f9e0cd88050e8f5c5a98d3ab, 52
      [29, 100, 127, 203, 390, 397, 417, 1391, 1486, 1547, 1554, 2620, 2687, 5177, 5225, 5426, 5497, 5524, 5600, 5686]
  32, 0x1dc190b76fc677315836cf3fd7a4e077f7f1c53de74b63f7711e224ff60cb888, 52
      [32, 96, 108, 137, 231, 349, 400, 405, 461, 478, 1513, 1617, 2426, 2445, 2461, 2479, 2482, 2507, 2605, 5234]
  33, 0x305aeadc495965963450632c4eb48914fde8e05e67577a1f2d62d5592dd73288, 52
      [36, 57, 190, 258, 273, 298, 360, 423, 1334, 1349, 1416, 1438, 1465, 1623, 2550, 2556, 2574, 2618, 2662, 5196]
  34, 0x2aa110fa31368a492134c888c5dc029ba4ca7909b56d088c9b886e5ce6422b5a, 52
      [93, 97, 243, 322, 362, 368, 383, 407, 1445, 1517, 1527, 1580, 2417, 2465, 2511, 2696, 5168, 5490, 5494, 5640]
  35, 0x2a398543b121e502d588e674b6006d101b2e2a3a9a14e7e3ec551b98a39dbafc, 52
      [124, 194, 372, 414, 445, 452, 1367, 1390, 1489, 2414, 2437, 2484, 2544, 5277, 5521, 5591, 6206, 6250, 6298, 6314]
  36, 0x3d3a6b1f0ac978adfd4e5c753cebab38aac1942a35791eb457cd21661e0ca55a, 51
      [75, 166, 261, 324, 469, 526, 528, 1346, 1418, 1440, 2416, 2463, 2607, 2635, 2637, 2668, 5190, 5212, 5214, 5232]
  37, 0x361997626720d6dd868a4f8ffd8289787557eb6547ac8c64a6e35ff6a9370e03, 51
      [147, 174, 301, 311, 319, 409, 465, 1458, 2527, 2560, 2601, 5236, 5265, 5544, 5571, 5679, 5711, 5715, 5781, 6270]
  38, 0x3effb832a8a000037400752fb76c74fbf77863b4789d94c342305830bb921e49, 50
      [25, 78, 109, 351, 364, 479, 1502, 1512, 1584, 1624, 2520, 2526, 2559, 2595, 2610, 2614, 2697, 5167, 5229, 5241]
  39, 0x3900690d547f3e0c3d882b8a07b7a192877b2e98a982ba011c34350258ff19bb, 50
      [30, 106, 229, 291, 358, 420, 474, 1516, 1619, 2500, 2504, 2529, 2672, 2674, 5187, 5189, 5427, 5503, 5626, 5752]
  40, 0x1a2ce4697a66a552be2d678cf4d960996d3422cddc7f987cde3db30c8ed07d25, 50
      [43, 67, 95, 99, 228, 235, 356, 498, 1508, 1525, 1534, 1574, 2464, 2471, 2483, 2498, 2682, 2690, 2702, 5162]
  41, 0x29346ad2541d4f0c0a6b09e447776821d20f5140dab33316ba9865072b6504f7, 50
      [53, 73, 74, 1340, 1563, 1565, 1595, 2421, 2476, 2568, 2617, 2629, 5218, 5227, 5260, 5450, 5470, 5471, 5693, 5708]
  42, 0x0993fb73498093d5d081b15892805347fabad78bd9e6a63cb8dc9271c9cf3ff1, 50
      [65, 157, 213, 265, 282, 343, 366, 491, 492, 1342, 1399, 1491, 1576, 2646, 2663, 5195, 5206, 5462, 5554, 5610]
  43, 0x25c6a79ba878d1c3d7cf270373a0aac8d85fd38afc79bfc82a6faff71f9a10df, 50
      [79, 141, 175, 443, 486, 1466, 1557, 2450, 5476, 5538, 5572, 5722, 6231, 6262, 6286, 6329, 6343, 6468, 6473, 6997]
  44, 0x26074a3aded22273bc0d844574877dced0edfd9feb3f8844d6eb488806cd39f2, 50
      [267, 354, 355, 448, 502, 532, 2446, 2492, 2503, 2535, 2554, 2592, 2627, 2667, 5191, 5220, 5243, 5269, 5664, 5691]
  45, 0x04b99214c0c2db50871c0fd34044fb752e50320d20f35d7847c3d40c03272576, 49
      [107, 189, 219, 226, 337, 413, 509, 1388, 1417, 2447, 2481, 2493, 2549, 2552, 2658, 5198, 5271, 5273, 5504, 5586]
  46, 0x34cdc884520278d5320a229d91144b5c40b7370e04f2a23aef4840fab1dadca5, 49
      [113, 160, 163, 248, 270, 283, 1427, 1474, 1587, 2477, 2488, 5510, 5557, 5560, 5645, 5667, 5763, 5778, 5780, 5794]
  47, 0x288c3c7c9daf5915da80ca8e36b4ff904fe4d85cd09549f15ee979b2018d6b86, 49
      [209, 210, 307, 342, 1396, 1452, 1625, 2480, 2565, 2686, 2691, 2700, 5164, 5173, 5178, 5261, 5606, 5607, 5694, 5746]
  48, 0x119912578232ee68501a091c2e7c1d98db28e5d8ef15020d722e2018f35c9848, 48
      [225, 290, 292, 424, 523, 1332, 1442, 1455, 1500, 1528, 1586, 2441, 2708, 5156, 5622, 5755, 5760, 6200, 6247, 6249]
  49, 0x1d5a0500efb1d1eb0c8aed2bc7c94aec6e55766ecbf3434ec1eacf8bb368482a, 47
      [31, 112, 144, 153, 327, 336, 387, 447, 449, 1372, 1379, 1453, 1462, 1606, 1618, 2422, 2459, 2489, 5428, 5509]
  50, 0x00a82e55b66df5f62fea3f5610c26891822a78e40a1de9255baeeb5529d79971, 46
      [22, 42, 82, 130, 293, 442, 1425, 1428, 1552, 1621, 2444, 2596, 2634, 5215, 5240, 5419, 5439, 5479, 5527, 5789]
  51, 0x35d34875df341173ef2aa5eb34c7b73f8659daf7ba0f0f2f3887188334674eb6, 46
      [208, 376, 385, 398, 505, 1378, 1398, 2435, 2502, 2514, 2622, 2678, 5185, 5223, 5605, 5696, 5773, 5783, 6198, 6202]
  52, 0x2d66a5db266d119b23e66c1388f057631c4f7ddb898892b5d0023817c8358601, 46
      [217, 240, 255, 325, 329, 489, 507, 1352, 1412, 2431, 2443, 2472, 2474, 2608, 5231, 5614, 5637, 5652, 5785, 6242]
  53, 0x36c1c5b81d8eccd3b6748ee60e44f209f782644951ca758a02924b4bd30ea774, 45
      [37, 58, 89, 187, 234, 245, 309, 1362, 1482, 1541, 1559, 2706, 5158, 5434, 5455, 5486, 5584, 5631, 5642, 5793]
  54, 0x018c717d4b77aeb838be8a346d5511222d2ede6c317fb2a66416b78cde8f5a71, 45
      [453, 520, 1381, 1515, 2509, 2684, 2695, 5169, 5180, 5728, 5729, 5737, 6203, 6209, 6302, 6386, 6405, 6440, 6504, 6546]
  55, 0x05211dcb40d78096d2c7f1e750209100b7ec80dc3c4b7e20f6f726d045cb95d4, 44
      [55, 102, 104, 227, 315, 472, 1518, 1522, 1591, 2419, 2427, 2665, 5193, 5452, 5499, 5501, 5624, 5699, 6246, 6274]
  56, 0x36812318e7357c23d23631a40d5e1f03fef43a346304ad0d5616b2baebdb7e61, 43
      [26, 142, 168, 406, 1589, 1613, 2457, 2517, 2528, 2541, 5279, 5423, 5539, 5565, 5758, 6238, 6297, 6356, 6391, 6419]
  57, 0x3a254ed41fe2477e2a9ad3aa65311d292b0dbe35bfaa4bfed11799caf4ea03ce, 41
      [92, 101, 252, 269, 321, 371, 466, 525, 1338, 1355, 1523, 1538, 2505, 5489, 5498, 5649, 5666, 5727, 5735, 6255]
  58, 0x0666dadbd435673d82242bb9bf9068f4f99983eaea72fb6ad52f75f2a53774ec, 41
      [122, 186, 196, 207, 436, 462, 501, 1393, 1410, 1420, 1449, 2448, 2699, 5165, 5519, 5583, 5593, 5604, 5718, 6221]
  59, 0x0a997b64d6b22c748da234a63633bf2b405d7b758f031331021b69fa4c5bb202, 36
      [133, 264, 440, 450, 484, 500, 515, 1354, 1400, 1405, 2486, 2487, 2513, 2525, 5530, 5661, 6211, 6229, 6433, 6502]
  60, 0x1a94701ffa7b4a9909d949a104b4f624f6d0719cf7d7b9258d7105d0d174ed83, 35
      [402, 415, 428, 1330, 1333, 1376, 1471, 1533, 2438, 2624, 2677, 2704, 5160, 5186, 5221, 5768, 6303, 6412, 6467, 6553]
  61, 0x3d526f6b952d741678f859493821077c2c2f11d6af1df6d0b4c4b64a1981ced3, 35
      [508, 512, 2423, 2458, 5765, 6196, 6330, 6376, 6488, 6571, 6585, 7022, 7029, 7071, 7112, 7555, 7559, 7661, 7664, 7707]
  62, 0x28ccdf1bd408a9c5bebf27d0379bd29648730271bf5b126e0b651242e8c09499, 32
      [170, 299, 333, 382, 1561, 2449, 5567, 5689, 6228, 6331, 6342, 6417, 6442, 6532, 6577, 6996, 7198, 7207, 7346, 7380]
  63, 0x0a31efae569d872e41f652922658299fb6c12ca673aaf28852e8173609b741a4, 31
      [86, 126, 375, 392, 1487, 2545, 2598, 5239, 5276, 5483, 5523, 5750, 6245, 6409, 6427, 6515, 6590, 6999, 7229, 7422]
  64, 0x032d2097754b2c984e5d859ed2efea53012153a0ef73aad1e3ad1c7f2497cb05, 13
      [572, 1661, 2611, 5087, 5088, 5097, 5109, 5126, 5127, 5136, 5148, 9297, 10210]
  65, 0x20a745be2e366d342a73c82bcdd3b64e1670728a9698823498dae73acac6a15e, 3
      [4, 1640, 2714]
  66, 0x0cbc2dd2e92e302f0fe2ee14211ea6aa57eb11556abc387219e8e24f92b355f6, 3
      [10, 1655, 3933]
  67, 0x17b2b0e7366ff6e90896b717d3751f38e4dd6305df368f348d0cc0865559053f, 3
      [581, 1494, 10258]
  68, 0x34259a2e9b9482df021fe3478051e2cabe8cbe29fad4b915939955a588034334, 3
      [1549, 1555, 10190]
  69, 0x1485904fc124ca50ba393179008534e5e3bc0f64efc2e462a95fa40730c13a3a, 3
      [1568, 10244, 10245]
  70, 0x10ba7b7d3ebcaa5ffa670aa099bd743b269466a9668aed452ba702c3cc416d82, 3
      [2578, 2612, 2675]
  71, 0x171f5a4ee0882c890ac8b0673239d080b509c663afa9296c4b80dab98c724619, 2
      [3, 1643]
  72, 0x105b2c2978cf962425dcd55e1fa971aad718bd6998a3f01b3b05a74764736f6c, 2
      [9, 1658]
  73, 0x36fdf1c0a0cd79ca67ad923fc294a0532029aebaf408150e83b82219bea9c6a0, 2
      [557, 9273]
  74, 0x141e04994110250a6e8d4f64f0a99f5a5a1fc095d46ac3b9fa2c5142ee1cc9dc, 2
      [1542, 10271]
  75, 0x3fbf5d60c9a6af501bc1a2bdff192cfa29b86ee71acee060dfcb529018ccd6ee, 2
      [1577, 10302]
  76, 0x100ca0da36bb3fb0175b7ee7c1270c76adfa076cbd954f670e17688c14cd3dd7, 2
      [2625, 2660]
  77, 0x0c18edb5085dca77eef4f7a154add50979b1b248bf3c67e940dac39bc48f7185, 2
      [2638, 10293]
  78, 0x319582f840859b638df50bc269d7b582f9cade776f2dde452e0cece6b2067f2b, 2
      [5083, 5089]
  79, 0x119298f95c5d0e2758928f47c3c9f601d559be33a049ea4b47c37ad336593b3f, 2
      [5110, 5118]
  80, 0x3c2f3605811f48b3b8c54573875882cb02eea1414ddf6db0323e5900fb210c7b, 2
      [5111, 5119]
      offset: 1
  81, 0x12716ef1b87b38be07e3ddcf3f936929a417f39649a3e8f4e5cf6db056150274, 2
      [5149, 9245]
  82, 0x37d293dbbcc9891d7424d6f299c5d559b2d6151e8513dadbd61068b9ec41b0ea, 2
      [5150, 9246]
      offset: 1
