scalars length: 22233
freq>1000 (count, total, %):          1,       6655,      29.93%
freq>500  (count, total, %):          1,       6655,      29.93%
freq>100  (count, total, %):          1,       6655,      29.93%
freq>20   (count, total, %):         94,       9079,      40.84%

top values:
   0, 0x0000000000000000000000000000000000000000000000000000000000000000, 6655
      [14, 18, 19, 20, 21, 22, 23, 24, 25, 26, 27, 28, 29, 30, 31, 32, 33, 37, 38, 39]
   1, 0x0000000000000000000000000000000000000000000000000000000000000001, 57
      [2, 15, 1593, 1639, 1686, 1752, 1779, 1882, 2679, 2694, 2823, 4110, 4113, 4141, 4149, 4152, 4180, 5504, 5745, 5819]
   2, 0x000000000000000000000000000000006f82eaa90ff262a26169fe38bdcf48a8, 51
      [1819, 2672, 2856, 2866, 2915, 2916, 2919, 5439, 5441, 5475, 5482, 5747, 6013, 6680, 7625, 7705, 7960, 8605, 8680, 8728]
   3, 0x00000000000000000000000000000000066562331b26cbf2b7d0833863dc94e9, 35
      [0, 8, 1807, 2695, 2710, 2716, 2737, 2755, 2845, 5329, 5332, 5360, 5368, 5371, 5399, 5489, 5673, 5732, 5986, 6017]
   4, 0x00000000000000000000000000000001050cabaaa939de15463116ebe7d60a7b, 34
      [1592, 1601, 1650, 1756, 1789, 1790, 2723, 2742, 2781, 5762, 5841, 5855, 5905, 5914, 5964, 6736, 6837, 7245, 7306, 7380]
   5, 0x0000000000000000000000000000000247ef46519d1d643da26874a6dc45d06d, 34
      [1640, 1675, 1682, 2811, 2852, 5485, 5513, 5823, 5830, 5866, 5908, 6450, 6488, 6495, 6544, 6567, 6673, 6772, 6806, 6833]
   6, 0x000000000000000000000000000000020d7018b6dc48b870b47d8ad87242395d, 33
      [1614, 2677, 2713, 2756, 2826, 2928, 5432, 5501, 5896, 5962, 6453, 6460, 6467, 6658, 6767, 7425, 7674, 7734, 7749, 7778]
   7, 0x00000000000000000000000000000000339b9393b1e37e44d57e51be36d55ce1, 32
      [1, 1844, 2714, 2957, 5403, 6000, 6558, 6691, 7365, 7376, 7646, 7671, 7672, 7681, 7733, 7774, 7803, 7815, 7905, 8384]
   8, 0x00000000000000000000000000000002ed9a8d1af68773dc1eebf0cb709be076, 32
      [1667, 1717, 1816, 2748, 2768, 5719, 5778, 5788, 5811, 5838, 6466, 6560, 6568, 6762, 6794, 6844, 6845, 6846, 6847, 7817]
   9, 0x000000000000000000000000000000006f82eaa90ff262a26169fe38bdcf48a9, 32
      [1776, 1858, 2696, 2698, 2792, 2843, 5491, 5527, 5687, 5716, 6477, 6483, 6575, 6776, 6788, 7247, 7268, 7446, 7703, 7730]
  10, 0x00000000000000000000000000000001748f9653b92c40b7a79b1524a5a55323, 31
      [1589, 1635, 1648, 1811, 1843, 2727, 2834, 5499, 5668, 5701, 5857, 5871, 6633, 6661, 6808, 6825, 7281, 7362, 7652, 7693]
  11, 0x0000000000000000000000000000000140f402c00748c272d21cc3666ecff644, 31
      [1708, 2669, 2704, 2712, 5797, 5893, 6439, 6443, 6472, 6548, 6590, 6650, 7276, 7600, 7677, 7699, 7710, 7739, 7900, 7929]
  12, 0x000000000000000000000000000000027e17a271e6951139bd81f292b2cc97ce, 30
      [2725, 2758, 2868, 2870, 5473, 5827, 5927, 5958, 5961, 6009, 6579, 6662, 6663, 7265, 7353, 7357, 7370, 7390, 7413, 7582]
  13, 0x00000000000000000000000000000001cb235f6e6313082070c15b25876bb8ae, 29
      [1585, 1587, 1826, 2773, 2859, 5480, 5711, 5720, 5771, 5996, 6454, 6505, 6581, 6688, 6690, 6728, 6835, 7395, 7770, 7813]
  14, 0x00000000000000000000000000000000d1711816f7565fd070b2c52db100ad9b, 29
      [1612, 2749, 2876, 2959, 5401, 5780, 5894, 6759, 7251, 7327, 7405, 7493, 7679, 7718, 7738, 7931, 8719, 8722, 18615, 18657]
  15, 0x00000000000000000000000000000001aca68a5aef3eb1694ccf2d6501cbea33, 29
      [1617, 1725, 1743, 1758, 2676, 2740, 5760, 5889, 6511, 6540, 6557, 6659, 6792, 6804, 6812, 6820, 6843, 7333, 7363, 7635]
  16, 0x0000000000000000000000000000000215c412d0e40a4818f668a8655bbe9df3, 29
      [1629, 1721, 2699, 2757, 5712, 5821, 5938, 5969, 6522, 6524, 6594, 6798, 6801, 7246, 7300, 7316, 7421, 7653, 7902, 7932]
  17, 0x00000000000000000000000000000001a4529040e77d21c10ae40fd8184f859e, 29
      [1691, 1874, 2670, 2900, 2933, 2943, 5417, 5427, 5450, 5672, 5779, 5814, 5933, 6668, 6746, 6757, 7283, 7403, 7417, 7422]
  18, 0x00000000000000000000000000000000d9c51230ff17ef78b29de2ba9a7d1231, 28
      [1606, 1658, 1834, 2777, 2930, 5430, 5707, 5844, 5900, 5978, 6007, 6552, 6747, 7506, 7507, 7675, 7707, 7720, 7838, 8398]
  19, 0x00000000000000000000000000000000d2e17829f026c1f09a314aaa674ed802, 28
      [1618, 1859, 2684, 2744, 2804, 2935, 2939, 5421, 5425, 5518, 5686, 5848, 5903, 5998, 6497, 6518, 6538, 6689, 7368, 7606]
  20, 0x00000000000000000000000000000001ded1bddba851cd8df8cef9a682531cac, 28
      [1651, 1680, 1689, 1690, 1765, 2665, 2926, 5433, 5690, 5754, 5806, 5815, 5825, 6533, 6566, 6602, 7264, 7639, 7666, 7810]
  21, 0x00000000000000000000000000000001cb235f6e6313082070c15b25876bb8ad, 28
      [1672, 1674, 1741, 1751, 1814, 2701, 2719, 2721, 2947, 5413, 5831, 5833, 6624, 6664, 6674, 6782, 6815, 7284, 7329, 7471]
  22, 0x00000000000000000000000000000002495fa66495edc65dcbe6fa239293fad4, 28
      [1677, 1705, 1739, 1846, 1856, 2765, 2849, 5487, 5678, 5689, 5800, 6574, 6576, 7341, 7590, 7701, 7702, 7761, 7805, 7873]
  23, 0x00000000000000000000000000000002ab4dd3d27d51c38bdb2fc11885c55fc6, 28
      [1693, 1706, 2892, 2910, 2954, 5406, 5445, 5457, 5786, 5929, 6452, 6520, 6610, 6675, 6826, 7423, 7487, 7490, 7908, 7965]
  24, 0x00000000000000000000000000000002ed9a8d1af68773dc1eebf0cb709be077, 28
      [1694, 1731, 2671, 2718, 2797, 2820, 5507, 5523, 5974, 6025, 7416, 7419, 7723, 7744, 7795, 7896, 8376, 8388, 8553, 8625]
  25, 0x00000000000000000000000000000000066562331b26cbf2b7d0833863dc94e8, 28
      [1735, 1799, 1809, 1872, 5725, 5775, 5951, 6510, 6605, 6731, 7359, 7719, 7826, 7959, 8485, 9181, 9317, 17763, 17771, 17779]
  26, 0x000000000000000000000000000000021ab914f10660b1eb84baa621094d0874, 28
      [1845, 2803, 2850, 2896, 5454, 5486, 5519, 5699, 5955, 5977, 6486, 6528, 6616, 6780, 7332, 7358, 7410, 7876, 8434, 8573]
  27, 0x000000000000000000000000000000002d36316096bcb2521dadce85d2f8c7f9, 28
      [1878, 2707, 2766, 2810, 5514, 6045, 6555, 6678, 7242, 7295, 7356, 7463, 7496, 7631, 7722, 7920, 7923, 17571, 17583, 17597]
  28, 0x00000000000000000000000000000002410bac4a8e2c36b589fbdc96a917963e, 27
      [1591, 1632, 1754, 2880, 2914, 2951, 5409, 5442, 5466, 5764, 6527, 6582, 6748, 6771, 7454, 7694, 7901, 8409, 8413, 8533]
  29, 0x000000000000000000000000000000017ce3906dc0edd05fe98632b18f21b7b9, 27
      [1641, 5865, 5890, 6536, 6630, 6632, 6666, 7311, 7334, 7603, 7622, 7633, 7685, 7753, 7812, 7845, 7862, 8454, 8511, 8566]
  30, 0x00000000000000000000000000000001d37759886ad497c8b2ac78b270e81d43, 27
      [1688, 1794, 2760, 2937, 5423, 5734, 5817, 5960, 6039, 6496, 6580, 6649, 6753, 6783, 6799, 7364, 7406, 7599, 7623, 7651]
  31, 0x00000000000000000000000000000000339b9393b1e37e44d57e51be36d55ce0, 27
      [2673, 2754, 2761, 2786, 2848, 2929, 5431, 5488, 5700, 6493, 6791, 6824, 7389, 7727, 7729, 7777, 7779, 7850, 7856, 8371]
  32, 0x00000000000000000000000000000001d37759886ad497c8b2ac78b270e81d44, 27
      [2689, 2822, 2829, 2922, 2941, 5419, 5437, 5505, 5963, 5982, 6441, 6756, 7323, 7587, 7668, 7700, 7709, 7891, 8428, 8509]
  33, 0x000000000000000000000000000000019ded2e0dcc5655ce53138c9fb472f0b5, 27
      [2717, 2769, 5691, 5726, 5983, 6562, 6563, 6598, 6717, 7272, 7287, 7315, 7373, 7593, 7614, 7743, 7839, 8529, 8563, 9291]
  34, 0x000000000000000000000000000000013bff009fe4f258a043cac5aac1418bc3, 27
      [2800, 2918, 2938, 5422, 5440, 5521, 5743, 5796, 5805, 6042, 6639, 7256, 7312, 7383, 7583, 7767, 7807, 7824, 7843, 7844]
  35, 0x000000000000000000000000000000014fad5f0d2a311e0dcbd8642bbc28efc2, 26
      [1588, 1757, 1792, 2813, 5512, 5684, 5736, 5761, 5976, 6758, 7253, 7439, 7692, 7910, 7958, 8394, 8425, 8481, 8534, 9292]
  36, 0x00000000000000000000000000000002a4e8719f622af799235f3de021e8cade, 26
      [1644, 1660, 1716, 1723, 5789, 5862, 6481, 6541, 6683, 6834, 7347, 7481, 7601, 7604, 7620, 7776, 7788, 7906, 7938, 8546]
  37, 0x00000000000000000000000000000002e7352ae7db60a7e9671b6d930cbf4b8e, 26
      [1654, 1875, 5670, 5859, 6010, 6586, 6725, 7250, 7758, 7786, 7816, 8427, 8436, 8506, 8737, 9194, 9289, 9344, 9375, 21958]
  38, 0x00000000000000000000000000000002495fa66495edc65dcbe6fa239293fad3, 26
      [1867, 2934, 2949, 5411, 5426, 5698, 5773, 5828, 5937, 6479, 6591, 6676, 7438, 7667, 7736, 7760, 8638, 8658, 8662, 8735]
  39, 0x00000000000000000000000000000001ab362a47f66e4f492350a7e84b7dbfcc, 26
      [2680, 2750, 5744, 6470, 6494, 6508, 6545, 6589, 6641, 6724, 6727, 6836, 7291, 7596, 7602, 7842, 7897, 8365, 8430, 8482]
  40, 0x0000000000000000000000000000000106fb439195d4a1cad04bb1406d75da2a, 26
      [2681, 5895, 6008, 6516, 6599, 6635, 6744, 6842, 7252, 7346, 7589, 7636, 7640, 7772, 8461, 8510, 8560, 8668, 8698, 9172]
  41, 0x00000000000000000000000000000001d9dcbbbb85fb63bb6a7cfbead4c4b22c, 26
      [2807, 2837, 5496, 5515, 5746, 5752, 5767, 5791, 5957, 5966, 5990, 6502, 6549, 6600, 7266, 7384, 7765, 7766, 7859, 7861]
  42, 0x000000000000000000000000000000024e54a884b84430305a38f7df40226555, 26
      [2863, 5477, 5693, 5935, 5975, 5989, 6468, 6619, 7258, 7414, 7448, 7868, 7869, 7883, 7898, 7913, 8405, 8498, 8525, 8544]
  43, 0x00000000000000000000000000000001693532007baf0af261789430943a53bb, 25
      [1595, 1800, 1849, 2741, 5696, 5840, 6521, 6569, 6665, 6751, 6789, 7280, 7344, 7615, 7673, 7748, 8494, 8521, 9202, 9250]
  44, 0x000000000000000000000000000000017ce3906dc0edd05fe98632b18f21b7ba, 25
      [1600, 1616, 1857, 1864, 2708, 2767, 5681, 5688, 5906, 6004, 6031, 7305, 7457, 7645, 7790, 7801, 7848, 7944, 8360, 8441]
  45, 0x000000000000000000000000000000010d60a5c4b0fb6dbd881c3478d1526f11, 25
      [1619, 1627, 1710, 1808, 1817, 1823, 1851, 2835, 2903, 5449, 5498, 5680, 5794, 5852, 5879, 5887, 5897, 7338, 7638, 7686]
  46, 0x00000000000000000000000000000000fea749778e1312228e6093b383f97593, 25
      [1626, 1645, 1724, 1744, 1876, 2667, 2817, 2894, 5455, 5783, 5861, 5901, 6043, 6444, 6614, 6848, 7293, 7662, 7785, 8497]
  47, 0x000000000000000000000000000000014947fcda0f0a521b1407e0f3584c5ada, 25
      [1704, 1726, 2787, 2795, 2844, 5490, 5525, 5774, 5801, 6463, 6588, 6786, 6797, 7275, 7945, 8353, 8555, 8590, 9179, 9206]
  48, 0x00000000000000000000000000000002211e772421877dde3c8b29596d299d5c, 25
      [1740, 1839, 2733, 2924, 2940, 5420, 5435, 5704, 6018, 6543, 6714, 7307, 7367, 7377, 7726, 7914, 8401, 8503, 8570, 8640]
  49, 0x000000000000000000000000000000031ad0be7b8d44262e3c99bf514394a86f, 24
      [1590, 1788, 2824, 5503, 5739, 5832, 5886, 5916, 5942, 6604, 6627, 7607, 7800, 8406, 8417, 8487, 8589, 8715, 9285, 9360]
  50, 0x0000000000000000000000000000000213d57ae9f76f84636c4e0e10d61ece46, 24
      [1597, 1655, 1764, 1838, 2703, 2891, 5458, 5850, 5993, 6503, 6615, 6656, 6838, 7292, 7462, 7585, 7926, 7947, 8366, 8576]
  51, 0x0000000000000000000000000000000247ef46519d1d643da26874a6dc45d06c, 24
      [1598, 1670, 2874, 5469, 5835, 5956, 6026, 6448, 6660, 7262, 7378, 7450, 7794, 7867, 7955, 8389, 8539, 8673, 9338, 9365]
  52, 0x00000000000000000000000000000000fea749778e1312228e6093b383f97594, 24
      [1605, 1747, 2702, 2778, 2816, 2905, 5447, 5509, 5669, 5765, 5768, 5880, 6534, 6694, 7445, 7764, 8440, 8551, 8641, 9160]
  53, 0x00000000000000000000000000000000a31e7e3cc1d5e0e736e84ff6f4a4a589, 24
      [1621, 1685, 2675, 2722, 5885, 6451, 6525, 7259, 7343, 7670, 7928, 7930, 8552, 8666, 9182, 9349, 17231, 17271, 17311, 22000]
  54, 0x00000000000000000000000000000001ded1bddba851cd8df8cef9a682531cad, 24
      [1625, 1699, 1855, 5816, 5854, 5881, 5939, 5947, 6480, 6500, 6564, 6606, 6784, 6805, 7321, 7386, 7628, 7643, 7950, 9204]
  55, 0x000000000000000000000000000000027e17a271e6951139bd81f292b2cc97cf, 24
      [1636, 1678, 5870, 5965, 6038, 6476, 6597, 6612, 6618, 6637, 7255, 7301, 7360, 7420, 7592, 7829, 8644, 8751, 9183, 9191]
  56, 0x000000000000000000000000000000021c297503ff31140bae392b9dbf9b32dc, 24
      [1638, 1671, 1681, 5824, 5834, 5868, 5899, 6485, 6491, 6550, 6617, 7324, 7355, 7586, 7846, 8435, 8642, 8724, 9167, 9214]
  57, 0x000000000000000000000000000000016f9a943396d5d6e519491768f816e8a2, 24
      [1643, 1775, 2762, 2904, 5448, 5735, 6459, 6474, 6653, 6785, 6829, 6832, 7461, 7642, 7682, 8396, 8447, 8504, 8512, 8705]
  58, 0x00000000000000000000000000000001a4529040e77d21c10ae40fd8184f859d, 24
      [1666, 1730, 1873, 2853, 5484, 5671, 5839, 6686, 7241, 7254, 7289, 7433, 7452, 7459, 7477, 7676, 7792, 7827, 8420, 8505]
  59, 0x000000000000000000000000000000010017a98a86e37442b7df19303a479ffa, 24
      [1669, 1707, 1763, 2867, 5474, 5829, 5836, 5973, 6551, 6585, 6592, 6643, 6684, 7313, 7434, 7648, 7657, 7825, 8532, 9314]
  60, 0x00000000000000000000000000000001ab362a47f66e4f492350a7e84b7dbfcd, 24
      [1698, 1780, 1863, 2685, 2799, 2899, 2955, 5405, 5451, 5522, 5682, 5807, 5931, 5981, 6685, 7279, 7314, 7468, 7877, 8429]
  61, 0x00000000000000000000000000000001426462d300192492fb9b48e3251e20aa, 24
      [1734, 2794, 2879, 2881, 2889, 2911, 5444, 5464, 5467, 5526, 5776, 6006, 6040, 6054, 6587, 7409, 8515, 8602, 8661, 8675]
  62, 0x00000000000000000000000000000001426462d300192492fb9b48e3251e20ab, 24
      [1759, 2728, 2888, 5459, 5759, 5999, 6489, 6716, 6718, 6734, 7296, 7474, 7725, 7762, 7809, 8373, 8381, 8402, 8490, 9327]
  63, 0x00000000000000000000000000000000cc7c15f6d4fff5fde260c7720372431a, 24
      [1762, 2720, 2743, 5710, 5757, 6021, 6595, 6645, 6795, 6819, 7402, 7408, 7823, 7863, 8362, 8426, 8643, 8656, 9302, 22022]
  64, 0x00000000000000000000000000000001aca68a5aef3eb1694ccf2d6501cbea34, 24
      [2736, 2953, 5407, 5769, 5782, 6447, 6506, 6539, 6647, 6749, 6774, 7267, 7354, 7473, 7624, 7647, 7851, 7904, 7927, 8732]
  65, 0x00000000000000000000000000000002e7352ae7db60a7e9671b6d930cbf4b8f, 23
      [1584, 1646, 1842, 1866, 2825, 5502, 5679, 5702, 5851, 5934, 6020, 6036, 7747, 7852, 8385, 8433, 8556, 9161, 9184, 9305]
  66, 0x00000000000000000000000000000002ab4dd3d27d51c38bdb2fc11885c55fc7, 23
      [1586, 1720, 2796, 2920, 5438, 5524, 5799, 5812, 5997, 6003, 6014, 6622, 6800, 7270, 7303, 7330, 7579, 8350, 8479, 8554]
  67, 0x000000000000000000000000000000010d60a5c4b0fb6dbd881c3478d1526f12, 23
      [1609, 1653, 1695, 1865, 2739, 2932, 5428, 5694, 5714, 5718, 5724, 5810, 6035, 7278, 7309, 7418, 7584, 7737, 8627, 8693]
  68, 0x000000000000000000000000000000020d7018b6dc48b870b47d8ad87242395e, 23
      [1610, 2752, 2783, 2948, 5412, 5892, 6609, 6625, 6715, 6763, 6769, 7322, 7393, 7401, 7407, 7478, 7578, 7598, 8410, 8492]
  69, 0x00000000000000000000000000000000f9b247576bbca850000e95f7d66b0b12, 23
      [1615, 1797, 1831, 2842, 2884, 5463, 5492, 5709, 5713, 6556, 6628, 6671, 6809, 6814, 7632, 7841, 7893, 7954, 8421, 8734]
  70, 0x00000000000000000000000000000000d7d67a4a127d2bc32883486614dd4283, 23
      [1656, 1711, 1840, 1850, 2709, 2753, 2780, 5685, 5695, 6764, 7392, 7455, 7773, 7811, 8448, 8484, 8514, 8647, 9154, 9209]
  71, 0x00000000000000000000000000000001d9dcbbbb85fb63bb6a7cfbead4c4b22b, 23
      [1714, 1745, 1769, 1777, 1835, 2860, 5479, 5706, 5945, 6523, 6831, 7299, 7492, 7580, 7711, 8352, 8356, 8445, 8467, 9212]
  72, 0x00000000000000000000000000000002a4e8719f622af799235f3de021e8cadf, 23
      [1795, 2776, 5733, 5784, 5845, 6546, 6621, 6626, 6682, 6733, 7442, 7488, 7597, 7768, 8397, 8424, 8746, 21954, 21975, 21994]
  73, 0x00000000000000000000000000000001b19b8c7b11951b3bdb212b20af5a54b4, 23
      [2686, 2697, 2785, 2925, 5434, 6719, 6723, 7337, 7371, 7431, 7595, 7605, 7687, 7690, 7708, 7903, 8456, 8695, 9389, 22014]
  74, 0x00000000000000000000000000000001050cabaaa939de15463116ebe7d60a7c, 22
      [1604, 1664, 2897, 5453, 5737, 5902, 6559, 6796, 6984, 7304, 7308, 7361, 7649, 7799, 7924, 8501, 8541, 8586, 8747, 9303]
  75, 0x0000000000000000000000000000000106fb439195d4a1cad04bb1406d75da29, 22
      [1611, 1768, 2865, 2923, 5436, 5476, 5753, 5941, 6547, 6818, 6840, 7479, 7656, 7683, 7759, 8437, 8464, 8585, 8716, 9186]
  76, 0x000000000000000000000000000000009cb91c09a6af14f47f17ccbe90c810a0, 22
      [1631, 1805, 1879, 5666, 5727, 5876, 5992, 6029, 6037, 6456, 6469, 6475, 6601, 7396, 7451, 7485, 7613, 7746, 7814, 8357]
  77, 0x00000000000000000000000000000000d1711816f7565fd070b2c52db100ad9c, 22
      [1637, 1727, 1848, 2901, 5697, 5869, 6583, 6629, 6790, 7248, 7260, 7261, 7375, 7802, 8408, 8495, 8567, 8712, 9231, 9263]
  78, 0x000000000000000000000000000000021ab914f10660b1eb84baa621094d0875, 22
      [1649, 2913, 5443, 5856, 6032, 6455, 6487, 6554, 7348, 7437, 7808, 8378, 8478, 8493, 8574, 8583, 8588, 8635, 9249, 9295]
  79, 0x00000000000000000000000000000001693532007baf0af261789430943a53ba, 22
      [1665, 1712, 1801, 2956, 5404, 5729, 5731, 5792, 5911, 5928, 6005, 6603, 6811, 7391, 7415, 7453, 7634, 7665, 8654, 9483]
  80, 0x000000000000000000000000000000016e2a34209e0574c4efca91ec41c8be3b, 22
      [1719, 5787, 5843, 5864, 5932, 5985, 6669, 6670, 6823, 7263, 7273, 7399, 7644, 7696, 7715, 7754, 7822, 8558, 8650, 8703]
  81, 0x000000000000000000000000000000014947fcda0f0a521b1407e0f3584c5ad9, 22
      [1736, 2775, 2838, 2906, 2952, 5408, 5446, 5495, 5781, 6047, 6687, 7269, 7397, 7663, 7745, 7866, 8458, 8459, 8584, 9352]
  82, 0x000000000000000000000000000000023aa64a1773056ac2d22b595e453b0156, 22
      [1746, 1818, 1862, 5683, 5717, 6011, 6440, 6442, 6478, 6821, 7257, 7290, 7340, 7456, 7769, 7821, 8368, 8726, 9245, 9280]
  83, 0x0000000000000000000000000000000075e84cdc2b192e95193a817121abdd91, 21
      [1599, 1697, 1871, 2745, 2784, 5676, 5808, 5907, 6030, 6608, 7331, 7388, 7470, 7922, 8565, 8581, 8687, 9377, 21950, 21953]
  84, 0x00000000000000000000000000000001475964f3226f8e6589ed469ed2ac8b2c, 21
      [1602, 1668, 6033, 6537, 6638, 6679, 6750, 6810, 7440, 7447, 7784, 7864, 7888, 8450, 8536, 8632, 8645, 8686, 9211, 9339]
  85, 0x000000000000000000000000000000013bff009fe4f258a043cac5aac1418bc2, 21
      [1623, 1700, 1709, 1755, 1782, 2706, 5763, 5883, 6513, 6646, 6752, 7302, 7577, 7797, 8449, 8547, 9267, 9388, 22088, 22195]
  86, 0x00000000000000000000000000000000f9b247576bbca850000e95f7d66b0b13, 21
      [1633, 1824, 2691, 2806, 2944, 5416, 5516, 5873, 5891, 5948, 6816, 7319, 7320, 7467, 7919, 8557, 8707, 9225, 9253, 22095]
  87, 0x0000000000000000000000000000000242fa44317ac6fa6b141676eb2eb765eb, 21
      [1634, 1760, 2747, 5722, 5751, 5758, 5842, 5872, 5988, 6041, 6471, 6755, 6793, 7426, 7430, 7460, 7469, 7572, 8749, 22018]
  88, 0x00000000000000000000000000000000e02a74641a3ebb6b6a6e65f2fe59a719, 21
      [1652, 1833, 2726, 5708, 5910, 5912, 5950, 6509, 7342, 7404, 7621, 7713, 8386, 8486, 9311, 9323, 9332, 9359, 21979, 22121]
  89, 0x00000000000000000000000000000001767e2e3aa5c7046d31b5af792b4522d2, 21
      [1679, 5677, 5826, 6034, 6593, 6822, 7616, 7659, 7889, 7907, 7909, 7942, 8419, 8748, 9158, 9247, 9296, 22032, 22089, 22122]
  90, 0x00000000000000000000000000000002211e772421877dde3c8b29596d299d5d, 21
      [1683, 1773, 1804, 2730, 2942, 5418, 5728, 5749, 5772, 5822, 6529, 7326, 7349, 7755, 7870, 8895, 9215, 9219, 9270, 9284]
  91, 0x00000000000000000000000000000001b19b8c7b11951b3bdb212b20af5a54b5, 21
      [1715, 2734, 2764, 2801, 5520, 5790, 6449, 6499, 6571, 6720, 6745, 6761, 7374, 7489, 7581, 8369, 8387, 8667, 9266, 9299]
  92, 0x000000000000000000000000000000019ded2e0dcc5655ce53138c9fb472f0b6, 21
      [1806, 1854, 2950, 2958, 5402, 5410, 5979, 6531, 7372, 7381, 7412, 7480, 7704, 7789, 7874, 7935, 8531, 9156, 9272, 21989]
  93, 0x00000000000000000000000000000001475964f3226f8e6589ed469ed2ac8b2b, 21
      [2674, 2711, 2732, 2774, 2790, 2791, 5528, 5529, 5837, 5904, 5944, 6657, 6828, 8400, 8524, 9166, 9307, 18609, 18612, 21936]
  94, 0x00000000000000000000000000000000e02a74641a3ebb6b6a6e65f2fe59a71a, 20
      [1594, 1596, 2692, 2729, 2782, 2814, 2931, 5429, 5511, 5853, 6740, 6803, 7379, 7678, 8380, 8630, 9246, 9308, 9378, 21970]
  95, 0x000000000000000000000000000000009cb91c09a6af14f47f17ccbe90c810a1, 20
      [1630, 1772, 2666, 2763, 2827, 2946, 5414, 5500, 5750, 5875, 5952, 6015, 7285, 7886, 7953, 8674, 9193, 9224, 17351, 17391]
  96, 0x00000000000000000000000000000000a31e7e3cc1d5e0e736e84ff6f4a4a588, 20
      [1659, 5820, 5846, 6016, 6517, 6565, 6644, 6760, 7741, 8391, 8418, 8452, 8631, 8655, 8706, 9153, 9242, 9350, 21957, 22091]
  97, 0x00000000000000000000000000000000d9c51230ff17ef78b29de2ba9a7d1232, 20
      [1661, 1853, 2735, 2893, 5456, 5692, 5847, 6019, 6446, 6473, 6737, 7294, 7394, 7892, 7917, 7949, 8367, 9201, 22046, 22218]
  98, 0x00000000000000000000000000000001a6412827d417e57694feaa2c9def554b, 20
      [1701, 1870, 2738, 2746, 2875, 5468, 5675, 5742, 5804, 5858, 6530, 6677, 7277, 7458, 7912, 8393, 8431, 8457, 8579, 21935]
  99, 0x000000000000000000000000000000016f9a943396d5d6e519491768f816e8a3, 20
      [1793, 2688, 5748, 5863, 5953, 6572, 6735, 6775, 7366, 7872, 8471, 8483, 8527, 8569, 9174, 9175, 9200, 9239, 9329, 22131]
 100, 0x00000000000000000000000000000000d7d67a4a127d2bc32883486614dd4284, 20
      [1860, 2690, 2873, 2945, 5415, 5470, 5703, 5793, 5849, 6721, 6807, 7288, 7351, 7680, 7750, 8383, 8568, 8665, 22056, 22112]
 101, 0x0000000000000000000000000000000075e84cdc2b192e95193a817121abdd90, 20
      [1869, 2751, 5674, 6048, 6681, 7243, 7428, 7441, 7855, 7956, 8538, 8540, 8580, 8582, 8648, 8663, 8671, 9240, 22097, 22225]
 102, 0x000000000000000000000000000000002d36316096bcb2521dadce85d2f8c7f8, 20
      [2678, 2772, 2821, 5506, 5667, 6464, 6620, 7298, 7310, 7740, 7751, 7780, 8562, 8639, 8729, 17680, 22007, 22010, 22183, 22202]
 103, 0x0000000000000000000000000000000213d57ae9f76f84636c4e0e10d61ece45, 20
      [2759, 2936, 5424, 5705, 5755, 5909, 5943, 6512, 6542, 6631, 6729, 6732, 7369, 7385, 7654, 8759, 9404, 18500, 20318, 22086]
 104, 0x00000000000000000000000000000001d86c5ba88d2b019b40fe766e1e7687c4, 19
      [1608, 1742, 5818, 5946, 5968, 6027, 6457, 6461, 6642, 7271, 7757, 7806, 7911, 7921, 7957, 9328, 9346, 9373, 22174]
 105, 0x00000000000000000000000000000001d188c1a17e39d4132891de5deb484d96, 19
      [1624, 2705, 2836, 5497, 5740, 6465, 6490, 7400, 7775, 7782, 7882, 7890, 7948, 8465, 8542, 8578, 8591, 9364, 21962]
 106, 0x000000000000000000000000000000010017a98a86e37442b7df19303a479ffb, 19
      [1676, 2664, 2687, 2840, 5493, 5756, 5798, 5949, 6012, 6634, 6741, 7482, 8466, 8559, 8745, 9163, 9223, 9243, 9396]
 107, 0x00000000000000000000000000000002410bac4a8e2c36b589fbdc96a917963d, 19
      [1702, 2683, 2731, 5803, 5874, 5915, 5984, 5991, 6458, 6570, 6766, 7335, 7475, 7781, 7840, 7895, 9318, 21948, 22220]
 108, 0x000000000000000000000000000000014fad5f0d2a311e0dcbd8642bbc28efc1, 19
      [1861, 5918, 5967, 6462, 6492, 6640, 6813, 7244, 7328, 7427, 7486, 7591, 7610, 7612, 7728, 7933, 9321, 21991, 22011]
 109, 0x000000000000000000000000000000023aa64a1773056ac2d22b595e453b0155, 19
      [2788, 5766, 5995, 6024, 6648, 6655, 7282, 7742, 7752, 7763, 7875, 7952, 8476, 8696, 8740, 8750, 9252, 22008, 22034]
 110, 0x3ffffffffffffffffffffffffffffffff510679b72d7f68b6e991c9b2d073808, 19
      [10744, 11027, 17590, 17598, 17604, 17616, 17630, 17638, 17644, 17652, 17658, 17668, 17674, 17696, 17715, 17749, 17750, 17761, 17762]
 111, 0x00000000000000000000000000000000d2e17829f026c1f09a314aaa674ed803, 18
      [1603, 1657, 2715, 5888, 5971, 6519, 6584, 6672, 6768, 7352, 8520, 8659, 9168, 9281, 9335, 21933, 22215, 22224]
 112, 0x000000000000000000000000000000021c297503ff31140bae392b9dbf9b32db, 18
      [1607, 1622, 2700, 2805, 2887, 5460, 5517, 5884, 6022, 6515, 6636, 7857, 7951, 9255, 9385, 22074, 22092, 22107]
 113, 0x0000000000000000000000000000000140f402c00748c272d21cc3666ecff643, 18
      [1613, 1813, 2830, 5721, 6498, 6514, 6651, 6652, 6738, 6773, 7466, 7884, 8412, 8629, 9268, 17191, 22155, 22203]
 114, 0x00000000000000000000000000000001a6412827d417e57694feaa2c9def554c, 18
      [1647, 1783, 2668, 2857, 2898, 5452, 5481, 5980, 6532, 6561, 7491, 7588, 7664, 8723, 8738, 9216, 9334, 22065]
 115, 0x0000000000000000000000000000000242fa44317ac6fa6b141676eb2eb765ec, 18
      [1663, 1703, 1770, 1812, 1820, 5715, 5802, 6742, 6743, 7345, 7796, 7847, 8382, 8414, 8442, 9188, 21964, 22173]
 116, 0x00000000000000000000000000000001d86c5ba88d2b019b40fe766e1e7687c5, 18
      [1687, 5770, 5898, 6535, 6611, 6730, 7336, 7689, 7820, 8704, 8711, 9357, 9363, 9368, 9376, 9392, 21971, 22030]
 117, 0x40000000000000000000000000000000224698fc0994a8dd8c46eb2100000000, 18
      [1728, 1897, 2828, 2846, 4116, 4117, 4126, 4138, 4155, 4156, 4165, 4177, 9506, 11316, 11322, 11611, 17685, 20428]
 118, 0x00000000000000000000000000000001d188c1a17e39d4132891de5deb484d95, 18
      [1786, 2885, 5462, 5882, 6607, 6739, 6765, 7318, 7398, 7435, 7853, 7939, 8672, 9155, 9177, 9203, 9313, 9333]
 119, 0x00000000000000000000000000000001748f9653b92c40b7a79b1524a5a55324, 18
      [1877, 2862, 5478, 5723, 5917, 6501, 6667, 8664, 8684, 8752, 9159, 9238, 9301, 9322, 9330, 22042, 22055, 22069]
 120, 0x000000000000000000000000000000031ad0be7b8d44262e3c99bf514394a86e, 17
      [1620, 1673, 1787, 2724, 2815, 2869, 5472, 5510, 5738, 6044, 7828, 8472, 8507, 8626, 8714, 9173, 22084]
 121, 0x000000000000000000000000000000016e2a34209e0574c4efca91ec41c8be3c, 17
      [1642, 1662, 2819, 5508, 6046, 6573, 6596, 6654, 7274, 7464, 7465, 7731, 8379, 8491, 8743, 9170, 9326]
 122, 0x0000000000000000000000000000000277b2403ecb6e454705b16f5a4ef002e6, 17
      [1696, 2779, 5809, 5878, 6613, 6827, 6841, 7626, 7721, 7818, 7894, 8444, 8718, 8744, 21974, 22048, 22114]
 123, 0x00000000000000000000000000000003146b5c48721d5a3b84c93c18dfb81387, 17
      [2886, 5461, 6484, 6578, 6754, 7286, 7325, 7350, 7669, 7716, 7804, 7887, 8364, 8370, 8404, 8535, 22227]
 124, 0x3fffffffffffffffffffffffffffffffb2c3ae52f9a2463b2adcece84230b759, 16
      [1821, 14016, 14022, 17135, 17156, 17194, 17509, 17541, 17552, 17564, 18526, 18530, 18542, 18560, 18584, 18595]
 125, 0x00000000000000000000000000000000cc7c15f6d4fff5fde260c7720372431b, 16
      [1828, 1830, 2770, 2789, 6028, 6526, 6770, 7484, 7609, 7629, 7630, 7915, 8359, 8633, 9230, 9244]
 126, 0x0000000000000000000000000000000277b2403ecb6e454705b16f5a4ef002e7, 13
      [1628, 2855, 5483, 6445, 7618, 7793, 8473, 8475, 8508, 8517, 9187, 9347, 22036]
 127, 0x0000000000000000000000000000000215c412d0e40a4818f668a8655bbe9df4, 13
      [1684, 1825, 5785, 5877, 5972, 6002, 7317, 7387, 7688, 7691, 8438, 9221, 22037]
 128, 0x000000000000000000000000000000024e54a884b84430305a38f7df40226554, 13
      [1852, 2682, 2693, 6504, 7297, 7432, 7483, 7871, 7880, 8453, 8530, 8717, 9293]
 129, 0x00000000000000000000000000000001767e2e3aa5c7046d31b5af792b4522d1, 13
      [1868, 2872, 5471, 6023, 6482, 7382, 7429, 7436, 7783, 8463, 9341, 9387, 22194]
 130, 0x00000000000000000000000000000003146b5c48721d5a3b84c93c18dfb81386, 13
      [2839, 5494, 6507, 6553, 6817, 7627, 7735, 7937, 8372, 8649, 8708, 9260, 22193]
 131, 0x400000000000000000000000000000001be136c8ee6ddcead47667e89c236b18, 12
      [79, 1912, 5335, 5336, 5345, 5357, 5374, 5375, 5384, 5396, 10455, 20437]
 132, 0x400000000000000000000000000000001be136c8ee6ddcead47667e89c236b19, 10
      [17778, 17783, 17799, 17805, 17812, 17816, 17842, 17872, 18737, 18768]
 133, 0x1ccf4ce3b2fb76f607b6bab43aab622b001808f159455fc45f9fd2da64d14dc2, 7
      [17216, 17256, 17296, 17336, 17376, 17416, 17456]
 134, 0x3d5cee8cfe0f1733535dee5a7487bee152b0cebe9ebd0ca50b498c2681a51c49, 7
      [17220, 17260, 17300, 17340, 17380, 17420, 17460]
      offset: 4
 135, 0x1ea82b41f4f70c3c73a78b914f4ca7334413fa6888fd5da7a35eb6e19fc4745b, 7
      [17221, 17261, 17301, 17341, 17381, 17421, 17461]
      offset: 1
 136, 0x3fffffffffffffffffffffffffffffff50d580e5123e490d1b9425f34eff5266, 6
      [13053, 18616, 18658, 18664, 18668, 18704]
 137, 0x2e6bd532f3cb5b35c374976ea92480b2a4238d68a8107a5c1ddbc67cc81a58b7, 6
      [18811, 18871, 19520, 19536, 19538, 19759]
 138, 0x10a4a8625e0fdf2b45b976c3b77dbfa2fa29752bbc3ae110bf31f44bd99ab57e, 5
      [18812, 18872, 19521, 19537, 19760]
 139, 0x3fffffffffffffffffffffffffffffffeeab056857b12a98b6c89962c92aa320, 4
      [88, 9871, 9877, 10160]
 140, 0x36e17b8d3c326320dc0897274d38c2be31b477291348bf1e73b17ff0a30398c4, 4
      [17233, 17273, 17393, 17433]
 141, 0x06041d1e548fa7b18eeed7173facde73a7fbafb16813bc07e04b18a638b34c93, 4
      [17567, 18187, 18267, 18433]
 142, 0x11e39fd04147fb641b64800c38bb1d4672b8c5feb6e85a260ff8f82f98199606, 4
      [17599, 17639, 17653, 17669]
 143, 0x3ffffffffffffffffffffffffffffffe84596aee3d3e530f39335e814b8d0f4c, 4
      [18491, 18492, 18597, 18715]
 144, 0x30f86f9eed6c757a1ab766921a4e0c766b92a87ef42ab15a34e8a36702ac9915, 3
      [4, 1891, 2962]
 145, 0x1442e548acecd5f95682d717cce569afb698c2a5fd1efb5dc0965bdf3047901d, 3
      [10, 1906, 4181]
 146, 0x3fffffffffffffffffffffffffffffff488186cb0a7cb964d9a908666582edd0, 3
      [1748, 1836, 22101]
 147, 0x3856ea32b106687974ad528a0c46418bb476944a4e8fa73d5674cf1c680dc80c, 3
      [12770, 13059, 15577]
 148, 0x3ffffffffffffffffffffffffffffffe14d680452d4bf06cd7c960488dbdc6a4, 3
      [14792, 14798, 18482]
 149, 0x000000000000000000000000000000053a22ffecbf5c9f9c90f7eaa8e5b767e0, 3
      [17198, 17517, 17519]
 150, 0x40000000000000000000000000000000157bd495d34710f81ca5e4b03846d631, 3
      [17815, 18738, 18744]
 151, 0x0b522c270a28b84f197376b0ebd1b590bbb021a99165264ec76693c2d0ee5002, 3
      [18185, 18265, 18274]
 152, 0x230fba1b891e52756ea03588ecf081602c89ef8fec689ed06dcac0a6b96d971a, 2
      [3, 1894]
 153, 0x0ae27806aafe80a771083b8185e0ccd0889bcc45554c8190893784ba91ae094c, 2
      [9, 1909]
 154, 0x3fffffffffffffffffffffffffffffe5378e1e094c54ac36913754503f1fdd7a, 2
      [34, 20383]
 155, 0x3fffffffffffffffffffffffffffffff4a701eb1f7177d1a63c3a2baeb22bd7e, 2
      [1766, 22145]
 156, 0x318413dc26ce08b53662191262e877d7b8909772800e9265307ca9a5d4c84650, 2
      [4112, 4118]
 157, 0x2eeaa6c9a15bb97beab7bf6d87ad185770bdac794b48ebfdaa150beef36ba2fa, 2
      [4139, 4147]
 158, 0x1badc6f6d6954f0c37a0cbf3aeb2b315f880f45a27ce586e02d915ec7c0b2f25, 2
      [4140, 4148]
      offset: 1
 159, 0x0b0b6bd5d7689cdb2b22d018046a5146368309128176aa1a855c25d7b25f0817, 2
      [4178, 9490]
 160, 0x0cf0a1e086d5fa75784875205ce7a8fe49a9bc0cfe9423c81875033d352baf9a, 2
      [4179, 9491]
      offset: 1
 161, 0x004742324cd8d39f09b51d59f4b596ec943fb404a578cbf1a924f66e4b62b8c6, 2
      [5331, 5337]
 162, 0x3924447b5b79bfdbbb4cea162f3bafb548289d55356b9f16cccf12da81843f17, 2
      [5358, 5366]
 163, 0x13d1a093ff1f8f1a79604cb42c6f671b97a4551f105670e5ce337657925d70a3, 2
      [5359, 5367]
      offset: 1
 164, 0x02f6c3a01f111db3255298710740967e220be89365c9ad95c6825fd838a5e47a, 2
      [9872, 10161]
 165, 0x16223b251331e74aa33d0bd03cdd5c24468fe272bbe8c5987f6d56c6cc317fbb, 2
      [9873, 10162]
      offset: 1
 166, 0x1ac9d8bc901d459af3065f31560f7e3847d8c387388f7f49fefc21a2a86f3327, 2
      [11323, 11612]
      offset: 1450
 167, 0x3543e657a7654d0d2d5b5ef3ef5fbae686b2a78a0dd7d1c1ee4d246e7694535e, 2
      [11324, 11613]
      offset: 1
 168, 0x132d1fc5ceb5e9c3816098c27854bcdf95e75f055e6f2304deaaea62cc96fe95, 2
      [12771, 13060]
      offset: 1447
 169, 0x0aa519011278c09c836cad80a23bfca30b82dedddf88368eff8645a329943db3, 2
      [12772, 13061]
      offset: 1
 170, 0x00000000000000000000000000000005494a74d274f5640d5aa4a417db281ac7, 2
      [17138, 17555]
 171, 0x06041d1e548fa7b18eeed7173facde77c2dbe11f20a52ce949462e571d37bf4d, 2
      [17196, 18545]
 172, 0x365a3fbc6985c7a211f407a4c89c5cd1e551aee9d81c3096c0ce0a97b8e13d4f, 2
      [17199, 17518]
 173, 0x00000000000000000000000000000000df05d5521fe4c544c2d3fc717b9e9150, 2
      [17200, 18544]
 174, 0x11ce1967e186dbc4f64b46cdc8910703913be676f71b8a970636fda83dd52ebd, 2
      [17232, 17272]
 175, 0x3ffffffffffffffffffffffffffffffae823990f4a380940fb4f00781a489821, 2
      [17525, 18554]
 176, 0x09a5c043967a385dee0bf85b3763a32e3cf4ea1231787846cb78e089471ec2b2, 2
      [17526, 18555]
      offset: 1
 177, 0x3fffffffffffffffffffffffffffffff4340c3a9e9afe398c972eeaf84616eb1, 2
      [17553, 18552]
 178, 0x3fffffffffffffffffffffffffffffffc7da363adc1b443950eb4e155a0e700f, 2
      [17660, 17723]
 179, 0x1b99b1acd29227df50b2f5b896c1b052b5fef25e994822a38b588bde16a0d6c1, 2
      [17693, 17695]
 180, 0x279a9bce8a1d345b0487ce0ed1df2ddd4a1e344f38d909e8b1020975f44b3229, 2
      [17800, 17813]
 181, 0x3fffffffffffffffffffffffffffffffd585fe96c3c3197cee80c47c51a90521, 2
      [17818, 18742]
 182, 0x3ffffffffffffffffffffffffffffffde13aecb17b687228024b0e8a56e869c3, 2
      [18186, 18266]
 183, 0x1839e0b5091dee9b4a7c1c727534e779370d348fc0f65a5686758a9b63165def, 2
      [18351, 18501]
 184, 0x3ffffffffffffffffffffffffffffffce66c3ce070e7fd40e61fd1e1971a1e97, 2
      [18603, 18778]
 185, 0x3a19273367a05b64202e50ace9a72e3cc06d4c15e98a0efcff99a5afcc91c87e, 2
      [18659, 18677]
 186, 0x3ffffffffffffffffffffffffffffffe7f6468ce1ae7e93caae160c59dfea4cb, 2
      [18666, 18686]
 187, 0x27027a2b3710d566c9d2a797e07978de0d868a6c0ede6d5ba6fb5f8fa7f7cb07, 2
      [19346, 19994]
 188, 0x37edb12718c4670cd1c8ecf855635b55ff20cda042290e2e215c01ce0e847191, 2
      [19494, 19505]
 189, 0x3ffffffffffffffffffffffffffffffe0e711e121225247a1ff8dd1029e131bc, 2
      [20317, 20319]
