scalars length: 10329
freq>1000 (count, total, %):          2,       5474,      53.00%
freq>500  (count, total, %):          2,       5474,      53.00%
freq>100  (count, total, %):          2,       5474,      53.00%
freq>20   (count, total, %):          2,       5474,      53.00%

top values:
   0, 0x0000000000000000000000000000000000000000000000000000000000000000, 3499
      [2, 3, 6, 9, 21, 30, 35, 36, 38, 45, 48, 50, 59, 61, 63, 64, 67, 69, 70, 71]
   1, 0x2405f583c68a368e3b3603bc4b337f3a1bc0909748320f9d6723fd7e582bbb68, 1975
      [39, 40, 46, 47, 49, 51, 52, 53, 54, 55, 56, 57, 58, 60, 62, 65, 66, 68, 75, 77]
   2, 0x372f08364d3e242ed589f0bbbc85421e277de76da0fa76be668d331a50d14857, 10
      [3652, 3654, 3663, 3672, 3681, 3690, 3699, 3708, 3717, 3726]
   3, 0x0b671e1f34180fab1a3d8d9141e2d7c5d44614b5111529795e0dd7c7926443b3, 10
      [3653, 3655, 3664, 3673, 3682, 3691, 3700, 3709, 3718, 3727]
      offset: 1
   4, 0x317a26d06981a5bb07c0b0f1c41b4f0e208a13e5daa47c2c32050ff6d4a49dca, 10
      [4867, 4869, 4878, 4887, 4896, 4905, 4914, 4923, 4932, 4941]
      offset: 1214
   5, 0x18be8f953a8af366dec6fce43447e1a8e0dea118beca8aa3e69d9f5575217792, 10
      [4868, 4870, 4879, 4888, 4897, 4906, 4915, 4924, 4933, 4942]
      offset: 1
   6, 0x3738c224e5da66579551bc518ab99803e589b7a4e8aaf8d1d51b0a00ebf24d9c, 7
      [2842, 2844, 2853, 2862, 2871, 2880, 2889]
   7, 0x11edc7b2ea3259bce6a3b7f97c2c9cf33a4689e6763816de645fcb5d39bb84ba, 7
      [2843, 2845, 2854, 2863, 2872, 2881, 2890]
      offset: 1
   8, 0x383e9fa5ff9d6973d580425098c3433a41450db32267aba737caf462d82855ca, 7
      [4057, 4059, 4068, 4077, 4086, 4095, 4104]
      offset: 1214
   9, 0x13b8554fbf546f336c4d807bca9e6022effe15b782147b94594dd406e0b6779c, 7
      [4058, 4060, 4069, 4078, 4087, 4096, 4105]
      offset: 1
  10, 0x1f6f2033f43711261f6d689166f131c15b37f185719426b15fc5b2e2ccd4070b, 6
      [2752, 2754, 2763, 2772, 2781, 2790]
  11, 0x02382cae5acd3c9f1d85357b333a7c315cde52e8c24aca5f6565f4748c62a7f9, 6
      [2753, 2755, 2764, 2773, 2782, 2791]
      offset: 1
  12, 0x3669b83866c78512c10e3d7112666ffe24657cac9cf9a6f1a06b0606096951d5, 6
      [3526, 3528, 3537, 3546, 3555, 3564]
      offset: 773
  13, 0x0b64c8a23a4aea7dd11ccab231838ee70a6d1b75d96881cb3e1cbe69d97a8c39, 6
      [3527, 3529, 3538, 3547, 3556, 3565]
      offset: 1
  14, 0x17e3c573edf6872cd83f79730a8d0bc6cd8ef6b4a24d0eeeee5b31929bbaad90, 6
      [3571, 3573, 3582, 3591, 3600, 3609]
      offset: 44
  15, 0x1054f587764148de20be4171486ce6a3ab17c3f765bb8db80edc752a40e5bcf4, 6
      [3572, 3574, 3583, 3592, 3601, 3610]
      offset: 1
  16, 0x26aab4131498b9c98c2284f562ec16647bc53f0d0afd3952c2427920e667c3d9, 6
      [3885, 3887, 3888, 3904, 3907, 3912]
  17, 0x2bfcaa45b10ed73ea5410c808a5e8ea3fcac30e6f3e7d53a44fd1e077b292830, 6
      [3886, 3889, 3890, 3905, 3908, 3913]
  18, 0x0adf24adfe4c7cedf29813c6b64525ab5b8f0bde09e74f12c3131fdb53ecdd4c, 6
      [3967, 3969, 3978, 3987, 3996, 4005]
  19, 0x1eabb4c6ae7cd08714f68de614dd6547cfc9b838a21e0fff1de7f303cd4fcc8f, 6
      [3968, 3970, 3979, 3988, 3997, 4006]
      offset: 1
  20, 0x35c7ac12972bc3003846c28678671f42972c4d0dda986ce2b3fbaa08b9ce638b, 6
      [4741, 4743, 4752, 4761, 4770, 4779]
      offset: 773
  21, 0x2a2fb146df4258d3929c1438fcc5a073feaad0ad884380e8d09dff929817fe35, 6
      [4742, 4744, 4753, 4762, 4771, 4780]
      offset: 1
  22, 0x0614a49773d4540c079b0fa919583736eca19bed8a27383c6ea9c9ac41589301, 6
      [4786, 4788, 4797, 4806, 4815, 4824]
      offset: 44
  23, 0x25ce6155e4fcf006ba1886d271ce96f41644c3ef683a03f7526afa41469f47e3, 6
      [4787, 4789, 4798, 4807, 4816, 4825]
      offset: 1
  24, 0x237d42c7a136e259b449276e19b1d56d5f4aab4961394aea8be32e240a55c6fc, 6
      [5100, 5102, 5103, 5119, 5122, 5127]
  25, 0x189bb610cc8a02b54771a6e69473f0b2b00aea87bee0d6261a92d4b84864f923, 6
      [5101, 5104, 5105, 5120, 5123, 5128]
  26, 0x1a53a4ac2c037164dd96c858e3edb82a11c27b0f1bcc39821738d88cd62e4e33, 6
      [6604, 6671, 7323, 8504, 8571, 9223]
  27, 0x34901051185ac22b75cf44840648fc9975fe93ef3c72f52b8550fa1ecc77d0ae, 5
      [2806, 2808, 2817, 2826, 2835]
  28, 0x3018d46d06240d84df0d30c81388cef9dc1ca01b7f39f12b75e0475d920673db, 5
      [2807, 2809, 2818, 2827, 2836]
      offset: 1
  29, 0x3c9b6def34683f04f23a3abf69ec62f44303b18d2079b423786d3b6cdedc4d2a, 5
      [2896, 2898, 2907, 2916, 2925]
      offset: 89
  30, 0x050f9696d7e08493529cb96c0b11913bfe7495b66fbedbd9818d53e9ba28cc34, 5
      [2897, 2899, 2908, 2917, 2926]
      offset: 1
  31, 0x08285b77ba349a24e785e74df3c654678736ecadd246cbab968befdac3730cc7, 5
      [3256, 3258, 3267, 3276, 3285]
      offset: 359
  32, 0x36644675a904001dbfd2f970ed405cc9559180ba727a0b8bc50abbeb620f624b, 5
      [3257, 3259, 3268, 3277, 3286]
      offset: 1
  33, 0x01032c54e9c245e6ee9d1fbe2cd8c10625590f27caace406eb2bae938a553e60, 5
      [3319, 3321, 3330, 3339, 3348]
      offset: 62
  34, 0x0dc25d4b9091ec49cdd337c1d5595b53f530158c65a4646cd4e9ca4dd3788f4c, 5
      [3320, 3322, 3331, 3340, 3349]
      offset: 1
  35, 0x1c042af650954c417e3aac02378c65da3859a820bedea84c87ff13250c478529, 5
      [3922, 3924, 3925, 3941, 9225]
  36, 0x1b9d173e900a7a54acbff6dc4090d1034cfd49bd72c995860a9070e8b3e83133, 5
      [3923, 3926, 3927, 3942, 9226]
  37, 0x2882e5939cfbd6ebf84ecb8c1fe58a49aa215901afc1bf54eb2683ad9f6a7f4c, 5
      [4021, 4023, 4032, 4041, 4050]
  38, 0x00ae8b95e6aa7a940a6bc50237119bad44eacf151e0cd017d4b1f537c69b0bbb, 5
      [4022, 4024, 4033, 4042, 4051]
      offset: 1
  39, 0x08c5b922f3f90fb1d363811cc5e82288869bce9505182117cfe383511b2087f4, 5
      [4111, 4113, 4122, 4131, 4140]
      offset: 89
  40, 0x358c1fc84fc272a7567af75f1659e37c55e734a41c0a8bc6b283e32df62f4ef6, 5
      [4112, 4114, 4123, 4132, 4141]
      offset: 1
  41, 0x10afdcc1b2039b7d5017257e7d373f208cf22bf19799da365a5c63b5016d17e0, 5
      [4471, 4473, 4482, 4491, 4500]
      offset: 359
  42, 0x0c95506b64f8f4990ac1bf32890bb45a540c54a09391d4d2bdc9f7d5a18f5c63, 5
      [4472, 4474, 4483, 4492, 4501]
      offset: 1
  43, 0x1d9462c4edb2e16c6747690b298ee12f263aea38ed196a7bb7d4c571cd74fa0b, 5
      [4534, 4536, 4545, 4554, 4563]
      offset: 62
  44, 0x30a2f0b5594f4446ba4042351216eedd10db48d3c0e2e9c19d5fec633b81c05c, 5
      [4535, 4537, 4546, 4555, 4564]
      offset: 1
  45, 0x1b3fb566834637d42175051cb1bd0a4e40212b07d6dcfe3467e51f7c44343011, 5
      [5137, 5139, 5140, 5156, 9228]
  46, 0x3693a3ae268834d73999fecae3266ff4950432f9d4a52a184bc8d8b028de17e3, 5
      [5138, 5141, 5142, 5157, 9229]
  47, 0x216c8b6ca5107715842da03599c535003a477e18ee6e1acacdb21bbeb5fb5c20, 4
      [2932, 2934, 2943, 2952]
  48, 0x14f131bd8667cdda8d951a5eead2261f882bc884e6cb8991bb70673649d59346, 4
      [2933, 2935, 2944, 2953]
      offset: 1
  49, 0x02ae8af33b891cc2a3c9697ed6a920d2b1c874dd8205dd53e9c59b9c63023243, 4
      [3040, 3042, 3051, 3060]
      offset: 107
  50, 0x127c5456fd8c78196da9f1f7b49cb033784505c9db8592bd947ac57f99eeb83d, 4
      [3041, 3043, 3052, 3061]
      offset: 1
  51, 0x2a8093efd6636208b8eba7006e7999dfa7123e3d705aaa75303bb7800dc1d41b, 4
      [3067, 3069, 3078, 3087]
      offset: 26
  52, 0x1b45710a8177a46ce2845d5a8635e4bb889c9994c93e4982d2a9b2595f2cd828, 4
      [3068, 3070, 3079, 3088]
      offset: 1
  53, 0x2cd26b25bb3d6a744b4a20c47affec0a1ab7b59b015aac749c59ef88f5c24975, 4
      [3139, 3141, 3150, 3159]
      offset: 71
  54, 0x33a96d041bb7b899fc7a7508c1c2f38cf3bf4d2a6a0133f039934f3220047dd7, 4
      [3140, 3142, 3151, 3160]
      offset: 1
  55, 0x38e2c05a29c3393d057d155109ec57a5eca6bff05dc0f958a2f38fcf0c4261bd, 4
      [3292, 3294, 3303, 3312]
      offset: 152
  56, 0x00d5edc243786b42ed2f1fb35cd41830f866a691dbe3b1bc3f0fbbad0c162bae, 4
      [3293, 3295, 3304, 3313]
      offset: 1
  57, 0x0eff382c9215394e9d3621a00edcc5418f66350ba8eac76a35a97c575e864ded, 4
      [3364, 3366, 3375, 3384]
      offset: 71
  58, 0x0fcc9f3874e618aa4f57c286e7072ccb62aae8870d53c00e6fd66c8ba6ec0b05, 4
      [3365, 3367, 3376, 3385]
      offset: 1
  59, 0x09ee42d6216908a4165397dc5016aec67f94f8280d9811cbd0bc7c9dbc68d240, 4
      [3400, 3402, 3411, 3420]
      offset: 35
  60, 0x1cea979b0f6d19bc12a7299e989697052da8b45f1569149c94bc2f06d80fa5fd, 4
      [3401, 3403, 3412, 3421]
      offset: 1
  61, 0x2c98a0857d1e314bf220494386f9d5b5ede7abda3435af427d746e6ca5b4ba2a, 4
      [3463, 3465, 3474, 3483]
      offset: 62
  62, 0x2f478ba2974378c067dca0506aa28d2f49f92841cd35df9cec7314ae5b1c4873, 4
      [3464, 3466, 3475, 3484]
      offset: 1
  63, 0x02228e0445b0b5da1d10a002b08e6a374fe7d8d1fd582b2935078ab91a527881, 4
      [3616, 3618, 3627, 3636]
      offset: 152
  64, 0x0c9ee4567f64394e7031d5bdca5a80d6495c9e42180ffa344d0ea5335280dff9, 4
      [3617, 3619, 3628, 3637]
      offset: 1
  65, 0x2f7bc40cb49eed6d48faa56c01d1887670f4a4f0bcec6029aad057a2c49f37c1, 4
      [3769, 3771, 3780, 3789]
      offset: 152
  66, 0x18f468f3703eceeb3f8deb6fa027e1a2b3db8b2b3553447ab363610d047aa58c, 4
      [3770, 3772, 3781, 3790]
      offset: 1
  67, 0x23f2ec002337a2b11cbcef2d67b3e1e7a6b61618e788e9f54ab373b6c44d8a1e, 4
      [4147, 4149, 4158, 4167]
      offset: 377
  68, 0x09ddb7ca86e506b7bc51a476980ea324b8466622a8fdd997e63d82d8a81a9e15, 4
      [4148, 4150, 4159, 4168]
      offset: 1
  69, 0x3273f61ab7a8ada271331095fcc4d97bfd2802c83c34acaec5a859c40dff638a, 4
      [4255, 4257, 4266, 4275]
      offset: 107
  70, 0x105a678716ea3c1a26eae26f458270ebf3057444ca96672d00910685bea5369e, 4
      [4256, 4258, 4267, 4276]
      offset: 1
  71, 0x0fe2ef3c9d5fe4464e969b02d6734da6e79847320de3270e6f09cd04320f4ab4, 4
      [4282, 4284, 4293, 4302]
      offset: 26
  72, 0x2d77e1a2ce6ea44ed999d50655eff62f1208fe9a9882c83037cfbd1ac1014bf9, 4
      [4283, 4285, 4294, 4303]
      offset: 1
  73, 0x0064cc8efe2cfd04db6305539d26ba6b24603705e2019d348b3a948e16206b74, 4
      [4354, 4356, 4365, 4374]
      offset: 71
  74, 0x31a59501bf5970826f7d907b692c3e4bbbb44ada55760e8fde8e35a013ba0f53, 4
      [4355, 4357, 4366, 4375]
      offset: 1
  75, 0x3dd81cf05d3b9a33c04bbd00ba82e1307f3bb37f3071e66ff76c18a56b51f2b0, 4
      [4507, 4509, 4518, 4527]
      offset: 152
  76, 0x060db5f84125fb151fdde7c1505587466469d33d4416b00bfc4b6f3f106045b0, 4
      [4508, 4510, 4519, 4528]
      offset: 1
  77, 0x2550f454c0f81accf166b3a5025c28b4b87697b836a3376718a2e4702c90e88e, 4
      [4579, 4581, 4590, 4599]
      offset: 71
  78, 0x01f6149f2f1d970def190eb5293bbe9d554bba62c56659c6410ccf21c283c3d2, 4
      [4580, 4582, 4591, 4600]
      offset: 1
  79, 0x112d87dc4830b1ce20153bf50405b723cb000211b809ba92265a0b132f3a5d34, 4
      [4615, 4617, 4626, 4635]
      offset: 35
  80, 0x303d0bcbe971e071ae75c8534a87dc28808c264be97915e315fde6ed028027df, 4
      [4616, 4618, 4627, 4636]
      offset: 1
  81, 0x2c0e50ae25e2f4c2c5134035fbc6cb4712862704bb461e247f6046fc9084fe5d, 4
      [4678, 4680, 4689, 4698]
      offset: 62
  82, 0x087aac7a0df7b0e46f92d30db5d1dac3d16aac7ae6f19fa31e062c2a33201bc5, 4
      [4679, 4681, 4690, 4699]
      offset: 1
  83, 0x10d3edfd7a0f7a393d1e2d441ae4b10d2efdb7243b70e286b468f14ebd2f8834, 4
      [4831, 4833, 4842, 4851]
      offset: 152
  84, 0x11695da44c800a6bfe54c9cd6d549ca1cd90c4bcb1a528849a99445b7cb4be4e, 4
      [4832, 4834, 4843, 4852]
      offset: 1
  85, 0x0a0b7083c729a51954645e679d55e420ce617c1237afae67b1cad0049cf8a0c0, 4
      [4984, 4986, 4995, 5004]
      offset: 152
  86, 0x2cde58ce52c55e0104a5f6651e8df9426f8ab59ee436841da31b342f533ca7ea, 4
      [4985, 4987, 4996, 5005]
      offset: 1
  87, 0x296d96ccf6e105cc28aa59b52ae40971c208febd409b5acb09ad452c3ace13dc, 3
      [19, 2736, 2745]
  88, 0x25b65e77234bd2a2182c62b39ba1d8f4525d3f035d15bb907a3aed477c5aa5e8, 3
      [20, 2737, 2746]
      offset: 1
  89, 0x13a129ef113b25b39defa5a85a5ed782a9b29c4a4f0a862dcf917835c0c6c4e1, 3
      [28, 3951, 3960]
  90, 0x3660195e00a1118115a28edf833e0d2e5db9fd4b6b3f66a05691cdd4cb071152, 3
      [29, 3952, 3961]
      offset: 1
  91, 0x04d10cae3dffc83af3a87d466d600765442731202a831db3a4b8c1e5f0e719bb, 3
      [572, 1653, 9253]
  92, 0x16ca700198776d5752b723257724dfc2110bf7811e9336d5538ce7abac53c618, 3
      [573, 1654, 9254]
      offset: 1
  93, 0x1a109132ac30d481c0c654fe7ac70c21e39e3853443d35a2ab15a32135180a90, 3
      [574, 1655, 9255]
      offset: 1
  94, 0x246f8bf02a61190d77a4bd695c30766e0c0f4ba923f1d33f44ed8412949df3ef, 3
      [581, 1662, 9262]
      offset: 7
  95, 0x217c3431d2a44bad4532f2785a2ab325adb17dd386a2e539aae70de70994cc64, 3
      [582, 1663, 9263]
      offset: 1
  96, 0x35c511b7db273f10e5275c6584d6daf204c5d25cdabc0eef8cf7f450001e2dc2, 3
      [583, 1664, 9264]
      offset: 1
  97, 0x1152f1c2bf280ddb737eba156f61407f7171833f9d5a68d0c24b5e25d47e42cf, 3
      [599, 1680, 9280]
      offset: 16
  98, 0x3fa94f259f397959ba55ca864d1987b9779b07f8c6c4614adab673e54df758c2, 3
      [600, 1681, 9281]
      offset: 1
  99, 0x1659250da9d29b30f05f5bab63e67c0a0fb2be9e3439b01dbcb1aebc662f5f80, 3
      [601, 1682, 9282]
      offset: 1
 100, 0x3f51b1132a6322e9facb0f15bf9ca92b74159fd1d7a7e90c7699a293e1f5642e, 3
      [629, 1710, 9310]
      offset: 28
 101, 0x2c7900042fce822fd980740bc313e56f7045e5f5e2db3cb896287fcb797ceb6f, 3
      [630, 1711, 9311]
      offset: 1
 102, 0x273463b4199515558fe679aa6d07c148488448b8ed77d3b097c98f9066214169, 3
      [631, 1712, 9312]
      offset: 1
 103, 0x125398dca724cdb3c7626163e7db1e4d922ed10cd82b02f6341f2e8032f672b3, 3
      [632, 1713, 9313]
      offset: 1
 104, 0x265769b1bc27d4c9c0949aad0fd147faa8886c4c69d5dc1c8a18c14f8677dabd, 3
      [633, 1714, 9314]
      offset: 1
 105, 0x093a9b38bf3106d086bd5a7388f7b7e1d916930dbe887ea7d7589c8669d6d167, 3
      [634, 1715, 9315]
      offset: 1
 106, 0x35b498f9ffceb6582080255cdf454a2d4af0373a9a1ce4a52e45a93598e075a3, 3
      [635, 1716, 9316]
      offset: 1
 107, 0x09297586944675e2f543a856adf2afff8d1bdfc7f74de8535bd60eea4108e863, 3
      [636, 1717, 9317]
      offset: 1
 108, 0x2067c7ef216475958b603400d40021531dad818ef7b02ea3ce5288cc690c3530, 3
      [637, 1718, 9318]
      offset: 1
 109, 0x19cb26fa39754553e7192359e952efff864b691d2a978aaa7d29f25fccacae1c, 3
      [638, 1719, 9319]
      offset: 1
 110, 0x058e4fe7b8643ef17394ec4d3659883e5c749387d12c439d1411ea43b224b585, 3
      [639, 1720, 9320]
      offset: 1
 111, 0x175bf5578b9d06b3e25fabc7463bd4a92bdab4691a3b01da132dd97800ebd443, 3
      [640, 1721, 9321]
      offset: 1
 112, 0x1fcc1172c99dec2076c6fba80719486b8ed8ec7a3897d3bffc99ff6bb513a546, 3
      [641, 1722, 9322]
      offset: 1
 113, 0x19e95d19b6424095ab83a091e66bf2425966c74583ab95e2618c4032c12f13a0, 3
      [642, 1723, 9323]
      offset: 1
 114, 0x1d8d66170fabbdf79e731093899b68214ebcf1a58b69b91d8f90c7f828763b3d, 3
      [643, 1724, 9324]
      offset: 1
 115, 0x1cf68b30bb2cbdb081225d0a160e5d0c59b03bfd6bf9aaad63c2ab52f70c9660, 3
      [2986, 2988, 2997]
 116, 0x21cb2def17fb6c54f80d7e128bbb9a073fa24023c35e631717eee7a3870a5fc4, 3
      [2987, 2989, 2998]
      offset: 1
 117, 0x270f744924d8615997dba51c6e9e4e564010e5cffb19b9775bfde3339849ba10, 3
      [3103, 3105, 3114]
      offset: 116
 118, 0x34f4363927e9f9f7d44a333169edd42806d78079574621bb6ee2d4435fbf542d, 3
      [3104, 3106, 3115]
      offset: 1
 119, 0x22ab7eb0a404384380ca22add3ee8015fbacdc42dbd108aeacf38bb7783ffb1d, 3
      [3175, 3177, 3186]
      offset: 71
 120, 0x056338dadb140d77b70d19f44fb228bdba4f7545a786765990363437c4ecf9e9, 3
      [3176, 3178, 3187]
      offset: 1
 121, 0x368eb72b42922137eb02bc2fc87056115499c6e07485b2f9c966e9967d34c0fe, 3
      [3193, 3195, 3204]
      offset: 17
 122, 0x3bb3892a139860e7e0c3dad5982346a7da00e90bccc0a747b2b9397c67bbff25, 3
      [3194, 3196, 3205]
      offset: 1
 123, 0x367d73125a52419b9d259d1e7b87d3f1777b09b0ee867473cd8d265668e92df5, 3
      [3220, 3222, 3231]
      offset: 26
 124, 0x1254e2dee09fea5c625c599fef50223ab96d890b210c8f5a1ee1cdc35ed4eb29, 3
      [3221, 3223, 3232]
      offset: 1
 125, 0x3407f919dcac70e6121887b030a08e3024f79926b91b5ab9b040c25605dca8b9, 3
      [3427, 3429, 3438]
      offset: 206
 126, 0x3ee9be4900de3c479b2d0f89f6b04946ea884390bb88c4b6fc1dc4a44c80a2ec, 3
      [3428, 3430, 3439]
      offset: 1
 127, 0x1cc07bd34a1c62bb827d0cfa4feea141d5ec347e157f618d961aabb055893c98, 3
      [3742, 3744, 3753]
      offset: 314
 128, 0x3f4eef4b99a1cc5a0f65753c098b01ba6f42b3ea83b7a1ba85e0bdac83683fae, 3
      [3743, 3745, 3754]
      offset: 1
 129, 0x2b51ac7337d9b62d50905b45ebc993ad165bea9978393f6c3f6a168432c5da5e, 3
      [3796, 3798, 3807]
      offset: 53
 130, 0x19fbc054ae7ae3da2b53df18fd3bcbff2be4f4f726cb954e281d30a56838c374, 3
      [3797, 3799, 3808]
      offset: 1
 131, 0x224bbf567910b61915bdcad268fb46237d9bfb41654a4ee688b2f6fefe5497ff, 3
      [3823, 3825, 3834]
      offset: 26
 132, 0x2ee3e4ff7ef67980fb8478f92f0373d19af0f4de77b4c1c4992f489240e2975f, 3
      [3824, 3826, 3835]
      offset: 1
 133, 0x0756a6f1e4ab6dbb136fbabd3320b966d3e30349672af3449cbf83df26e982e9, 3
      [3859, 3861, 3870]
      offset: 35
 134, 0x1ba18401bf8640c0111ec7d4a4d7e89b40810d735106cad53bbcbc4b2bcf49a7, 3
      [3860, 3862, 3871]
      offset: 1
 135, 0x0cf5fbcbf2b52ff61b6b6331391ea1f5d703e3d830c84484f202b31542640bb3, 3
      [4201, 4203, 4212]
      offset: 341
 136, 0x17f58b880b69769ecdb5b244cc32650c91391e36b4d30c9fcefd0084df8d5287, 3
      [4202, 4204, 4213]
      offset: 1
 137, 0x024d5deb64f1aa51ae21a4ebd703d41af0e50fcbcc0928aeffb661514e41b200, 3
      [4318, 4320, 4329]
      offset: 116
 138, 0x037d8d11d120d51ed52686b112916477907166f585a8f37d3fcefa2051e0d8df, 3
      [4319, 4321, 4330]
      offset: 1
 139, 0x2dab60e9e2c431549ec68f0a6fa7bd5c9923a2598f862d497eb22a6316b3d5cc, 3
      [4390, 4392, 4401]
      offset: 71
 140, 0x156095c8edb768e680e44c1bba738f9d0fcc452574216fa43e03a6ee4b4d6bd1, 3
      [4391, 4393, 4402]
      offset: 1
 141, 0x175ccb5bb8a4cc6c3a15ea11ae82345797562cc2393fe8c4dca5d4a63f703810, 3
      [4408, 4410, 4419]
      offset: 17
 142, 0x27260f6b2649b3e82db4502e12cad906552e01c033c80f117d2c0b4f44363655, 3
      [4409, 4411, 4420]
      offset: 1
 143, 0x34ba90cd12259b48fad48349377cdf69f843076e37cafec1061bbad9c9dd03aa, 3
      [4435, 4437, 4446]
      offset: 26
 144, 0x3e6cffc16a228e9a5330e46643fc097f98469f5aea44397634b1fbc0bd23777e, 3
      [4436, 4438, 4447]
      offset: 1
 145, 0x157bd253b9230bef0f994add8437fca04b39050d9419b8832654fb2980f8270f, 3
      [4642, 4644, 4653]
      offset: 206
 146, 0x0c2af2c9b30769d40cb13cb24eae291a5b5b3112ea0ea2e7d4ee128fc87857da, 3
      [4643, 4645, 4654]
      offset: 1
 147, 0x26f32f1d36ca6d23bc94e4a150609bb9e2179936b740d3145ec5c37acbd3b4b3, 3
      [4957, 4959, 4968]
      offset: 314
 148, 0x2ccefef9f5443b23e2ed0f965cc09c45468f1857a8aeed8d2c1c743aa0678bbc, 3
      [4958, 4960, 4969]
      offset: 1
 149, 0x263886352c27ff1af95c420edd5c19e97797ebe9ff96cd233c064da6c8cf9946, 3
      [5011, 5013, 5022]
      offset: 53
 150, 0x01646c851c1758633bb1169e98611410c748a39e516577ac235d088b152c4b7a, 3
      [5012, 5014, 5023]
      offset: 1
 151, 0x05dfbb12bf35ce786c296b360a220967c53d60556cdc9bb1760e1fc9d22cf740, 3
      [5038, 5040, 5049]
      offset: 26
 152, 0x2c658d689b6ee6cdab987ab79903dad8f7881697fdb5e32531b30ec1ca007ab1, 3
      [5039, 5041, 5050]
      offset: 1
 153, 0x2de019ee9d50e06783f4aedc51397c2280370acce09041818351c0ecede193df, 3
      [5074, 5076, 5085]
      offset: 35
 154, 0x14019d909f903a67e4c7b413402da737ff6facb566cb1dc1a658f5c4da0d255e, 3
      [5075, 5077, 5086]
      offset: 1
 155, 0x2a2903e6585b49c02658a73be53f6deaf834dfc205a6379ee19d8625086d0ce5, 3
      [6992, 9232, 9242]
 156, 0x08f66b971b6c4c63ee3a78e35fe1e7f00c45b580cef59d7522fa3a46671cb770, 3
      [6993, 9233, 9243]
      offset: 1
 157, 0x1c8f6454ac1f38ac180daeca53fa160c093d5916c11ccedbdc66394cbf26b4a4, 3
      [6994, 9234, 9244]
      offset: 1
 158, 0x0af32dd5588ecbf7f6c5d00a95f96cf8f44670a950f085024732d52e4733fee6, 3
      [6995, 9235, 9245]
      offset: 1
 159, 0x119f62b33950c5c0b01115d9a77e27f4bce1ce3af6baf51a6db527a00f2bacb5, 3
      [8892, 9236, 9246]
 160, 0x215355eaa9cee780062f31748373efce98f6b5ac703718e02b45b7acd09c2d3a, 3
      [8893, 9237, 9247]
      offset: 1
 161, 0x1de029f3b07d0a3e05179d5036d60378562a234d5164c9c532616ad950640933, 3
      [8894, 9238, 9248]
      offset: 1
 162, 0x1c1fe31f88c765bdbbe09c536af8b1fd168ece05e948785b3d95260612c7febc, 3
      [8895, 9239, 9249]
      offset: 1
 163, 0x169e5df0671cf17967cb52abdc027379b124dad00e326c7a75be2b3c3ebf0e19, 2
      [11, 561]
 164, 0x3a15bb7e186b62749ebc731c93b77156e64cc0246386a6d395627b0e94845bc9, 2
      [12, 562]
      offset: 1
 165, 0x2effd21ef605ed787c9473e63a76f74581cc9a121568e3d2bee4b4c7bafc0d23, 2
      [13, 563]
      offset: 1
 166, 0x001077356ee5c5ae723ef4bb0e0df081812bdc339f62e611420a644b5f50f542, 2
      [14, 564]
      offset: 1
 167, 0x3388a1ecfd49da36fcc0a7541eee3cf680d11cb9d782351e330698d442ab82f1, 2
      [15, 565]
      offset: 1
 168, 0x1be40f5c79314d74956ea7afbe2906730b7a91bbafa9f4076e1474a595e9515b, 2
      [16, 566]
      offset: 1
 169, 0x3f21d9cf18850426783031f8192622b9ed05b70e2350ba189b732acc81b7f98b, 2
      [17, 567]
      offset: 1
 170, 0x3948c9e8b85406c6928c2028abe7853ecf2461354c0f6491d55f2de66291803d, 2
      [18, 568]
      offset: 1
 171, 0x26d60036473ed9e905068f001d22206171bfb4bb3fc935ed519e2ec972bef1d8, 2
      [22, 25]
 172, 0x157b61147c7728654e76e9c9f41555f26f6cab7cf24c22908c0f0ac090220fae, 2
      [23, 2729]
 173, 0x13285ba71d13d807aee4fb20ba219e79fdbdd955fc025ca083b99713998bc7ea, 2
      [26, 1647]
 174, 0x20e369b163d895d7f9b2160b37b80ab0748f940ffb8f29c5dda5c962dee28722, 2
      [31, 34]
 175, 0x1381f4d8bc2e0143beb2c8eacf0d2a7ee7a84a442f5ac6b432412bf50dd31110, 2
      [32, 3944]
 176, 0x3205abe9da4287faf7c242a767ca96fd5905aadaba5aa7b826ab92d1476c1f1e, 2
      [41, 5424]
 177, 0x1ee3dec345bc8d362cf80211e76e9cc0835718d67d3ddee9bda99d593736e0f1, 2
      [42, 5425]
      offset: 1
 178, 0x0fb6e10fe0a2ae28ffa3736d48bb82ea31d049b537039c309c8c2ead188dcb1f, 2
      [43, 5426]
      offset: 1
 179, 0x2eb886303629f2b0a23f2ddfe14774a88580b901410e116c322991401031c9a5, 2
      [44, 5427]
      offset: 1
 180, 0x376205e66ad9ca6827e818686cf0ea146a38096b70994409dd01e7f2f06cba32, 2
      [301, 7324]
 181, 0x14666a30fe598b578409c23c09caaa739fa85f3217cde51c29275b3ea9c83929, 2
      [302, 7325]
      offset: 1
 182, 0x31a484086db2ccbed74045e08f48a42bef95be0944644372e2674afcc982883f, 2
      [303, 7326]
      offset: 1
 183, 0x0870d367faac51ba7383b9aed67d08c3953ad36435ab77070048162bc978d79a, 2
      [304, 7327]
      offset: 1
 184, 0x130aa9d97829cb29e1bd9e50616175915a47c82f1b75b4cd56a507000555b174, 2
      [569, 9250]
 185, 0x3a71ae17c525dc68243fe4956bd1c14327adc54bcea9b5aa9230a2e6cdb18291, 2
      [570, 9251]
      offset: 1
 186, 0x07a6125c17060ec9ef7059315a2091c5ec994b1510f5e9420497813372e881ac, 2
      [571, 9252]
      offset: 1
 187, 0x3a7391b422e653d61971ed163f60697cfd7376973858e3bfbabeb69a9b8852f5, 2
      [578, 9259]
      offset: 7
 188, 0x30fac61531fda25c069330819ee548c34f743ac169627d94e5887bdb7c3fff55, 2
      [579, 9260]
      offset: 1
 189, 0x2b90d3f292e113fc412d5ed8e1d681beef0490a8b0210fe65f5bb2f5aeaf066a, 2
      [580, 9261]
      offset: 1
 190, 0x2d1f267f01a8ffcc5e3fb8aae96b619050547aff2dd6a729bde8b31721b3689d, 2
      [590, 9271]
      offset: 10
 191, 0x39adcdd4250ec050afbc282470875d5e00e238b9e1e3c78fd1489a7da3153152, 2
      [591, 9272]
      offset: 1
 192, 0x277d703f8eea2b9f95e3128ae792b94448a68240d4b7121760451a32ea21033e, 2
      [592, 9273]
      offset: 1
 193, 0x303f1ebb39dd1a60fd4a7c9a91b4806d045afb20b5e99e139aa0df9a1198ae70, 2
      [2797, 2799]
 194, 0x37f63658f34b296b2ff55357d9e5eae097388a3340dbdb72d734cc89cd13556c, 2
      [2798, 2800]
      offset: 1
 195, 0x10e474f198429228085b5f5dec904f236991d1c360d655d02cfc8913c1c9e0bf, 2
      [2959, 2961]
      offset: 161
 196, 0x0a9e9dee8ff72e4abedc1d08e1cf50e35eee2fc70820d273cc6461f8accaa7a1, 2
      [2960, 2962]
      offset: 1
 197, 0x18e43162128b9f68ea20d1e95bcdfcdf1fafd1d9e9c9fda651c8e52f38a13f65, 2
      [2968, 2970]
      offset: 8
 198, 0x28eb001fc6b67f0724d2fba41dfeffb488027e35b77b04de38b6d6ed75b82a49, 2
      [2969, 2971]
      offset: 1
 199, 0x03dcca1b7121de9a160c675278bbbd5060881ad138bf9d1874ac1c28b48bbb20, 2
      [2977, 2979]
      offset: 8
 200, 0x3a1461c0414e63f5bff8f81cf04c0001135ba6698f482f845f0677751ed1886b, 2
      [2978, 2980]
      offset: 1
 201, 0x1025269ba00c62e7ab7a85398bb65ab2bee73e6181e9b0fc6d46e19aad3dd41a, 2
      [3004, 3006]
      offset: 26
 202, 0x15168081bd8a40b6399e4d9f0dc649e68ec7151e3715902e5d7594640f13ea64, 2
      [3005, 3007]
      offset: 1
 203, 0x0dbd7e17888dcd911b874d3bcb780b783d6542d3cff2052c2128d8ec0c1665a9, 2
      [3013, 3015]
      offset: 8
 204, 0x0aa5223cb235bedc821b417bfa9ea2e6176452046e2fbaa2b63bc1ee5660061e, 2
      [3014, 3016]
      offset: 1
 205, 0x2c2fb7dea06fd57b25a9b737ee30658c0e02d3896e125980c5595de22192e579, 2
      [3022, 3024]
      offset: 8
 206, 0x0175eadde11507898b108faa188647deed7a0417133d804670dc84dbdff36eaa, 2
      [3023, 3025]
      offset: 1
 207, 0x2c50a254d5e28fec7b4b3910e6449dccac85b8640363d1b4dd12ac034539464a, 2
      [3031, 3033]
      offset: 8
 208, 0x15f17334b19d8239d3dff8461128eb11c0e7b64cdda8d0cbafb36e39d4985d98, 2
      [3032, 3034]
      offset: 1
 209, 0x1c16491b26e1ac0b0b07ce240b9e54f7b0f04f8e87b39fd48870f19bad270958, 2
      [3094, 3096]
      offset: 62
 210, 0x13b72d197a1dc54a6bb50f950418e55e6ee4795ef0bdf1398e32ab6fb39deeee, 2
      [3095, 3097]
      offset: 1
 211, 0x0f7f4e43ef64d2a20c254f44e24dab3b812e4171fcbd20ba9f92af287db83f59, 2
      [3121, 3123]
      offset: 26
 212, 0x004db7616c90676edddf8eceaa429338bbd248bd17e7051f42a472422f11a49a, 2
      [3122, 3124]
      offset: 1
 213, 0x099329eec01e085a139118d65cf7b7b3d4f3baf48b7257c8b515d40647eede82, 2
      [3130, 3132]
      offset: 8
 214, 0x0fecab246a7648260a28bd3170a7eee8151c5d243a911b04660959a5397a99b7, 2
      [3131, 3133]
      offset: 1
 215, 0x2f84a145060537642f03013c8678cffd1ded63ab639af83b0ade54eecb3484fa, 2
      [3166, 3168]
      offset: 35
 216, 0x21fbc099c1bd61093019884bbdc27b151b50dd0140835f1e007d5dd76ed583b6, 2
      [3167, 3169]
      offset: 1
 217, 0x3795579d4c2f94e0caa0ff48cdd7d6e7dadba5529787ec11f92c2d4428269ffb, 2
      [3211, 3213]
      offset: 44
 218, 0x1505f857e9bcf698ccd4a277e1b009e72f5f0b0130195cb9a0b7a10ace1c3e07, 2
      [3212, 3214]
      offset: 1
 219, 0x21997e7c4a4c937f6d9b3689a71fc2929a8c8905444349780ff31fd6c6691257, 2
      [3238, 3240]
      offset: 26
 220, 0x0cb8d226885beef930607b9fbc60b6f72aca4729dae918595bffc0b75c596ce7, 2
      [3239, 3241]
      offset: 1
 221, 0x04f99ed3e00795f5cebd1bf851e6a64f6e38b18d2c4db4b85335119d46300eac, 2
      [3247, 3249]
      offset: 8
 222, 0x114b65de2aacaee20c6e7f14b3f4f5e16fe9c1e4db2d865ca15a2fb8844831ee, 2
      [3248, 3250]
      offset: 1
 223, 0x12d14d55ee7c675d9a07da4be28e4ac087c167e5443520d4d19224923521e11b, 2
      [3355, 3357]
      offset: 107
 224, 0x3d418beeb3bb876470889458f445075f5c865a1b24329bbfd0d4b734871f092c, 2
      [3356, 3358]
      offset: 1
 225, 0x3387a5d9ff899cc7babf07c500489074182d70a42e90eb7fdf939c292aa524fb, 2
      [3391, 3393]
      offset: 35
 226, 0x3e444fec93859cd42f81b9e87749497a921feae841680e18b8521db7637fd04b, 2
      [3392, 3394]
      offset: 1
 227, 0x0c8b2e35dd94656105f99c84b8686b6a82b6f5e801ae4bb625b1f7688d4f58c2, 2
      [3445, 3447]
      offset: 53
 228, 0x2070869992842b1466327ada77bdc0ce3390953f528f1ce34c21fbf3fefc90be, 2
      [3446, 3448]
      offset: 1
 229, 0x3b52d187b9a8ec13afe04a254fad33000290b2dc0ca48dd9ecdeeb4bd6b8a975, 2
      [3454, 3456]
      offset: 8
 230, 0x05ff9039cd26a5523e213ac67c8bbc15c35b4edf34b81545149baf59caa13db1, 2
      [3455, 3457]
      offset: 1
 231, 0x3e9576160934dede91755807f183cde5cf03a8a7269d93257a6f0e714dd5718c, 2
      [3490, 3492]
      offset: 35
 232, 0x0e5e34ab092d51953788feb40e6ddbe715e2e28cae37c2979ee3aa820575b3fe, 2
      [3491, 3493]
      offset: 1
 233, 0x18d03cc0ce16d1c2588425e20dfacc908a5d19d1ff9d24455dfe63cec2b49280, 2
      [3499, 3501]
      offset: 8
 234, 0x28408e40c6baffb26728df1c4c6252fc4a67ff0c81074f72394fc654623af524, 2
      [3500, 3502]
      offset: 1
 235, 0x08041314725947d79066e805d579f3be2cf8d8094c0c66ee6640921274d72ec7, 2
      [3508, 3510]
      offset: 8
 236, 0x0b29f01712f3003cecd2b1d702310a458e0b7b3450fcd145552859bd60b3e219, 2
      [3509, 3511]
      offset: 1
 237, 0x24586eeb77d213850f1b7a1c810110c76893c5f32940e0842e07892e75ba5d10, 2
      [3517, 3519]
      offset: 8
 238, 0x0925cf0f976de013d225259980204b97fdb1fdc121d0952413dcd84a73c993d9, 2
      [3518, 3520]
      offset: 1
 239, 0x0b17b3af6c8c33c3930023debcd8455151ee5afeeac3f745d2fbbbf96b722acc, 2
      [3643, 3645]
      offset: 125
 240, 0x2b9219cc9ea0b6e3c1e91bda7aac75f82aa0090be187709bf9a6e10e3d9c9759, 2
      [3644, 3646]
      offset: 1
 241, 0x3fb7bc446f9596f222c1770869157986df108157b1de10c1e5aa4ff1e49a6164, 2
      [3733, 3735]
      offset: 89
 242, 0x2b411409b57309fb6718001b45632b47a0c73e4b5be738b3882780dfb5cee19d, 2
      [3734, 3736]
      offset: 1
 243, 0x13da4250426c7b1a50105e7fba51a5bcf280742ecf3d81db585d395fef030b6e, 2
      [3760, 3762]
      offset: 26
 244, 0x0aa28cb10b1e81c801f7cffca1d1484a6d57ae90d0b3a7d49dcd784b24f195ba, 2
      [3761, 3763]
      offset: 1
 245, 0x17a9a375d54fc0a5f7e3f20ecf79d14c2c516a667dca3bafc9c9e09efa05c9e2, 2
      [3814, 3816]
      offset: 53
 246, 0x270c3d3168105946b86a769cd61fbf86d29eabdc00d9b131df2e8fa50dc505c7, 2
      [3815, 3817]
      offset: 1
 247, 0x301c4b3429240dd2eef4dccf5923135b5701818333b5099d727caad23cb72a87, 2
      [3841, 3843]
      offset: 26
 248, 0x2ad5f239b51746df9b7c888fe2e2d3330a8b7d310c0e83de29012f901c64d3bd, 2
      [3842, 3844]
      offset: 1
 249, 0x10e7ab50d2f5785bbbed6ad1c851cd5368065b716ab691e78d0b93b3a4aa8534, 2
      [3850, 3852]
      offset: 8
 250, 0x08dddab04043df810a1c9376f7959f4953518fd73d9eb7534768846b32c6a427, 2
      [3851, 3853]
      offset: 1
 251, 0x2defaf2f6be53e5a35fa3b92b81650f47ed56d6fb6ecb7ea6b187eb575027c70, 2
      [3893, 3894]
 252, 0x393261e44e8f8e85166d483aa35c3cd430b4b1a3705e1e9c6f4ea7e2d63e8c6b, 2
      [3897, 3899]
 253, 0x15fc934796c3f6564a3e7152d797f8d64365f03b056a33f97bb83646db7b67f2, 2
      [3898, 3900]
      offset: 1
 254, 0x35759b421cf51e0f51ae0f13c628dbdd3eda300d5c5ff82fa55119d0fd267960, 2
      [3930, 3931]
 255, 0x224119d05b08110726a7ef429d2531ad1adc70cbe0d3d143750d52354cc7f9ab, 2
      [3934, 3936]
 256, 0x38ff5d72fbe50f45e235a75e981e1af666d7880c04b38f32b5a132306c1f1316, 2
      [3935, 3937]
      offset: 1
 257, 0x391515a0e9b4ec2b700abfdb04cceae0b94a0f7f0b102c3782118f7da9aa4318, 2
      [4012, 4014]
      offset: 77
 258, 0x390116ef2bc0e6d78625d97e82967440b790f85c540ff3daa286bf8bfa7b0fa8, 2
      [4013, 4015]
      offset: 1
 259, 0x2d62c276295e1149ea7c0dc31cdfbbcdff47c02e632e20543fed922aa37d53f1, 2
      [4174, 4176]
      offset: 161
 260, 0x05bb7a412a108655cc0ce3785211860deea8bd13ddaddb40bb14733e716ba949, 2
      [4175, 4177]
      offset: 1
 261, 0x1c7bfc782afbb7387d245f80f7f49604087b6bc5084df2aebcb346c976aea906, 2
      [4183, 4185]
      offset: 8
 262, 0x37e933f9bf4fb3fbda1988f6f3a68fbf3011fe1f342299f1000ff1012172f6ed, 2
      [4184, 4186]
      offset: 1
 263, 0x3c2d9ad37e073b4663126b2f6fc655725e8924d3dd8585cae11dd1ae9395cd63, 2
      [4192, 4194]
      offset: 8
 264, 0x047f005be0802e1a4e3b6673df0fdb716c1e6bca44d87e776691e295b8f901bd, 2
      [4193, 4195]
      offset: 1
 265, 0x00c718b65779a61fa6354e50bf39408aab1b04ef5114df31c277991052afc20f, 2
      [4219, 4221]
      offset: 26
 266, 0x079aecfd9e5b6def0a6199606550fa8c114662cc5b27e35605443ab3d7e1c4c8, 2
      [4220, 4222]
      offset: 1
 267, 0x3cb6154177e3185db6899f7df14f413295511b3d8c66ca136c8228f64ea6e740, 2
      [4228, 4230]
      offset: 8
 268, 0x16407aed1d6237aac45fca6fd7347a098d69a709b7414bc330ec9d5815d0b71f, 2
      [4229, 4231]
      offset: 1
 269, 0x2e6f1d102cf8ccab351bd284e73460c1c3649e46afb67e866ebdbdb4d95f7cc1, 2
      [4237, 4239]
      offset: 8
 270, 0x38ecce5bfe6a7017ea4d07fe1d42e5dcafa652cb19361af152a50b1a87de492e, 2
      [4238, 4240]
      offset: 1
 271, 0x076d0039e46e153f35006e99f6f4d85d5b96d708c6fa09d75ec643cab53cbf5a, 2
      [4246, 4248]
      offset: 8
 272, 0x38abcd3452cf4e25fbca5cfffc3385724b758dd912119ef00405f284f034095f, 2
      [4247, 4249]
      offset: 1
 273, 0x0f95509b5595dc077806c68c55d62d4d9445cc94982904e49aedf6cf3c37cddc, 2
      [4309, 4311]
      offset: 62
 274, 0x342aeb4309305519499c58094fe2dc19090ad9f5cf77d5fe1927cd872e117ee9, 2
      [4310, 4312]
      offset: 1
 275, 0x3ce74ff8d3b0d7e2ee280d415060c72664761a55c2da25451d928fedbb516fb5, 2
      [4336, 4338]
      offset: 26
 276, 0x2bcb44d1cdaacaf85fffbc7fc5089bb9b1f5e5e38df7e8b0752b7fad085d51bc, 2
      [4337, 4339]
      offset: 1
 277, 0x130f40d951ef449fefa2fdb1f9388710950c8fdd6b17f595c0dcc5b6bf547069, 2
      [4345, 4347]
      offset: 8
 278, 0x0913295a5c8b794ff7ed1918b5fed5b1f9009e6d259f4e05b774e64d061920cb, 2
      [4346, 4348]
      offset: 1
 279, 0x34998bde60e285e5804c4e591ec4d0543e19f6256eff9799353064a910af30a4, 2
      [4381, 4383]
      offset: 35
 280, 0x1ed47cdc25c561d90ab2d40b561af2adfa0ed3dfe9fa25f4e5ef20f616b80769, 2
      [4382, 4384]
      offset: 1
 281, 0x15b2014117f03ce4e4b74c485e23a1f00c5b27cec11fdd46e75f5b7669c81b2f, 2
      [4426, 4428]
      offset: 44
 282, 0x1be03f75cccf92cbc72e262f87b7613d98bd83c1908c35120ef1097a8a0a836b, 2
      [4427, 4429]
      offset: 1
 283, 0x27b8b4a6402d15cbdb0bd570718bc01d1c5176118689c78f287a499286699318, 2
      [4453, 4455]
      offset: 26
 284, 0x0e2d6d69f6402cb5cbcb72c3ad3c8fa07817fb7d04db0cff0a31496c29fcb98b, 2
      [4454, 4456]
      offset: 1
 285, 0x1a15a862526a80ed412c8f8e66312efe7cddaba81d37ac2770c8a6cd3c0cfa99, 2
      [4462, 4464]
      offset: 8
 286, 0x257e11ebf0aa26754f460e0549b85d8df2498361eb4359b7c7ae8cca98dfa8ea, 2
      [4463, 4465]
      offset: 1
 287, 0x1a210cc900d86ee39a164b5685f77b68bfe727e822db0d946b0e2dc0a65d006e, 2
      [4570, 4572]
      offset: 107
 288, 0x03942ad50e2b9d376b060da040a52fb8569c06aab784d0ddec00563fb79f0eed, 2
      [4571, 4573]
      offset: 1
 289, 0x2375e4bb096cbd7aa2335cec46b55a94edd5e2fa0bdac43b1086e44ab705d2a9, 2
      [4606, 4608]
      offset: 35
 290, 0x2a127cf55c32480ab3a530cd217687abd470bbe572f136671e3c2fb6be1b524b, 2
      [4607, 4609]
      offset: 1
 291, 0x0285365b5624fd1cdbfc7a6d348ddfae71a0d64f906a6323dfdef9fe56937bb3, 2
      [4660, 4662]
      offset: 53
 292, 0x2821301f7723377f2ad5251c4d2911becae8bcf83e79be0bdc978d9b6fe93b83, 2
      [4661, 4663]
      offset: 1
 293, 0x0fe129f4269b04d470bf96311cf25ff378e470fbab9453df59c64a5c584ff642, 2
      [4669, 4671]
      offset: 8
 294, 0x225ad92e3a04ff7c82a7410c92f53afac1b79c3b721860c089a0ef49d7a4039a, 2
      [4670, 4672]
      offset: 1
 295, 0x3fbc76b78f16bea36daa1924066203d3b2187833c7ebad4604ad5a2347a26b1a, 2
      [4705, 4707]
      offset: 35
 296, 0x336288e2ddbc2b0407a65b77256da207db2f30ba20f5230f668f75071bb30b81, 2
      [4706, 4708]
      offset: 1
 297, 0x102fcf6b36cfc198c110ca62f33363c31342298cd6e72984c19bffedf8bed1ae, 2
      [4714, 4716]
      offset: 8
 298, 0x27c08adbfac822a4d319fcf6b74a00309c6cc240c2ada22faf052b558043432d, 2
      [4715, 4717]
      offset: 1
 299, 0x3576bd84bfb994bda0b2b63aa684f9505b48d91a754f73aa95c0193d6fe1f31f, 2
      [4723, 4725]
      offset: 8
 300, 0x1366779c587fc5d9388b13f513cadf74243d8f576fb1fa0df8a43db9106c3f76, 2
      [4724, 4726]
      offset: 1
 301, 0x1f2bcafc5ee82d7760e982059c3d2518adb74a07a030e4385fe22f90e2a4538a, 2
      [4732, 4734]
      offset: 8
 302, 0x04ede0e28e0230551269705342d5dc1fd3e46b347ba073fb010c2e52e22bd407, 2
      [4733, 4735]
      offset: 1
 303, 0x373b798fe1707b0ccfcd2c318b08385a5b91f3f8039a5daf9e24c229f43af59c, 2
      [4858, 4860]
      offset: 125
 304, 0x32bb8ea5884a4b75170da4d25e103cde61a59da758a185d0e2f230e0685f2690, 2
      [4859, 4861]
      offset: 1
 305, 0x31a3ba92956e28967d562f9bfcdad455a1639d4f81d4691fd6087f3ef9ea8671, 2
      [4948, 4950]
      offset: 89
 306, 0x249281b1c85b7a5a83411bc70c714b83cdfb99dbe2562accbe74367d74771dc1, 2
      [4949, 4951]
      offset: 1
 307, 0x0057d6afaa7ec0a77f9622fad70ebff93c9ffec6634f323192ddd5f0fc160e80, 2
      [4975, 4977]
      offset: 26
 308, 0x3d67e6a033b69524f5a162ece0bda4aa3bd299816079b25d034aa184afc64ea8, 2
      [4976, 4978]
      offset: 1
 309, 0x0c3c99630b3a884b5ec8fec720b435ad4e3aa0a83d791bb989dd5b3c2b732d54, 2
      [5029, 5031]
      offset: 53
 310, 0x35f76b662d83a60ccd63be9982fea9d143c8fe82c2649bf943990c4cc58bb05e, 2
      [5030, 5032]
      offset: 1
 311, 0x38a8c599c899871ffb9abd487d41f1394d594b14a6bc39aab8ebc536f2b5895d, 2
      [5056, 5058]
      offset: 26
 312, 0x1995d876f24ca675f6d2720e6b9e05ff59f961e6cea3b2706b51c9059d91f8d1, 2
      [5057, 5059]
      offset: 1
 313, 0x32576d99f6a946f9376593a2a6f91d2e846455e042e2b789f7b30a82dde9b866, 2
      [5065, 5067]
      offset: 8
 314, 0x028d0ccf52e50d60dcbbad0eeff170478f090ae89f97c5a38339bd3c19d9b337, 2
      [5066, 5068]
      offset: 1
 315, 0x28033b213f2074cfc98f6826805b4e6ffedf596acd963b834cb1eb89b41a4abc, 2
      [5108, 5109]
 316, 0x291191eb1b71581cd1cfc7c3dc41492eb113576057f91bc59c81f06995fc9802, 2
      [5112, 5114]
 317, 0x2f835d2ee948be3e6de47e21666bdc367255026440edbae16e86f8c6f7313dee, 2
      [5113, 5115]
      offset: 1
 318, 0x232420554fb4be14f5acb850c3cd24913d66e7b5fb69180aa9b5916a30beded0, 2
      [5145, 5146]
 319, 0x35f8f8d700bd9f0b39210779c8e7b08ed07ddc84a183d44b5d95f2ab5cd1df32, 2
      [5149, 5151]
 320, 0x0af2717d6f4b477b785669b4e87b4e18bb044457704cac413ca7acc6dea30436, 2
      [5150, 5152]
      offset: 1
 321, 0x2663a32fe90ccc4dce51babe679ddd72739fc4ff1ec80f9c4acbaf5792f2cc72, 2
      [5159, 9231]
 322, 0x3506415bdf6664cd2c8977fe9d87b7222b565e2f78dd6b5f71fbdc2a4bbdf2bd, 2
      [7256, 9156]
