scalars length: 10349
freq>1000 (count, total, %):          1,       2255,      21.79%
freq>500  (count, total, %):          1,       2255,      21.79%
freq>100  (count, total, %):          1,       2255,      21.79%
freq>20   (count, total, %):        102,       5243,      50.66%

top values:
   0, 0x0000000000000000000000000000000000000000000000000000000000000000, 2255
      [2, 6, 7, 14, 18, 19, 20, 85, 128, 150, 215, 274, 275, 276, 277, 278, 279, 280, 281, 346]
   1, 0x0626383c9ddc168d9de5ce77bea995ef010b59d5fbad32ee28b3dd61be044bd9, 51
      [0, 8, 15, 38, 156, 289, 341, 348, 1450, 1485, 1631, 2709, 5081, 5084, 5112, 5120, 5123, 5151, 5155, 5435]
   2, 0x320833a35ccbf1832f587f12cdfff694c932323c30d71811bace773fcfe781fe, 48
      [90, 115, 116, 125, 177, 218, 247, 259, 334, 410, 426, 495, 1384, 1429, 1435, 1488, 1504, 2429, 5487, 5512]
   3, 0x309b8d7b7fb2b646188ec06e4f9b5c1af6770a73561d429bd9de6dea150a5b9b, 46
      [47, 66, 77, 129, 197, 256, 439, 446, 524, 1351, 1373, 1409, 1575, 1602, 2428, 2467, 5444, 5463, 5474, 5526]
   4, 0x0e3a8b9e64fa27bceb3e3b28676dc95018f20023e4f44345e5d912c59f939352, 44
      [34, 145, 146, 205, 249, 373, 1358, 1402, 1426, 1460, 1461, 1509, 1615, 2455, 2485, 2573, 2653, 2698, 5166, 5202]
   5, 0x38d97ff60ac3e975d61aa6b7f8c2df0cf66d09de7cf061d5197c7acefd8dd270, 44
      [39, 49, 131, 134, 152, 345, 347, 408, 456, 1454, 1476, 1480, 1600, 1610, 2413, 2638, 5436, 5446, 5528, 5531]
   6, 0x247ad8bd935a73bb834efa1107326caca3bf1f33b9bfd59e72d490fb283ddf81, 44
      [52, 63, 105, 139, 161, 263, 350, 1344, 1364, 1469, 1537, 1597, 2430, 2512, 2701, 5163, 5449, 5460, 5502, 5536]
   7, 0x3535543ad2171e1b7db604b1a0efe0e7ca5385dd204ac2e39e7b93bef47f4d03, 42
      [171, 173, 221, 223, 369, 1348, 1360, 1386, 1389, 1433, 1503, 1540, 1548, 2425, 2540, 2681, 2705, 5159, 5183, 5280]
   8, 0x01f3fd33cb8c53fe846a6c487d30a6adb6cb2d3b4cd7d34f134a0a512133cacf, 39
      [60, 103, 344, 365, 388, 438, 1380, 1521, 1583, 2649, 2654, 5201, 5204, 5457, 5500, 5761, 5770, 6197, 6258, 6333]
   9, 0x00678bb68014a5464babe2140fdb958b899c4ecf1b5820a8af3352c442a4705e, 39
      [184, 195, 224, 308, 323, 460, 463, 1383, 1411, 1422, 1562, 2440, 2604, 2611, 5235, 5581, 5592, 5621, 5704, 6278]
  10, 0x2212414b1e1d875dc26be0e88f5c96718413b04c2bc189ca71a91c9518e09de1, 38
      [41, 212, 381, 384, 399, 477, 496, 517, 1375, 1387, 1394, 1579, 1601, 2546, 2585, 2707, 5157, 5249, 5275, 5438]
  11, 0x2ca6848bbefe1b301eed1d116a7074bda99cbd1f969f4421749c41f7271dbf8a, 38
      [43, 67, 95, 99, 235, 356, 498, 1508, 1525, 1534, 1574, 2471, 2498, 2682, 2690, 5174, 5182, 5440, 5464, 5492]
  12, 0x365a3a019d7a278d6ac8acd1fe695c7e6de6157a367254e1535ef887906a3716, 38
      [136, 284, 317, 339, 487, 533, 1472, 1594, 2569, 2703, 5161, 5259, 5533, 5769, 6191, 6226, 6289, 6351, 6564, 7008]
  13, 0x2528b3609b5bde6b665a85c9dfc8d4711c597e7062b5737c90642b32dfb20f2c, 38
      [185, 386, 514, 1421, 2563, 2586, 2616, 2642, 5209, 5228, 5248, 5263, 5582, 5725, 5730, 5751, 6252, 6380, 6528, 7005]
  14, 0x09585b36f841f724fb8dcae721775718738121ae4edff56d4e913b0cb0ae6e42, 37
      [118, 178, 193, 222, 304, 506, 522, 1385, 1413, 1501, 1607, 1627, 2432, 2466, 2506, 5515, 5575, 5590, 5619, 5800]
  15, 0x0d5f1045cbe8b3c69053d830f94813f2b7e28047631e9d5a369533b52e4f0ca9, 36
      [40, 46, 379, 412, 421, 499, 1603, 1609, 2433, 2587, 2711, 5153, 5247, 5437, 5443, 5764, 5775, 6243, 6345, 6353]
  16, 0x253f61e29368b3f610c96687624c80c4853503ed1b35349c555639143d7868e6, 36
      [45, 48, 64, 220, 232, 353, 457, 471, 530, 1604, 1608, 2564, 5262, 5442, 5445, 5461, 5617, 5629, 6418, 7201]
  17, 0x3613eb15158d6223d369032d35ae8a457ee8050ca8d4d7abe502b1141b9a77c9, 36
      [72, 87, 305, 416, 444, 1510, 1551, 2420, 2478, 2516, 2571, 2636, 5213, 5257, 5469, 5484, 5720, 6485, 6517, 6524]
  18, 0x32ccbcc85cda31bdbcd2eb89291a0aacaaa816f5924c770f9d501f58e5220b63, 35
      [31, 112, 144, 153, 327, 336, 447, 449, 1372, 1453, 1462, 1606, 1618, 2422, 2459, 5428, 5509, 5541, 5550, 6407]
  19, 0x2eb274b93b8b6fa378669905f55e957f50f03232cc427cdf879d5713bf91b75f, 35
      [44, 121, 143, 154, 183, 395, 430, 1423, 1463, 1492, 1605, 2491, 5441, 5518, 5540, 5551, 5580, 5712, 5787, 6313]
  20, 0x1599e73eac9516e4531722f67bd6a2e46453805f833d4db6def0025560fbdf61, 35
      [50, 176, 200, 242, 404, 427, 454, 1406, 2462, 2537, 2680, 5184, 5447, 5573, 5597, 5639, 6369, 6480, 6548, 7195]
  21, 0x3a8cda8a9ff6ecc47646b5be750cb2b4b4aa0d04db026ca7804aec8f378e742c, 35
      [61, 81, 94, 158, 335, 394, 1369, 1535, 1553, 2453, 2496, 5458, 5478, 5491, 5555, 5695, 5739, 5742, 5745, 6232]
  22, 0x28f3c8331dc3fe5c262caca24690951bd981272bebed6a9a0e1ccc764431dbe4, 35
      [88, 140, 159, 198, 266, 425, 1341, 1408, 1431, 1447, 1467, 1544, 2630, 2641, 5210, 5216, 5485, 5537, 5556, 5595]
  23, 0x210cc15990ebeebf054b5d9aeba92a8e3e710c6276a51cd6286a450c96542bd0, 33
      [79, 141, 443, 486, 1466, 1557, 2450, 2557, 5476, 5538, 5722, 6231, 6262, 6329, 6343, 6468, 6473, 7056, 7063, 7084]
  24, 0x1167ac35da455455399bc0c73a5db3a31a1353c4d467ee17c9862f44c42b5e57, 33
      [111, 180, 204, 464, 504, 519, 1401, 2515, 2689, 5175, 5508, 5577, 5601, 5692, 5784, 6201, 6390, 7031, 7049, 7133]
  25, 0x14cb3551dc98ceffadc2058b9149dec24d9eadb14247c48c980b7dc3e606bab1, 33
      [202, 230, 260, 296, 310, 330, 340, 468, 503, 513, 1347, 2490, 5599, 5627, 5657, 7343, 7357, 7377, 7387, 7515]
  26, 0x0d925d48ae8c31c6bb53fbd256ab60be96c7873fdad65a208a2a277075bbf9e1, 32
      [27, 211, 251, 268, 331, 488, 1356, 1366, 1395, 1622, 2644, 2694, 5170, 5208, 5424, 5608, 5648, 5665, 5767, 6446]
  27, 0x3946b7f9dc6c0375d4e7d52ed07273cb76793f06372037368a907c75cdced908, 32
      [69, 149, 396, 485, 510, 1432, 1456, 1571, 2436, 2531, 2621, 2651, 5224, 5466, 5546, 5709, 6368, 6476, 7059, 7114]
  28, 0x24d7d62c13540eafc51d84735270eb38fb98b51dffdd13f3a622e64ffad3f888, 32
      [70, 165, 262, 370, 422, 497, 1370, 1441, 2418, 2424, 2539, 2688, 5176, 5281, 5467, 5562, 5659, 5792, 6230, 7048]
  29, 0x1532c1085cad7445f96de79fa125744dd73afc805d9fe535473ed08828ab2b0f, 32
      [71, 179, 316, 1359, 1446, 1506, 1567, 2469, 2510, 2521, 2591, 2599, 5238, 5244, 5468, 5576, 5756, 6328, 6477, 6522]
  30, 0x39410bac8ad88ebc21c688cc089e7498800958ad9848827dc8afcd93403242ce, 32
      [83, 110, 254, 338, 367, 374, 418, 458, 1353, 1545, 1566, 5480, 5507, 5651, 5732, 6472, 7135, 7150, 7171, 7238]
  31, 0x14c632eef77e1b009e778ebb016c07ebdc4a3979de88acdf55db3c9817f4634d, 32
      [119, 151, 164, 303, 332, 363, 2524, 5516, 5548, 5561, 5747, 5786, 6266, 6498, 6549, 6594, 7125, 7130, 7217, 7350]
  32, 0x1af16d8e7a74e58d4ba7d4034ff374b14eaa07873df4f77ac0bf5b25a40b068a, 32
      [191, 511, 1377, 1404, 1415, 2452, 2640, 5211, 5588, 5687, 5707, 5753, 6423, 6490, 6512, 7044, 7558, 8146, 8315, 8336]
  33, 0x20cc1eba5a929e0f210d0058eac2578845e2e24d87df54597beeac7baf2102bd, 32
      [267, 354, 355, 448, 2446, 2492, 2580, 2592, 2614, 5243, 5664, 5757, 6240, 6285, 6395, 6425, 6483, 6554, 6600, 7082]
  34, 0x21744d101100940550f73faefb84c019c80d5b3191fd3d7ed79d97d0d8f89c2e, 31
      [24, 155, 287, 288, 455, 1397, 1451, 2536, 2555, 2606, 5233, 5268, 5421, 5552, 5721, 5731, 6235, 6420, 7030, 7073]
  35, 0x39875a9912c55425b9263270d15946d16f07691b25e5ffb3370c1506b502021b, 31
      [35, 54, 56, 172, 459, 480, 1434, 1590, 1614, 2553, 2589, 2693, 5171, 5245, 5270, 5432, 5451, 5453, 5569, 7014]
  36, 0x1d9efe22e5477176d2af7aba17d26d3544c18eac986ba98798418ffc8a8937b8, 31
      [53, 73, 74, 1340, 1563, 1565, 1587, 1595, 2568, 2629, 5218, 5260, 5450, 5470, 5471, 5693, 5713, 6283, 6523, 7040]
  37, 0x152dbea57792c046ea2370cf11479d7765e68848f9e0cd88050e8f5c5a98d3ab, 31
      [100, 127, 203, 417, 1391, 1486, 1547, 1554, 2620, 5225, 5497, 5524, 5600, 5776, 6199, 6382, 6431, 6547, 6575, 7095]
  38, 0x2a398543b121e502d588e674b6006d101b2e2a3a9a14e7e3ec551b98a39dbafc, 31
      [124, 194, 372, 414, 1390, 1489, 1519, 2414, 2484, 5521, 5591, 6250, 6298, 6341, 6555, 6591, 7200, 7234, 7419, 7461]
  39, 0x172658bbf80cc59c8bd5ad2ae92bb40691825ecbb4bd005d4306b9e23f8b39d2, 30
      [30, 291, 420, 474, 1619, 2529, 2672, 2674, 5187, 5189, 5427, 5752, 6241, 6367, 6508, 7160, 7184, 7338, 7467, 7521]
  40, 0x12009e0e024793ae9bc5eb303e57b32464c534a80a6d22b6216172dd360108a6, 30
      [33, 80, 84, 216, 300, 352, 377, 534, 1403, 1524, 1616, 2666, 2669, 5192, 5430, 5477, 5481, 5613, 6192, 6253]
  41, 0x2133aa70daa743556cb8e26cfa9ded13cf7f311ca33775022b21ff3ff1c5731b, 30
      [76, 380, 419, 490, 2570, 2593, 2600, 2673, 5188, 5237, 5242, 5258, 5473, 5703, 5705, 6371, 7087, 7227, 7427, 7466]
  42, 0x10bf7de023d75e5f09b18171299b4b1197e8dae0ca4a04f26dd743ef9a53c4e6, 29
      [21, 241, 294, 314, 389, 1339, 1628, 2456, 5418, 5638, 5716, 5736, 5748, 6248, 6269, 6275, 7058, 7341, 7361, 7436]
  43, 0x06ce6692544a0c83cdd00dcdcf6bfe808335d2ba05cb1c138462c8b6e7dbe54a, 29
      [28, 181, 297, 481, 1481, 5425, 5578, 6205, 6215, 6216, 6432, 6576, 6581, 7023, 7140, 7154, 7344, 7528, 7641, 7648]
  44, 0x16787e18f00b5aeca8ca217210954c4218e7ff8f0bc7627f25771faa88170a27, 29
      [36, 273, 360, 423, 1334, 1438, 1465, 1623, 2550, 2556, 2574, 2618, 5226, 5254, 5267, 5272, 5433, 5670, 6257, 6550]
  45, 0x00a82e55b66df5f62fea3f5610c26891822a78e40a1de9255baeeb5529d79971, 29
      [82, 130, 293, 442, 1425, 1552, 1621, 2444, 2596, 5240, 5479, 5527, 5789, 6214, 6268, 6424, 7019, 7144, 7203, 7340]
  46, 0x2aa110fa31368a492134c888c5dc029ba4ca7909b56d088c9b886e5ce6422b5a, 29
      [93, 243, 383, 407, 1445, 1517, 1580, 2696, 5168, 5490, 5640, 5782, 6292, 6352, 6492, 7010, 7113, 7196, 7430, 7454]
  47, 0x1dc190b76fc677315836cf3fd7a4e077f7f1c53de74b63f7711e224ff60cb888, 29
      [96, 137, 231, 349, 400, 461, 478, 2507, 2605, 5234, 5493, 5534, 5628, 6193, 6478, 6489, 7190, 7396, 7447, 7508]
  48, 0x1637db79b9b20a3cc48bc4300fae793c2059d57a1d019a0278fb8719a0e3e114, 29
      [148, 233, 451, 482, 1374, 1419, 1457, 1585, 1612, 2501, 2576, 2692, 2710, 5154, 5172, 5252, 5545, 5630, 7035, 7036]
  49, 0x026025cd008eaa9bed5e1e6fe7bfac1ab5382551d634537ded2b7d4a2796d685, 29
      [169, 206, 253, 401, 437, 493, 1437, 2530, 5566, 5603, 5650, 5717, 6565, 7197, 7220, 7448, 7484, 7540, 7665, 7682]
  50, 0x16e009cf70200032f47603862070e1cda2844e5e271f8327d4aa726ecabb7a85, 28
      [23, 313, 1626, 2538, 2575, 2588, 2623, 2659, 2685, 5179, 5197, 5222, 5246, 5253, 5420, 5733, 5738, 6301, 6494, 6596]
  51, 0x34d2cae7371d2cd44154996e20f22232b20bab4568b1b9e8317882267fed3409, 28
      [98, 1526, 1620, 2451, 2650, 5203, 5495, 6207, 6260, 6307, 6507, 7027, 7086, 7108, 7162, 7192, 7222, 7685, 7706, 7710]
  52, 0x1205a070e76247adab106200ce3589fad619a8df6e2c3a636391b4090413600a, 28
      [113, 160, 248, 283, 1427, 2477, 5510, 5557, 5645, 5763, 5794, 6261, 6373, 6384, 6416, 7034, 7070, 7330, 8198, 8258]
  53, 0x0473432838d615e6efbc662e778a293c3f52219f9355e042d9678c988e576629, 28
      [201, 250, 328, 1343, 1357, 1477, 1568, 2534, 2645, 5207, 5598, 5647, 6479, 6592, 7189, 7212, 7215, 7375, 7628, 8213]
  54, 0x2d66a5db266d119b23e66c1388f057631c4f7ddb898892b5d0023817c8358601, 28
      [217, 255, 325, 489, 1352, 1412, 2431, 2472, 5614, 5652, 5785, 6242, 6359, 6403, 6573, 7188, 7372, 7536, 7660, 8149]
  55, 0x3db9fb221542195cc4a43b5d47fc9d07b5cb60a5ca76177963f8090e5c263f31, 28
      [238, 318, 467, 475, 1448, 1582, 2499, 2548, 5274, 5635, 5710, 5741, 6244, 7119, 7365, 7514, 7522, 7603, 7643, 7645]
  56, 0x126cc6a73749ea4c04b99d57a8e6b89163322cbe93c9a2e4fb42e5d63c64145c, 28
      [286, 295, 1365, 1430, 1599, 2439, 2522, 2683, 5181, 5688, 5734, 6224, 6272, 6364, 6413, 6538, 6562, 7026, 7032, 7174]
  57, 0x119912578232ee68501a091c2e7c1d98db28e5d8ef15020d722e2018f35c9848, 28
      [292, 424, 1332, 1442, 1455, 1500, 2708, 5156, 5755, 5760, 6249, 6263, 6503, 6543, 6589, 7081, 7124, 7186, 7339, 7471]
  58, 0x1100207f5a30af0eedefdeb32a821e17907704f5b90fcd6f1a52dc808186edf9, 28
      [376, 385, 398, 2435, 2502, 2622, 2678, 5185, 5223, 5783, 6198, 6202, 6393, 7053, 7098, 7115, 7118, 7423, 7432, 7445]
  59, 0x018c717d4b77aeb838be8a346d5511222d2ede6c317fb2a66416b78cde8f5a71, 28
      [453, 520, 1515, 2695, 5169, 5737, 6209, 6386, 6405, 6504, 6546, 6566, 7009, 7067, 7085, 7219, 7245, 7500, 7567, 7708]
  60, 0x06d368f53964c082dd1a849e5f49d556f48a46f1698a33c0c69309e2b5ee3cae, 27
      [51, 244, 361, 393, 435, 2415, 2468, 2508, 2533, 5448, 5641, 5759, 6320, 6385, 6421, 7079, 7408, 7440, 7482, 7673]
  61, 0x0b05a3fe0bb48311f695e6cda0c2c4983eca738c185f935fdbfcdcf352bebdb8, 27
      [55, 102, 104, 472, 1518, 1522, 1591, 2419, 2665, 5193, 5452, 5499, 5501, 6246, 6374, 6434, 6511, 7020, 7097, 7128]
  62, 0x3d3a6b1f0ac978adfd4e5c753cebab38aac1942a35791eb457cd21661e0ca55a, 27
      [75, 166, 324, 1440, 2463, 2607, 5232, 5472, 5563, 5684, 5762, 6378, 7057, 7159, 7164, 7371, 8104, 8215, 8333, 8468]
  63, 0x11270996a3ec03a5555d63853976e09d218529afe5a2259b1d0a96b3dcf83544, 27
      [78, 109, 364, 479, 1502, 1512, 1584, 2526, 2559, 2610, 2697, 5167, 5229, 5266, 5475, 5506, 5791, 6299, 6519, 7411]
  64, 0x21fb92c92610b1d317fd002b0cd8ea1e1b382acf7341c8aaacb70eb3bb1a4427, 27
      [114, 306, 431, 432, 441, 470, 1505, 2628, 5219, 5511, 6317, 6347, 7353, 7478, 7479, 7488, 7517, 8203, 8204, 8212]
  65, 0x04df6bc16dd86c8458b01855e2192ea93dbf19b61cb26071b348ff9194ba71df, 27
      [120, 236, 271, 320, 1336, 1371, 1493, 2583, 5251, 5517, 5633, 5668, 6217, 6357, 6584, 7061, 7106, 7213, 7367, 8334]
  66, 0x066bdd3eb9501b3c916ea28a4f6e3fcb6aedf8224e321318175fb71e7349cc50, 27
      [167, 188, 239, 516, 1368, 1439, 2497, 5564, 5585, 5636, 6318, 6350, 6399, 6408, 6539, 7094, 7202, 7563, 7692, 7700]
  67, 0x0692c656030b6fd2f8dc275c5e630250fbfc1cdc7ac46b441a177151cebb139b, 27
      [213, 265, 282, 491, 1342, 1399, 2646, 5206, 5610, 5662, 5706, 6388, 6493, 6556, 7039, 7183, 7244, 7329, 7538, 7649]
  68, 0x3898dd56d46a98c5f1dc4975f7dc0c06fddedfc98e2a99586d00e23e165aa95d, 26
      [123, 162, 182, 326, 1361, 1424, 1444, 5520, 5559, 5579, 5771, 6497, 6510, 6569, 7179, 7373, 7631, 7657, 8187, 8409]
  69, 0x361997626720d6dd868a4f8ffd8289787557eb6547ac8c64a6e35ff6a9370e03, 26
      [147, 174, 311, 409, 1458, 2527, 2560, 2601, 5236, 5265, 5544, 5571, 5711, 6288, 6361, 6994, 7033, 7037, 7126, 7204]
  70, 0x1e472c789bb5676d0299ba102894d5c6c6ec0790a28992acf3f07b51b460d129, 26
      [209, 210, 1396, 1625, 2686, 2691, 5173, 5178, 5606, 5607, 5694, 6338, 6387, 6487, 6506, 6540, 7077, 8250, 8252, 8492]
  71, 0x0219d6e078a1e53255fe74cb1f04d9e1c63a14e44896d6487ecf35d6b2c71738, 26
      [219, 226, 509, 1388, 2549, 2552, 2658, 5198, 5271, 5273, 5616, 5623, 5681, 6239, 6383, 6597, 6598, 6599, 7122, 7556]
  72, 0x21940712a5fc0c8ccc511e16fcfd5492919bdc0057e9a801fd83bbef7875d3c9, 26
      [378, 518, 521, 2442, 2584, 5250, 5719, 6220, 6527, 7074, 7102, 7105, 7111, 7185, 7425, 7565, 7568, 8262, 8357, 8401]
  73, 0x1ddfa0c21ba0c226b6edd7fc18b9403b3d4fb8c18731720444bd288d71bc60cb, 25
      [68, 91, 494, 1539, 1573, 2473, 5465, 5488, 6236, 6363, 7017, 7103, 7541, 7614, 7654, 8148, 8176, 8482, 8976, 9029]
  74, 0x0cae1a2119827904b27fb0f3fa18b82debc321b7b374909f81c25b38c10438e1, 25
      [92, 101, 269, 321, 466, 525, 1338, 1523, 1538, 5489, 5498, 5666, 6255, 7167, 7368, 7513, 7572, 7703, 8141, 8302]
  75, 0x0a00898caeafed1b2b780a3d3239bfa9f5ab9a9258fdde92aa402661da8607b3, 25
      [272, 391, 1335, 1363, 1598, 2460, 2495, 2518, 2656, 5200, 5669, 5790, 6365, 6469, 7138, 7438, 8229, 8248, 8403, 8500]
  76, 0x19a59eb065568784f727a710e38536951a09532ffb3b0d5109243c29acaed52c, 24
      [26, 142, 168, 406, 1613, 2517, 2528, 2541, 5279, 5423, 5539, 5565, 5758, 6297, 6356, 6514, 6578, 7453, 8205, 8272]
  77, 0x1964fc112efd36d512e949cee29e638f217b291b0c7544d45ca8a398c57bac19, 24
      [37, 58, 187, 5434, 5455, 5584, 6210, 6335, 6428, 6570, 6582, 7100, 7178, 7606, 7701, 8116, 8178, 8270, 8280, 8342]
  78, 0x2ef3175871e4c0535ca4f647f6456885497e5c47bb08455c3418efa4a6c4e072, 24
      [199, 531, 1331, 1407, 1436, 2532, 2572, 5256, 5596, 7208, 7223, 7230, 7578, 7642, 8108, 8124, 8327, 8348, 8389, 8446]
  79, 0x0998fdd62e9b47d4dfcc2829225e2a1e6c0f4bc33da5bde9fb0cd39d97e19755, 24
      [261, 469, 526, 528, 1346, 1418, 2416, 2635, 2637, 2668, 5190, 5212, 5214, 5658, 5788, 7069, 7516, 7573, 7575, 7632]
  80, 0x1a0d2a66e56b2ccb42d38924f360cc20a3a5a1ff16932df9b8578eedef53458a, 24
      [301, 319, 465, 5679, 5715, 5781, 6270, 6501, 7013, 7051, 7177, 7221, 7348, 7366, 7512, 8337, 8425, 8431, 8909, 9021]
  81, 0x32653111dcc58c7771270975193e7521210bc82676f45666ee1ccc94a27d9b05, 23
      [32, 108, 405, 1513, 1617, 2426, 2445, 2461, 2479, 2482, 5429, 5505, 6586, 7055, 7136, 7452, 7621, 7659, 8119, 8464]
  82, 0x305aeadc495965963450632c4eb48914fde8e05e67577a1f2d62d5592dd73288, 23
      [57, 190, 258, 298, 1349, 1416, 2662, 5196, 5454, 5587, 5655, 5680, 5683, 5726, 6291, 6398, 7025, 7345, 8261, 8345]
  83, 0x2afe0e68b130253d630352eb111a8127fca40ef3fb8a46e1ced6c3b1b8d84461, 23
      [62, 237, 434, 1345, 1570, 1581, 2519, 5459, 5634, 5701, 5766, 6271, 6294, 6321, 7016, 7481, 8221, 8456, 8465, 9072]
  84, 0x0993fb73498093d5d081b15892805347fabad78bd9e6a63cb8dc9271c9cf3ff1, 23
      [65, 157, 343, 366, 492, 1491, 1576, 2663, 5195, 5462, 5554, 6195, 6284, 6334, 6401, 7390, 7413, 7539, 8466, 9045]
  85, 0x2585b0cf1b55795fa829102c2b0752fd7433145aa8d2b1d1c3b28087b2482833, 23
      [97, 322, 362, 368, 1527, 2417, 2465, 2511, 5494, 6287, 6308, 6344, 6389, 7038, 7043, 7369, 7409, 7415, 8325, 9049]
  86, 0x04b99214c0c2db50871c0fd34044fb752e50320d20f35d7847c3d40c03272576, 23
      [107, 189, 337, 413, 1417, 2447, 2481, 2493, 5504, 5586, 5723, 6310, 6312, 6580, 6595, 7137, 7141, 7384, 7460, 8134]
  87, 0x169f673039c6af831037a6441f8a0ec7a9f624493859baab282ed9dde3885172, 23
      [214, 257, 403, 1350, 2475, 5611, 5654, 6194, 6213, 6496, 6521, 7182, 7239, 7450, 8144, 8167, 8190, 8291, 8296, 8941]
  88, 0x288c3c7c9daf5915da80ca8e36b4ff904fe4d85cd09549f15ee979b2018d6b86, 23
      [307, 342, 1452, 2480, 2565, 2700, 5164, 5261, 5746, 6204, 6208, 6227, 6495, 7165, 7354, 7389, 7646, 8284, 8396, 8411]
  89, 0x3effb832a8a000037400752fb76c74fbf77863b4789d94c342305830bb921e49, 22
      [25, 351, 1624, 2520, 2595, 5241, 5422, 5796, 6218, 6277, 6372, 6474, 7143, 7398, 7622, 8186, 8346, 8388, 8490, 9040]
  90, 0x3af90323d4f94361df3a67e5df9bb821b317051b645eecd65a2c5f883df17fe2, 22
      [29, 390, 397, 2687, 5177, 5426, 5686, 5799, 7101, 7437, 7444, 7688, 8111, 8174, 8237, 8290, 8354, 8949, 8956, 8963]
  91, 0x0df9e8ff2ea0d70d06ffdde66686f64a2063d60ef62e7ac9395d7a34b8606a3f, 22
      [59, 117, 192, 312, 527, 1414, 1558, 2648, 5205, 5456, 5514, 5589, 5682, 6379, 6381, 7359, 7574, 8200, 8230, 10130]
  92, 0x36c1c5b81d8eccd3b6748ee60e44f209f782644951ca758a02924b4bd30ea774, 22
      [89, 234, 245, 309, 1362, 1482, 1541, 1559, 2578, 2706, 5158, 5486, 5631, 5642, 5793, 6326, 6410, 7324, 7356, 7674]
  93, 0x320d360641e6a5823ea2f5e35dddcd6b3a86a67394962fbefcfeb86b9df9d962, 22
      [138, 1382, 1470, 5535, 5690, 5772, 5797, 6339, 6358, 6509, 6551, 7007, 7018, 7169, 7717, 8110, 8236, 8278, 8488, 9113]
  94, 0x34cdc884520278d5320a229d91144b5c40b7370e04f2a23aef4840fab1dadca5, 22
      [163, 270, 1592, 2488, 5560, 5667, 5778, 5780, 6486, 7004, 7600, 7623, 8145, 8158, 8423, 9036, 9077, 10099, 10138, 10210]
  95, 0x09bfe6ed78569c6b4739acfb3152eca3fd1d707d6a381615fdc48dd0f352dea0, 22
      [186, 196, 207, 436, 462, 1393, 1410, 1420, 5583, 5593, 5604, 5718, 6221, 6309, 6567, 7214, 7483, 7509, 7616, 9053]
  96, 0x02c7b18380a34fe2390a0083f79b41a63ed47420f18c74269c5ed00e6a3b46e3, 22
      [359, 1546, 2543, 5278, 5685, 6491, 7042, 7050, 7093, 7116, 7120, 7406, 7591, 8169, 8188, 8207, 8471, 8975, 9092, 9103]
  97, 0x1c99e3b18842db8007919e29a9496846fba2b5b2d909f4ba6684d96b125081b3, 22
      [445, 452, 1367, 2437, 2544, 5277, 6206, 6314, 6505, 7041, 7492, 7499, 7590, 7650, 7672, 7675, 8106, 8259, 8320, 8952]
  98, 0x3900690d547f3e0c3d882b8a07b7a192877b2e98a982ba011c34350258ff19bb, 21
      [106, 229, 358, 1516, 2500, 2504, 5503, 5626, 6222, 6311, 6404, 6441, 6993, 7132, 7152, 7405, 7689, 8281, 8930, 10245]
  99, 0x356bbcbf5f1f6c2da37ec3d724ec21b3fcbd8c289eb6ee868953c5bef1c2de58, 21
      [246, 302, 1490, 1495, 2454, 2470, 2664, 5194, 5643, 6281, 6296, 6360, 6482, 7121, 7235, 7349, 8226, 8316, 9075, 9079]
 100, 0x1e0689d9655c16bd1e5b5cce27ae02c0ce5ddd7bb3c3ca304774e2c0cd2da816, 21
      [299, 382, 1561, 2449, 5689, 6228, 6331, 6342, 6417, 6442, 6532, 6996, 7207, 7346, 7429, 8138, 8271, 8335, 8476, 10126]
 101, 0x26074a3aded22273bc0d844574877dced0edfd9feb3f8844d6eb488806cd39f2, 21
      [502, 532, 2503, 2535, 2554, 2627, 2667, 5191, 5220, 5269, 5691, 5724, 6280, 6415, 7139, 7243, 7549, 7579, 8151, 8180]
 102, 0x31a0a7ecdcb74c3ce3ac9cfebe2461093f95e36d157ef7690b9b247b8d4311a0, 20
      [1, 1337, 1443, 2657, 5199, 6430, 7012, 7052, 8143, 8289, 8308, 8453, 9033, 10064, 10100, 10102, 10105, 10149, 10204, 10219]
 103, 0x0a997b64d6b22c748da234a63633bf2b405d7b758f031331021b69fa4c5bb202, 20
      [133, 264, 440, 500, 1405, 2487, 2513, 2525, 5530, 5661, 6211, 6433, 7021, 7047, 7066, 7156, 7487, 7547, 8220, 9123]
 104, 0x29346ad2541d4f0c0a6b09e447776821d20f5140dab33316ba9865072b6504f7, 20
      [2421, 2476, 2617, 5227, 5708, 6251, 6322, 6354, 6426, 7083, 7088, 7242, 7601, 7667, 8397, 8959, 9006, 10075, 10162, 10222]
 105, 0x0666dadbd435673d82242bb9bf9068f4f99983eaea72fb6ad52f75f2a53774ec, 19
      [122, 501, 1449, 2448, 2699, 5165, 5519, 6394, 6475, 6557, 7548, 8109, 8125, 8154, 8324, 8384, 8961, 9132, 10221]
 106, 0x22589037a60a4cc759cb8a8d581768aa7311c0b9b95f06ffe00564088db05d2e, 19
      [132, 135, 433, 1473, 1479, 2523, 5529, 5532, 5774, 7062, 7480, 7647, 8477, 8478, 8923, 10088, 10169, 10178, 10334]
 107, 0x1a94701ffa7b4a9909d949a104b4f624f6d0719cf7d7b9258d7105d0d174ed83, 19
      [402, 415, 428, 1376, 1471, 1533, 2677, 2704, 5160, 5186, 6553, 7080, 7166, 7449, 7462, 7475, 7604, 8288, 8950]
 108, 0x3d526f6b952d741678f859493821077c2c2f11d6af1df6d0b4c4b64a1981ced3, 19
      [508, 512, 2423, 2458, 5765, 6330, 6376, 6488, 7071, 7112, 7555, 7559, 7661, 7664, 7707, 8407, 8962, 10217, 10323]
 109, 0x36812318e7357c23d23631a40d5e1f03fef43a346304ad0d5616b2baebdb7e61, 19
      [1589, 2457, 6238, 6391, 6419, 6436, 6500, 6541, 7131, 7639, 8166, 8199, 8238, 8505, 8990, 9058, 9125, 10316, 10326]
 110, 0x25c6a79ba878d1c3d7cf270373a0aac8d85fd38afc79bfc82a6faff71f9a10df, 18
      [175, 5572, 6286, 6997, 7211, 7624, 8136, 8231, 8232, 8249, 8393, 8473, 8912, 9066, 9068, 9099, 10329, 10339]
 111, 0x35d34875df341173ef2aa5eb34c7b73f8659daf7ba0f0f2f3887188334674eb6, 18
      [208, 505, 1378, 1398, 2514, 5605, 5696, 5773, 6290, 6348, 7002, 7015, 7117, 7552, 8293, 8418, 8489, 10182]
 112, 0x353a569db731d21a8d007b8230cdb7be3ba7fa148409da90e0abd4eac291a467, 18
      [225, 290, 523, 2441, 5622, 6200, 6247, 6327, 6411, 6437, 6542, 7209, 7248, 7337, 7570, 8501, 8960, 9069]
 113, 0x22c01bee261ef20da5776ca167f2fe35fcae0f88d4b727a88f38b6ccd054cd8c, 18
      [240, 329, 507, 2443, 2474, 2608, 5231, 5637, 6340, 6995, 7376, 7554, 7592, 7597, 7670, 7683, 8113, 9054]
 114, 0x062b3a9f82f6ca8cad3045484e876cc5725fce0d5f6c4a9b6ae41e8d8c16a33d, 17
      [22, 42, 1428, 2634, 5215, 5419, 5439, 7636, 8211, 8224, 8309, 8323, 8470, 8967, 9155, 10096, 10237]
 115, 0x05211dcb40d78096d2c7f1e750209100b7ec80dc3c4b7e20f6f726d045cb95d4, 17
      [227, 315, 2427, 5624, 5699, 6274, 6400, 6435, 6587, 6736, 7170, 7199, 7362, 8195, 8218, 8257, 8998]
 116, 0x24c127aa1b4739251aaea3b5cfed3ee592bd2fa1475d52d3e130d86e9d0d9ece, 17
      [285, 2434, 2562, 5264, 5714, 6264, 6265, 6279, 6536, 6552, 7092, 7332, 8184, 8445, 8943, 10094, 10114]
 117, 0x0a31efae569d872e41f652922658299fb6c12ca673aaf28852e8173609b741a4, 17
      [375, 392, 2545, 2598, 5239, 5276, 6409, 6515, 6590, 6999, 7229, 7422, 7439, 8313, 8351, 8391, 8917]
 118, 0x10792ef39bea98f57251d7cc60e078d8a8eaca733cac87bcff7afc7c25840599, 17
      [473, 1392, 2609, 5230, 6300, 6998, 7520, 7656, 7666, 8254, 8352, 8924, 8927, 9013, 9109, 9134, 10187]
 119, 0x0546f777eded11caa45bfa69f1f4c434c75b6885380a811a627c5255d75ee23d, 17
      [1381, 2509, 2684, 5180, 5728, 5729, 6203, 6302, 6440, 7226, 7605, 7626, 8157, 8162, 8223, 8486, 8906]
 120, 0x3a254ed41fe2477e2a9ad3aa65311d292b0dbe35bfaa4bfed11799caf4ea03ce, 16
      [252, 371, 1355, 2505, 5649, 5727, 5735, 7418, 8128, 8140, 8150, 8399, 9017, 9020, 9043, 9044]
 121, 0x058d466475d9d7343bbba40ebaaf966db65978f2c5a7fe4fd0d899c94c2ea18a, 16
      [450, 484, 515, 1354, 1400, 2486, 6229, 6502, 6534, 7109, 7497, 7531, 7562, 8443, 8947, 10335]
 122, 0x359251a95210b90fbf848f13ec2e5f74222d1bc766680138d1c9e913c715660a, 16
      [1330, 1333, 2438, 2624, 5221, 5768, 6303, 6412, 6467, 6572, 7232, 7652, 8457, 8647, 9052, 10342]
 123, 0x12d4525db75e8f9250657f6bb8c24e1cecce7b8daf21c38daa76389a7f0884ba, 16
      [6196, 6571, 6585, 7022, 7029, 8133, 8175, 8322, 8329, 8415, 8957, 9091, 10101, 10129, 10144, 10343]
 124, 0x3ca17946e2c739549b24320c38f1abb7600fb346ff73ea15fff1ddcdac36fb0b, 14
      [86, 126, 1487, 5483, 5523, 5750, 6245, 6427, 7640, 8928, 9041, 10070, 10116, 10153]
 125, 0x032d2097754b2c984e5d859ed2efea53012153a0ef73aad1e3ad1c7f2497cb05, 13
      [572, 1661, 2631, 5087, 5088, 5097, 5109, 5126, 5127, 5136, 5148, 9297, 10284]
 126, 0x1a2ce4697a66a552be2d678cf4d960996d3422cddc7f987cde3db30c8ed07d25, 12
      [228, 2464, 2483, 2702, 5162, 5625, 6414, 7001, 7172, 7173, 8498, 10104]
 127, 0x1d5a0500efb1d1eb0c8aed2bc7c94aec6e55766ecbf3434ec1eacf8bb368482a, 12
      [387, 1379, 2489, 5697, 5700, 7434, 7627, 7684, 8192, 8279, 8987, 9118]
 128, 0x28ccdf1bd408a9c5bebf27d0379bd29648730271bf5b126e0b651242e8c09499, 11
      [170, 333, 5567, 6577, 7198, 7380, 8214, 9028, 10058, 10109, 10115]
 129, 0x00a6d773fcab2a4974359c8651a347f3297f23b10c0052f109a1a55bfbf5f2fa, 3
      [4, 1640, 2714]
 130, 0x18f6add4858955196096d33e9deca1e754755d6c1114daccbd7abc306636c8b9, 3
      [10, 1655, 3933]
 131, 0x34259a2e9b9482df021fe3478051e2cabe8cbe29fad4b915939955a588034334, 3
      [1555, 10190, 10308]
 132, 0x28873a19b894a516cb3653bda6d728b9de9064256cd632441cb93886337b1422, 3
      [2579, 2613, 2675]
 133, 0x2659db7c99f33b62f7f06e5cd9481b79eca308785e2b012909cc5f5f5cf117d5, 2
      [3, 1643]
 134, 0x2734ee238011c661ea9f1cb17d7bb6693a60a458c96177b996bd48338363b8d5, 2
      [9, 1658]
 135, 0x16a4e1f39d66ef1f1df0433a247094fe3b45dab11e9a854b3732d9b28132ddbb, 2
      [557, 9273]
 136, 0x17b2b0e7366ff6e90896b717d3751f38e4dd6305df368f348d0cc0865559053f, 2
      [581, 1494]
 137, 0x08ebcd1d93129ddfa097720281bdeab678905ea7cfc8bd175d2da71c9ff7a680, 2
      [1528, 1529]
 138, 0x10ba7b7d3ebcaa5ffa670aa099bd743b269466a9668aed452ba702c3cc416d82, 2
      [2566, 10235]
 139, 0x13c1072ac1168a162cbec502a56b20ce02462aab8e4d8564c6ddfbee1b86b0d5, 2
      [2612, 2625]
 140, 0x30012642487ec35405834a4aa2b7402497444c4521eb8e341f8cab96a0f97a8f, 2
      [5083, 5089]
 141, 0x0202e4f4ed460eb011e2bb8023f23a273696130eb4c5c41f0350ed3d553ee0e6, 2
      [5110, 5118]
 142, 0x05d3721923ed08443f00d05e72a171f6673263a354f0efd906b779f2c4ffe142, 2
      [5111, 5119]
      offset: 1
 143, 0x2b13823859352f75ec351c1a28cbe87f3ffbd0679a28c2d8283920e9a2cffb82, 2
      [5149, 9245]
 144, 0x1cac1e29ccd2df761485d32b799cc4aecfbf1db0c3deaad929a2f13e97a1a044, 2
      [5150, 9246]
      offset: 1
 145, 0x3ffafd9d1ae54c00f0b5892f70222929b0f224c4a5d591304a16a9f531eda89d, 2
      [10199, 10293]
