scalars length: 22233
freq>1000 (count, total, %):          2,      13965,      62.81%
freq>500  (count, total, %):          2,      13965,      62.81%
freq>100  (count, total, %):          2,      13965,      62.81%
freq>20   (count, total, %):          3,      14022,      63.07%

top values:
   0, 0x0000000000000000000000000000000000000000000000000000000000000000, 12435
      [0, 1, 8, 9, 10, 11, 12, 13, 14, 16, 18, 19, 20, 21, 22, 23, 24, 25, 26, 27]
   1, 0x0000000000000000000000000000000000000000000000000000000000000001, 1530
      [2, 15, 17, 1584, 1585, 1587, 1589, 1592, 1593, 1595, 1601, 1605, 1607, 1610, 1617, 1618, 1619, 1620, 1622, 1627]
   2, 0x40000000000000000000000000000000224698fc0994a8dd8c46eb2100000000, 57
      [34, 55, 1728, 1750, 1751, 1827, 1897, 2817, 2828, 2830, 4116, 4117, 4126, 4138, 9506, 10449, 10744, 11027, 11316, 11322]
   3, 0x14a5abb9748799b3af3ddc2c90f4fa0d964822764fe0eb257f0bbab0f5843aab, 7
      [18812, 18872, 19346, 19521, 19537, 19760, 19994]
   4, 0x0000000000000000000000000000000000000000000000000000000000000002, 6
      [17352, 17472, 17640, 17690, 17824, 20320]
   5, 0x3e9e581114474ff38bbd08e6a8c62a2354aa709a3eacfef5eb967b65da1a2a09, 5
      [4139, 4147, 4151, 4178, 9490]
   6, 0x0f0d6ec4b285b9eda9bb720e9109d4262c997c12daaf070c31bfc423d4d43936, 5
      [4140, 4148, 4154, 4179, 9491]
   7, 0x40000000000000000000000000000000224698fc0994a8dd8c46eb20fffffff5, 5
      [9508, 17719, 17818, 17828, 18742]
   8, 0x40000000000000000000000000000000224698fc0994a8dd8c46eb20ffffffff, 4
      [17660, 17816, 18737, 18738]
   9, 0x11ff90dae2faa26afbde42f3dc528c080ad6f3619e6acf5f309a1da15f1bc795, 3
      [3, 7, 1894]
  10, 0x0e18fc89d7da7c53175a8ac3f31e575c993fb75fec85ed59cb0848a7e2878ad6, 3
      [4, 1891, 2962]
  11, 0x40000000000000000000000000000000224698fc0994a8dd8c46eb20ffffff71, 3
      [61, 14410, 20416]
  12, 0x40000000000000000000000000000000224698fc0994a8dd8c46eb20fffffffd, 3
      [10738, 11605, 14404]
  13, 0x232d5d1ed1655af143f309246478a6740b7e1ca888a08e133389e9ed1700d6e1, 3
      [10741, 12183, 14407]
  14, 0x1ac9d8bc901d459af3065f31560f7e3847d8c387388f7f49fefc21a2a86f3327, 3
      [10745, 11323, 11612]
  15, 0x3543e657a7654d0d2d5b5ef3ef5fbae686b2a78a0dd7d1c1ee4d246e7694535e, 3
      [10746, 11324, 11613]
      offset: 1
  16, 0x2000000000000000000000000000000011234c7e04ca546ec623759080000001, 3
      [17313, 17353, 17473]
  17, 0x1b99b1acd29227df50b2f5b896c1b052b5fef25e994822a38b588bde16a0d6c1, 3
      [17693, 17695, 18747]
  18, 0x11ff90dae2faa26afbde42f3dc528c080ad6f3619e6acf5f309a1da15f1bc79a, 2
      [5, 6]
  19, 0x049bba10585d3766dfee3687051565ff9032b5f9a9b7c37c338193ea86ecdced, 2
      [58, 11030]
  20, 0x17eba84652c7a8c16d935eccba9a6ea25def287c02942c5351ec9b3f778b6f5e, 2
      [4112, 4118]
  21, 0x2f31ab4a9dfe9bd09148004a703177e6d641306fac3484ee3fb8715248df9511, 2
      [4159, 20425]
  22, 0x1b25ccc21fff58da2fbdac30f8bdf7e2b462205b405a698199fbdf0e50e15a1f, 2
      [4160, 4163]
  23, 0x2ea56026cbc410b28f70dcdaf8712fb58d6459b67f404f5b26f76162d858a138, 2
      [9507, 18745]
  24, 0x40000000000000000000000000000000224698fc0994a8dd8c46eb20ffffeff5, 2
      [9510, 18748]
      offset: 3
  25, 0x0233cae87479c4f7d09fce40b49e4cd47da11e06a612af6cf9ebfc8ab092b0cd, 2
      [9511, 18749]
      offset: 1
  26, 0x293e568e960833c757a7479a405e23cb13f914f7bc2aab725595889f8e32791a, 2
      [10739, 11606]
  27, 0x2793e18af476b7683288f6f5776268efb0c9a5c1ba460eba76fc157d60fd02e3, 2
      [10740, 11607]
      offset: 1
  28, 0x04381864bffd1a4a6fc429d8afc216d94009581e4e339e3531c3b800fa8fb38c, 2
      [11028, 11317]
  29, 0x3a6d97ed44da9a6f4bc382e385b54ccfe6fb9a8f91962c4149eddd4482ec5351, 2
      [11029, 11318]
      offset: 1
  30, 0x40000000000000000000000000000000224698fc0994a8dd8c46eb20ffffff88, 2
      [13634, 13640]
  31, 0x3a4944993549912486b6ce6cb86e800ede681ad6924701881d8292ccb3e4d82f, 2
      [13643, 14419]
  32, 0x151d41fd95e195bdafc59bb5ae155f82d141e6b73691ea554c0f2ca2167e7ca8, 2
      [13644, 14420]
      offset: 1
  33, 0x1f8f238e6daedcf56bd64df3c9bcbd627bee26102643f26ffea30add5226c57f, 2
      [13645, 14421]
      offset: 1
  34, 0x40000000000000000000000000000000224698fc0994a8dd8c46eb20ff000001, 2
      [13646, 14422]
      offset: 1
  35, 0x1ad206af241239c928d40c5020613cf109ad2eb7179e72c54bd50c56af22c2a3, 2
      [13647, 14423]
      offset: 1
  36, 0x25d5b073802edb544cb434fff0268f7d34a475547738e20dc2d0ff22eea6fccc, 2
      [13648, 14424]
      offset: 1
  37, 0x2edcf948608ce7b1993da77712f931b6aa4da2ecf0f5fb0884e2e79ad84f729f, 2
      [13649, 14425]
      offset: 1
  38, 0x04593131dfdd94ec789e690130ca8c6d50085df518736f1c2ca84881107370e1, 2
      [13650, 14426]
      offset: 1
  39, 0x25df525e6cd688e0da545373335ec0982e323608238138a6efbe5b8ff8840a23, 2
      [13651, 14427]
      offset: 1
  40, 0x15f15f15f15f15f15f15f15f15f15f15fd1f84e8b2d3e22012d67c8057c57c54, 2
      [17117, 19288]
  41, 0x2ce70d73dc1a84a3d84a7301652c680b226b8e8da51fa9e518d436578c5e3427, 2
      [17603, 17804]
  42, 0x081a077c00ad368f4e42c4c80b3a72bacbf10e7fbdcaee507906409956991335, 2
      [17639, 17716]
  43, 0x24664e532d6dd820af4d0a47693e4fad6c47a69d704c863a00ee5f42e95f2940, 2
      [17653, 17669]
  44, 0x000000000000000000000000000000000000000000000000000000000000000b, 2
      [17717, 17820]
  45, 0x33ab216d954310a2518c9ca20ae68982782e5347087f3ce8c2adddbd263d6d51, 2
      [17730, 18501]
  46, 0x0c54de926abcef5dae73635df519767daa1845b501156bf4c9990d63d9c292b0, 2
      [17831, 20327]
  47, 0x000000000000000000000000000000000000000000000000000000000000000c, 2
      [18613, 20324]
  48, 0x2ed81dc51b3f55cbdcdfdac0c6a61ae520f119e82f15cf3cea42bdd514e5e418, 2
      [18735, 20325]
