scalars length: 10329
freq>1000 (count, total, %):          2,       5496,      53.21%
freq>500  (count, total, %):          2,       5496,      53.21%
freq>100  (count, total, %):          2,       5496,      53.21%
freq>20   (count, total, %):          2,       5496,      53.21%

top values:
   0, 0x0000000000000000000000000000000000000000000000000000000000000000, 3481
      [2, 3, 6, 7, 8, 11, 12, 13, 14, 21, 30, 35, 36, 38, 45, 47, 49, 52, 53, 54]
   1, 0x2405f583c68a368e3b3603bc4b337f3a1bc0909748320f9d6723fd7e582bbb68, 2015
      [1, 9, 10, 37, 39, 40, 46, 48, 50, 51, 55, 56, 57, 59, 62, 63, 65, 66, 68, 71]
   2, 0x2b1ebaae831e4e80c11e1943982cf789a065beba2bd0ce33a9130cca1fb1c7b2, 10
      [5101, 5104, 5105, 5120, 5123, 5128, 5136, 5142, 5157, 9229]
   3, 0x2f1340024c0778291a55a25925cbd86ce2184a0074457cae545ebe28006eb1c0, 9
      [5100, 5102, 5103, 5119, 5122, 5127, 5140, 5156, 9228]
   4, 0x2b7aaa72b1d94b20e89c035d43798cddbda7ffe762a37e6ca5bc2371a54e2703, 7
      [3094, 3096, 3105, 3114, 3123, 3132, 3141]
   5, 0x37083563939f72146524d43a904c0ac034ce90337cd9a0c0f76674a5f5d2fc9b, 7
      [3095, 3097, 3106, 3115, 3124, 3133, 3142]
      offset: 1
   6, 0x15142cfdafabfc6e9dcee9d3d2ed70fcb1d23eb8f76cc09beaea1b5fe805b061, 7
      [3823, 3825, 3834, 3843, 3852, 3861, 3870]
      offset: 728
   7, 0x34952e362388d46eab0f6afaad96662cb30134e35e7669972adb8ac4fc61fd62, 7
      [3824, 3826, 3835, 3844, 3853, 3862, 3871]
      offset: 1
   8, 0x13567526be4907897bb94f8964f12327d8e24cf5b444e61ed76da9e85f759179, 7
      [4309, 4311, 4320, 4329, 4338, 4347, 4356]
      offset: 485
   9, 0x3dacbe57ffdd2902deeed47299751c8b5bb959f0bc6922ded8f7bd44a7a4b8ce, 7
      [4310, 4312, 4321, 4330, 4339, 4348, 4357]
      offset: 1
  10, 0x2a9f45d47f40a7c14718001292a4e8ebb605a58bb0adff0436d408da17de9ca7, 7
      [5038, 5040, 5049, 5058, 5067, 5076, 5085]
      offset: 728
  11, 0x06a62f14b1b5291981a368f67c591d0ce1c031c1d16f006656e57a08816d559e, 7
      [5039, 5041, 5050, 5059, 5068, 5077, 5086]
      offset: 1
  12, 0x1a53a4ac2c037164dd96c858e3edb82a11c27b0f1bcc39821738d88cd62e4e33, 7
      [6604, 6671, 7256, 7323, 8504, 8571, 9223]
  13, 0x39abc9c327429ebd9007da2a286472a7f8e49b7bc29c8c4a6ba1d9962f4c5d0b, 6
      [2995, 2997, 3006, 3015, 3024, 3033]
  14, 0x3dd4886e73f035f2f989c2ae0dc60139a0f1c0a15700688394c4e73f94a16857, 6
      [2996, 2998, 3007, 3016, 3025, 3034]
      offset: 1
  15, 0x32cdab38d0f3fa5b445f035dd5e1183fd9498879b64fa4b6e634e0ffc3829bc4, 6
      [3148, 3150, 3159, 3168, 3177, 3186]
      offset: 152
  16, 0x29149ea84df20f1c12ad58ce885fa8e541efa99a100990ec42fc99cd5f66a1df, 6
      [3149, 3151, 3160, 3169, 3178, 3187]
      offset: 1
  17, 0x21dbdfc7944df7cb0c948c2a4a8fe42c871d84bc37d3a6b337f2f4314ed57f57, 6
      [3885, 3887, 3888, 3904, 3907, 3912]
  18, 0x1ae78abc7bf8e657b8f1d34a1c17326e4d7b6395f30ad0e33256f83f7a741692, 6
      [3886, 3889, 3890, 3905, 3908, 3913]
  19, 0x3d52edd3366ce6eb60c815db660492054768b3164904e0d49105d8fdf25cbd6b, 6
      [4210, 4212, 4221, 4230, 4239, 4248]
  20, 0x11d1c548dca62e1f339c0b966f5818d43621da85ba32de3d9d4b2f0a2fa48991, 6
      [4211, 4213, 4222, 4231, 4240, 4249]
      offset: 1
  21, 0x237feb663d79194440ceeb955f0cd271238d788e24005620e27ba2a46c0d98b5, 6
      [4363, 4365, 4374, 4383, 4392, 4401]
      offset: 152
  22, 0x066fcec8b93dcf49ad7027303d0ef3ec75844afc326e254ac71650b06c64e5a8, 6
      [4364, 4366, 4375, 4384, 4393, 4402]
      offset: 1
  23, 0x3c3cdb2f5e4f23c29020f88e05b054b3190b96e220868b53e86f079c2fe1a438, 5
      [2950, 2952, 2961, 2970, 2979]
  24, 0x074fea65420f4c830a3435f9713a77cbbc700dc165f9bd5ded8f821e4159996b, 5
      [2951, 2953, 2962, 2971, 2980]
      offset: 1
  25, 0x20b63b5a3909b994f1c1822e476d857453cf623c15aa4d3aaf10189a55892b94, 5
      [3553, 3555, 3564, 3573, 3582]
      offset: 602
  26, 0x2e28b72bf07d5150c86c6d271722f43a31e134377a3d9e0abd3d859ddb058802, 5
      [3554, 3556, 3565, 3574, 3583]
      offset: 1
  27, 0x2a5afd5c1358487b15d89bb7b323558a6bc27583f38dad801a9060b0373d86fe, 5
      [3634, 3636, 3645, 3654, 3663]
      offset: 80
  28, 0x20f168f65ee705c2f6fa89a8423aab0d1239940502d853ca9c9ac3434590c114, 5
      [3635, 3637, 3646, 3655, 3664]
      offset: 1
  29, 0x0becc7bac9673948da76e0cdca2a3bd31a8f7a6b42cbf1f435fcd66918e43adb, 5
      [3670, 3672, 3681, 3690, 3699]
      offset: 35
  30, 0x14201b1e46d39a7af1a65072263190e03cb622523e9fe5cf194d9b1f54376073, 5
      [3671, 3673, 3682, 3691, 3700]
      offset: 1
  31, 0x23663db4393cc033de52ecbdafd00f199a383b875486183a5632fe88e35bda8e, 5
      [3922, 3924, 3925, 3941, 9225]
  32, 0x3b0bc3e911bb22d19d55450b8b2937668028e843ff544c014749c9b5dfd9ec98, 5
      [3923, 3926, 3927, 3942, 9226]
  33, 0x19776a57214c6b4b7293fcbc375aad5dee5d5d238a3634e8db8912163f102b6d, 5
      [4165, 4167, 4176, 4185, 4194]
  34, 0x2ea41c1c9808cf57caa59e75e7ee3dd712c80a747fa008e31ca79c7a23290036, 5
      [4166, 4168, 4177, 4186, 4195]
      offset: 1
  35, 0x2d6fcadbe5edcdb5375387f7e53ef2100a874934366ef7dcb2b8239ed5dc6f06, 5
      [4768, 4770, 4779, 4788, 4797]
      offset: 602
  36, 0x3bf21489ffd428d8e20b8ab8738388d21f4fc591196d1a5e8e612d6fa3568ceb, 5
      [4769, 4771, 4780, 4789, 4798]
      offset: 1
  37, 0x0305693525be93ce37347ffe0ff3273b94fe3dfba82275e01fee30cd3f032169, 5
      [4849, 4851, 4860, 4869, 4878]
      offset: 80
  38, 0x0f734a2664ea9c5c65448625e6ac14741a99be1a3129b0322b8b640b72e101ad, 5
      [4850, 4852, 4861, 4870, 4879]
      offset: 1
  39, 0x398c6f80fd1058f2417715343532261738d5ee95a1f6eda447590dbc10ca876a, 5
      [4885, 4887, 4896, 4905, 4914]
      offset: 35
  40, 0x153ff65527c20ef6cae55af0ef9dd0a683e4f004805ab0fb8139c5dba0aedee4, 5
      [4886, 4888, 4897, 4906, 4915]
      offset: 1
  41, 0x352c349ad19ea892ed120fa3065c3960c6cffeee0e529725b8404ecc633a36df, 4
      [2788, 2790, 2799, 2808]
  42, 0x20da0e804f2a7df8d34db2dec60a784473376577201aa4fd238e1a6a2c37cca1, 4
      [2789, 2791, 2800, 2809]
      offset: 1
  43, 0x24c219d5ac0fe1818517a46417d5729147098a703e0abcfeffaf256f32a74270, 4
      [2833, 2835, 2844, 2853]
      offset: 44
  44, 0x3f6825323659c6a2ec966c2db0694dd9867b71c87478223b1d62abe22c5f5cd7, 4
      [2834, 2836, 2845, 2854]
      offset: 1
  45, 0x2481cb0fa129c6525b1ff82440723e660793bb46d4ebc9858810e52c8145e8d8, 4
      [2860, 2862, 2871, 2880]
      offset: 26
  46, 0x1dd48440b70091e9543ddcc0b06f82479e1a5a11808d0d949f364d423818257a, 4
      [2861, 2863, 2872, 2881]
      offset: 1
  47, 0x2afd9dd5f92f56f60e002af6965fe5c525e8b329f5cc474cb27643921a68f662, 4
      [3058, 3060, 3069, 3078]
      offset: 197
  48, 0x35fb1a2e3cd3686e12200a6327c7d9d6158c560180cfb27395f83c80e75d4087, 4
      [3059, 3061, 3070, 3079]
      offset: 1
  49, 0x1e8e3f7b5d6ec01595be75e19c1566e5c053545806f56251ee983b90cc08ccf2, 4
      [3310, 3312, 3321, 3330]
      offset: 251
  50, 0x2b125744c6d84da2ab1b6711d250484b9e8271a0aeb15bf2d79acce6fcbb6621, 4
      [3311, 3313, 3322, 3331]
      offset: 1
  51, 0x0666d91b4482dd6f2c330fec31b3d8223cefcf0ef4f0c5def8a12b46c430383b, 4
      [3400, 3402, 3411, 3420]
      offset: 89
  52, 0x3ae3f9bbb521a3896cb7054b3ab9f3b4e6b34b5e8fa38c66e0de4a69086722f5, 4
      [3401, 3403, 3412, 3421]
      offset: 1
  53, 0x3bbb4aa04d1e3aa2d5339271e409331fe689ebee28dedde717e398dff7c498ba, 4
      [3463, 3465, 3474, 3483]
      offset: 62
  54, 0x39826d4998554f14fc1367342f920f78d79b377b6c17bf2239ea298599e8edc9, 4
      [3464, 3466, 3475, 3484]
      offset: 1
  55, 0x0a4e75d21f7e89c3bc14abebe1b524f8143fd1f32a6f6faa0b5299adadec0352, 4
      [3490, 3492, 3501, 3510]
      offset: 26
  56, 0x333640c67cde99a1d34914e564027e65edf7383e294248a3789a3138a5e40b18, 4
      [3491, 3493, 3502, 3511]
      offset: 1
  57, 0x22bb4cfd402fa43609d6b673c8853fefd4b57b6a11bed4f5eb8a3cf48b70e47f, 4
      [3598, 3600, 3609, 3618]
      offset: 107
  58, 0x258b77afad152163e1afbbc8a0d393bf7ad121941fcb398a30ed860ff851b4a7, 4
      [3599, 3601, 3610, 3619]
      offset: 1
  59, 0x1767ace20320afa177ea447343f81f713b697c5ce5e43d0121ebfedb6caa661d, 4
      [3751, 3753, 3762, 3771]
      offset: 152
  60, 0x167681915ee65dfe9c427a38ea8b337558564cffb13659d8072bf3f7ad3edf23, 4
      [3752, 3754, 3763, 3772]
      offset: 1
  61, 0x1d2d6cfc361779f681a9a7ff1b7cce83cebc940b2ebebc87f6dc644027c85478, 4
      [3787, 3789, 3798, 3807]
      offset: 35
  62, 0x3bb99dcceb06d8ad6559a06c909ea6d62d4bcb15d99b36fc5959b5dd2ef1a9b9, 4
      [3788, 3790, 3799, 3808]
      offset: 1
  63, 0x01eb2c438642430161cad90dbd4f86d8eaa94e5a5c94446d5b6fbdcec647ffc4, 4
      [4003, 4005, 4014, 4023]
      offset: 215
  64, 0x097d9684b9837a14308af83fc7ee9d2c0e59349be0757a7259f84192cb6ae1e6, 4
      [4004, 4006, 4015, 4024]
      offset: 1
  65, 0x3e0b3e60c7f3065b119ff13e6174cecf9d5cdb108244524c76c6a5691a728d52, 4
      [4048, 4050, 4059, 4068]
      offset: 44
  66, 0x00e83f74b5f9ba55f814b0e5594d4d7de4974536227abf2d85f2aa830227a09c, 4
      [4049, 4051, 4060, 4069]
      offset: 1
  67, 0x007ce43d3643d91e0cf2c40a6770945ea9df462bcb11bdcb5fba65940d007d39, 4
      [4075, 4077, 4086, 4095]
      offset: 26
  68, 0x091b73aadec21a0d5fd84de90f66e890e6107ae12d0a132757ac88a313eb4977, 4
      [4076, 4078, 4087, 4096]
      offset: 1
  69, 0x10bfb02b2a74b3de0fb85454aea1c764463463b4c98fe211e74747e35bbefbfa, 4
      [4273, 4275, 4284, 4293]
      offset: 197
  70, 0x31efa547206a752d9bd9ffe002f626fa4745d39bcc48dd4879c8d09ae4fcdec4, 4
      [4274, 4276, 4285, 4294]
      offset: 1
  71, 0x0c50ed36cd01825898aed81b37c24b600c34a87c08ab057c765cec48e20ae80f, 4
      [4525, 4527, 4536, 4545]
      offset: 251
  72, 0x1b55dff6e3b0dd625e3082b4686a343488868fc2e18021a075368f7f8d9b17d5, 4
      [4526, 4528, 4537, 4546]
      offset: 1
  73, 0x03d6b68bfe5a89547264e567eb7b24aee15c15bad6aa673d613019bc337442e7, 4
      [4615, 4617, 4626, 4635]
      offset: 89
  74, 0x133d8195f07b7980e4b3f3192d6a536cbc7731265a23231b3d4d80a9b575d1ab, 4
      [4616, 4618, 4627, 4636]
      offset: 1
  75, 0x1ceee258911fb7539f4b0f07752dc65e13290c2684d86ceb897b796e1092cf47, 4
      [4678, 4680, 4689, 4698]
      offset: 62
  76, 0x0f5e19a4b8f23aa52b9c7f25aa4dbc83894e67cf8bfaf78beb11d8cd118fbf50, 4
      [4679, 4681, 4690, 4699]
      offset: 1
  77, 0x28aca37c9fc7403ead4384374ed5b7da041ad9be83fd7502362d04000d052b76, 4
      [4705, 4707, 4716, 4725]
      offset: 26
  78, 0x34e671e209f2cab247d3ef0fb8cb9fb431129f176c428de978a9e5842a58fb52, 4
      [4706, 4708, 4717, 4726]
      offset: 1
  79, 0x3d9120cfa8468b04eca8f9ddd4859864334564e0064f318cbbf80f18005bdc16, 4
      [4813, 4815, 4824, 4833]
      offset: 107
  80, 0x347e7b7d985115d91184e04421b99e77bbd9adf59c84f1974ea485fd10d97b66, 4
      [4814, 4816, 4825, 4834]
      offset: 1
  81, 0x2fb002266c418a707f66880769d78f26fd1ff09208302e2b55f6cb45a5d52e69, 4
      [4966, 4968, 4977, 4986]
      offset: 152
  82, 0x24e8f897db4afda756c4ee71ac5e7cdebb72bd9720b1e3b7dcdb8f27cf8a7401, 4
      [4967, 4969, 4978, 4987]
      offset: 1
  83, 0x361372cf4762155a21f0e7e0125e1ed818a67dc46943abde3276860939744141, 4
      [5002, 5004, 5013, 5022]
      offset: 35
  84, 0x391ecd12fe735285ec23b22300a6b6a539047ab089e42f98da144937c400c7f1, 4
      [5003, 5005, 5014, 5023]
      offset: 1
  85, 0x370fd5d10dacf66f91d7e39053a323f1e170238e4f2a7345bc478b66413dd7cf, 4
      [6196, 6992, 9232, 9242]
  86, 0x0c8d2db3b40e3e69dfacdb7c1afa3427d913c7ae14a7100875893fa60a5b574d, 4
      [6197, 6993, 9233, 9243]
      offset: 1
  87, 0x0a21984b944df6f03859b3ee6b991ad16461fc4d0f11a8692d8003064a3a6e08, 4
      [6198, 6994, 9234, 9244]
      offset: 1
  88, 0x3f5386ac9c33a25acaf6fd98f861578aa6f58755974b1aac5715e508f3d79fd8, 4
      [6199, 6995, 9235, 9245]
      offset: 1
  89, 0x0eb0e59fb17360a785f121bf1a29bff5b8da2ee448cb9dc76b66e67817bcd830, 3
      [19, 2736, 2745]
  90, 0x25b73573b532d7e4b157de21ee9f9490394b17c5c469de579ed7c678e5c630a9, 3
      [20, 2737, 2746]
      offset: 1
  91, 0x1188ff10a4694ea5b316c44d3ca528bc70aa2f0736e6c9ddf2044b6872c5e6f0, 3
      [28, 3951, 3960]
  92, 0x11206c3695dfaaa5533ba14144e2f85885d6d067ec92ff4192c14dcacab77146, 3
      [29, 3952, 3961]
      offset: 1
  93, 0x04d10cae3dffc83af3a87d466d600765442731202a831db3a4b8c1e5f0e719bb, 3
      [572, 1653, 9253]
  94, 0x16ca700198776d5752b723257724dfc2110bf7811e9336d5538ce7abac53c618, 3
      [573, 1654, 9254]
      offset: 1
  95, 0x1a109132ac30d481c0c654fe7ac70c21e39e3853443d35a2ab15a32135180a90, 3
      [574, 1655, 9255]
      offset: 1
  96, 0x246f8bf02a61190d77a4bd695c30766e0c0f4ba923f1d33f44ed8412949df3ef, 3
      [581, 1662, 9262]
      offset: 7
  97, 0x217c3431d2a44bad4532f2785a2ab325adb17dd386a2e539aae70de70994cc64, 3
      [582, 1663, 9263]
      offset: 1
  98, 0x35c511b7db273f10e5275c6584d6daf204c5d25cdabc0eef8cf7f450001e2dc2, 3
      [583, 1664, 9264]
      offset: 1
  99, 0x3f51b1132a6322e9facb0f15bf9ca92b74159fd1d7a7e90c7699a293e1f5642e, 3
      [629, 1710, 9310]
      offset: 46
 100, 0x2c7900042fce822fd980740bc313e56f7045e5f5e2db3cb896287fcb797ceb6f, 3
      [630, 1711, 9311]
      offset: 1
 101, 0x273463b4199515558fe679aa6d07c148488448b8ed77d3b097c98f9066214169, 3
      [631, 1712, 9312]
      offset: 1
 102, 0x125398dca724cdb3c7626163e7db1e4d922ed10cd82b02f6341f2e8032f672b3, 3
      [632, 1713, 9313]
      offset: 1
 103, 0x265769b1bc27d4c9c0949aad0fd147faa8886c4c69d5dc1c8a18c14f8677dabd, 3
      [633, 1714, 9314]
      offset: 1
 104, 0x093a9b38bf3106d086bd5a7388f7b7e1d916930dbe887ea7d7589c8669d6d167, 3
      [634, 1715, 9315]
      offset: 1
 105, 0x35b498f9ffceb6582080255cdf454a2d4af0373a9a1ce4a52e45a93598e075a3, 3
      [635, 1716, 9316]
      offset: 1
 106, 0x09297586944675e2f543a856adf2afff8d1bdfc7f74de8535bd60eea4108e863, 3
      [636, 1717, 9317]
      offset: 1
 107, 0x2067c7ef216475958b603400d40021531dad818ef7b02ea3ce5288cc690c3530, 3
      [637, 1718, 9318]
      offset: 1
 108, 0x19cb26fa39754553e7192359e952efff864b691d2a978aaa7d29f25fccacae1c, 3
      [638, 1719, 9319]
      offset: 1
 109, 0x058e4fe7b8643ef17394ec4d3659883e5c749387d12c439d1411ea43b224b585, 3
      [639, 1720, 9320]
      offset: 1
 110, 0x175bf5578b9d06b3e25fabc7463bd4a92bdab4691a3b01da132dd97800ebd443, 3
      [640, 1721, 9321]
      offset: 1
 111, 0x1fcc1172c99dec2076c6fba80719486b8ed8ec7a3897d3bffc99ff6bb513a546, 3
      [641, 1722, 9322]
      offset: 1
 112, 0x19e95d19b6424095ab83a091e66bf2425966c74583ab95e2618c4032c12f13a0, 3
      [642, 1723, 9323]
      offset: 1
 113, 0x1d8d66170fabbdf79e731093899b68214ebcf1a58b69b91d8f90c7f828763b3d, 3
      [643, 1724, 9324]
      offset: 1
 114, 0x3ec97eb0fc00e6626779ae2d28820b935267973d477d8728dcfbe9eac941cba8, 3
      [2752, 2754, 2763]
 115, 0x26901b79c7bf4df80dafdfca9b0fae03d6602064da306ad619fde3972ca79210, 3
      [2753, 2755, 2764]
      offset: 1
 116, 0x32b57957c008e6cadd3659625c5e814557946eb2991a308f76411280e2c87997, 3
      [2815, 2817, 2826]
      offset: 62
 117, 0x2968564c919e9cbad22c7d5d68f85079119e9095c6cd355733ede5ec72926145, 3
      [2816, 2818, 2827]
      offset: 1
 118, 0x1a36feaa0d8c7d7d1351d45e48f13c4a17d68d6b73f529ae9795a12b3db40a7a, 3
      [2905, 2907, 2916]
      offset: 89
 119, 0x0d21a7ec84ad17e705278308c33cb1dc2265e3179a672441ca0abf525f8cca8f, 3
      [2906, 2908, 2917]
      offset: 1
 120, 0x3c60a9842d8d2a4b5510e21c2555fc6a5049da353959f901a6d350a5791c6269, 3
      [3193, 3195, 3204]
      offset: 287
 121, 0x1b12b4175aa9a2bdc74e0cc5e56f5150a927f98e4c7d599336f54b677ba996e4, 3
      [3194, 3196, 3205]
      offset: 1
 122, 0x0e7681da727b435a5e920be0334518bbe9f3644269ed1b713e5e0c04468eaa51, 3
      [3247, 3249, 3258]
      offset: 53
 123, 0x2c79599f5f68f3217b46dfa70cb9cb843668affaf4d077c0d0965aded7d9b5ef, 3
      [3248, 3250, 3259]
      offset: 1
 124, 0x055d6d13e9b202904b74ce8f7378458e000d6a2dac070ac7f17aabc559d7c71c, 3
      [3274, 3276, 3285]
      offset: 26
 125, 0x21ef87d3aaebc1aa3bf685c1b44e45fdadb589edb7bb77374e41b3961e653ce4, 3
      [3275, 3277, 3286]
      offset: 1
 126, 0x2d6a6994a6084a6d5ec4acb293342a08b130e6ebd05b97f71e422b0f8f13c323, 3
      [3292, 3294, 3303]
      offset: 17
 127, 0x2b4f4e968a4bc798110d8eda3cd6a8665f3448e1f47c3b035ffeaecf7d6973fd, 3
      [3293, 3295, 3304]
      offset: 1
 128, 0x0a5e0f2490eee51f03dde6f3456dd564d9f107d0da83e73efb4b1f52b4eae585, 3
      [3382, 3384, 3393]
      offset: 89
 129, 0x0e168217c4e4e25e63a4cb7e34820593edf52181976dcb4a3ac80a0461f93a6c, 3
      [3383, 3385, 3394]
      offset: 1
 130, 0x147f26efcde97ca619172e2bd08cf6e365e795c040adb45593d1526f3060bc62, 3
      [3436, 3438, 3447]
      offset: 53
 131, 0x0bdf02f5eabaf17c03c49d65619a2a0b6175729f01d392fcee5fc5e9e1975ccd, 3
      [3437, 3439, 3448]
      offset: 1
 132, 0x12476223479c86d88bd325223e357859ae94d578dce5d0dba9a813414fc5ec47, 3
      [3526, 3528, 3537]
      offset: 89
 133, 0x3cc1790eb750f0e1ea4c87afff26a8d4578e5b13c84016e3674c2e9c4ce096b8, 3
      [3527, 3529, 3538]
      offset: 1
 134, 0x13b3cf3ebfce470412b419853c9e074400c31e965e291f27c68844cfed797e05, 3
      [3715, 3717, 3726]
      offset: 188
 135, 0x361393db5b16fb25083e6734095e9085645f75c699af2749f575e6c6bf57c308, 3
      [3716, 3718, 3727]
      offset: 1
 136, 0x2b7304b615a9a5eef26b68911e25512a0be5d3a4c849f192aba5a7624299fbff, 3
      [3733, 3735, 3744]
      offset: 17
 137, 0x0a0e37f53c32d84a9ff9c13076b1353a5f1d55c3d160edc68c4d99e4d34df9f7, 3
      [3734, 3736, 3745]
      offset: 1
 138, 0x3cce68aba69a30f2d8058d06a5320816821af0d8ca34fa46680cb0281576261c, 3
      [3967, 3969, 3978]
      offset: 233
 139, 0x033afd5c6fe6403a621c0e6fa6b6f2aa629c6ab560c03490bd03bf0963d94513, 3
      [3968, 3970, 3979]
      offset: 1
 140, 0x3d1f79b5131679f97c4586ea93d1da1eed33afd36d5d6fdb129b780bebc81e16, 3
      [4030, 4032, 4041]
      offset: 62
 141, 0x2df6c787ee9af5973111a834b082877117b1cc1d6054871c554872279ad003b3, 3
      [4031, 4033, 4042]
      offset: 1
 142, 0x326874afa6af107074c0c700f9791f3ee6f12fbd387d1ec42e8ba34976dc2307, 3
      [4120, 4122, 4131]
      offset: 89
 143, 0x3ec054b8fc77241ef4f45f3bb46a2ab75d1418b0dcf8694cde4af16b74e64587, 3
      [4121, 4123, 4132]
      offset: 1
 144, 0x2a33f50bd57378c7d8a80b31097481e3c5a09f73a4459e374b722f347e06f22f, 3
      [4408, 4410, 4419]
      offset: 287
 145, 0x21722d05e8d46a09cf16f8ffddf286a9f53aa850d5bea3b29b044b82d609b2e5, 3
      [4409, 4411, 4420]
      offset: 1
 146, 0x3d39d72ef55ab1dad8832f529d79b67c73c308581438e6004059789674cba75e, 3
      [4462, 4464, 4473]
      offset: 53
 147, 0x3da01b96a1e42a1efa124f8d0c3e99c62e0e506507f981e0d05b54c02f48e9b2, 3
      [4463, 4465, 4474]
      offset: 1
 148, 0x18554a3536dedbb312a4cbae78cb02a4ceb7fbc2d03c6eeed2bd83bf95172cd2, 3
      [4489, 4491, 4500]
      offset: 26
 149, 0x38c8a6c1e49b9ab1050f1d0b1da67815f41f3aa0634bc52b4ab6b1268f88d015, 3
      [4490, 4492, 4501]
      offset: 1
 150, 0x36c5769ca0d911783db21b911d2f6a1aa1b2079301b17d7e8c839f6e35768eee, 3
      [4507, 4509, 4518]
      offset: 17
 151, 0x271daf65e4060bab981f90acba0f55c53ebfea6aef9fa8e60b80c2e5fbc673b4, 3
      [4508, 4510, 4519]
      offset: 1
 152, 0x39ebec93dd3f4981988eba62a51f3b756a796b57fd136434c9273da5733fde0d, 3
      [4597, 4599, 4608]
      offset: 89
 153, 0x3fa23cd1c5f43a2248389e78fad8a1c1d279af7894a4c0ffcfb9b61bf7ffa214, 3
      [4598, 4600, 4609]
      offset: 1
 154, 0x0e4fe6e7cee47e2a08af139099efe0135514ded80e915a63ca793269e6d5a374, 3
      [4651, 4653, 4662]
      offset: 53
 155, 0x2453b420d426846960a80acefc3f4e64f45e037c22975a4b9342d882872173e7, 3
      [4652, 4654, 4663]
      offset: 1
 156, 0x1a0e63d4a97674629f0807bc937a9a65cb4565a05f1f939a81ad579b022bb03c, 3
      [4741, 4743, 4752]
      offset: 89
 157, 0x3eb2180cc90f35f0c4094605ba0ed82939be96f451631594b13dfa49d0935333, 3
      [4742, 4744, 4753]
      offset: 1
 158, 0x3fd2edfc426066a6a20f2017d6e101d668444468b23c824c417537e8b72077d7, 3
      [4930, 4932, 4941]
      offset: 188
 159, 0x387e5bc70cbd4a400aae6db72d6b99fa9f429731f28a72c2cdef568db34f3057, 3
      [4931, 4933, 4942]
      offset: 1
 160, 0x227305580b1a0179e3f1a578bcf697dfbff2db83aacf10445da0a40c7c0cfe99, 3
      [4948, 4950, 4959]
      offset: 17
 161, 0x18b5011de6814fb5a8759372891e7ee146fe2e04fcf92dfaa662569d595a5a2c, 3
      [4949, 4951, 4960]
      offset: 1
 162, 0x3d16e93b379625857812c3ff75253f0491de50965116f5f6db8dbf355230fb72, 3
      [8892, 9236, 9246]
 163, 0x2da273167942836428152608d4cdcbabb3cdf324d5d328e0e6085d08c36b3fb1, 3
      [8893, 9237, 9247]
      offset: 1
 164, 0x1be8e342dfe7c12555a6e968ea4714f040d508b1625fd9626219788b07de3476, 3
      [8894, 9238, 9248]
      offset: 1
 165, 0x0766920b106405aab799e41b254c01ba5754fa093f688e6af7ce61b4c9bf85c5, 3
      [8895, 9239, 9249]
      offset: 1
 166, 0x2d23e95ec78f508a8cf7102b83c88d2e4c37f2c11acdbded1e39bc1e4833c47e, 2
      [15, 565]
 167, 0x3329a0c435e59fee97e1c85a311d72f172fb538aca940236cbd09d638142ee97, 2
      [16, 566]
      offset: 1
 168, 0x25ca306876a6343f4169abe92120bab009a89e45031983b97e76a68c64d73ac6, 2
      [17, 567]
      offset: 1
 169, 0x2656853a9bc7d1acbe210934d6a3637e86121aa806bd0697356e2a8f31b9f38b, 2
      [18, 568]
      offset: 1
 170, 0x19dba572c57594764a2670c50b4234df98d27f5e4c90f8f1c3f08faca311c39c, 2
      [22, 25]
 171, 0x039bf0f77bc6918f5a1f171938bcc015a92f03e7bfc4684cda00cc8757726dbf, 2
      [23, 2729]
 172, 0x3c7c85370443d7155181973ad48d4192dd2667bbd96842ca4b6bb0dd717135d3, 2
      [26, 1647]
 173, 0x15158c5369cd5690c600e29bb5f6a3c09e9f92c75c4e423c6455d44a59c8db5b, 2
      [31, 34]
 174, 0x17ba390dc560af7b9688bf39ff59fa72b091683b5195f3a8101fe4800454655f, 2
      [32, 3944]
 175, 0x0c0d47faac6094642cc0f6a57b42fe8f9a2564f6d96250b38cdfb630f4245201, 2
      [41, 5424]
 176, 0x2bb1c3df98cb8598292297230b8ce8508fafc52c2d7a7ba28fc731686bb77a0b, 2
      [42, 5425]
      offset: 1
 177, 0x0c946c260cc83133e9880bd4d3e7ef97d7ba0cc27a475ecafd39dc0a81aa5af0, 2
      [43, 5426]
      offset: 1
 178, 0x3676ab7604003b38c5bf208fff360ad8b3f9979805da2548a40f0aabd020e3a8, 2
      [44, 5427]
      offset: 1
 179, 0x2ad27783a1c980b734d5fe111f880f5198ecb52d0a126eeebb9cdd865ca995da, 2
      [301, 7324]
 180, 0x1d44828767a829881a392219d66d595d9e16fd231a03f7e90835da03fa8ba7c0, 2
      [302, 7325]
      offset: 1
 181, 0x1ba563aec3e4fae3ce4b851c2af77107eaf6d4f3e5dab9f008daf0a3051de07d, 2
      [303, 7326]
      offset: 1
 182, 0x07bdb28dcbc55f6113646fc616d483c8e143dd932d163167afdae3cb0748a074, 2
      [304, 7327]
      offset: 1
 183, 0x130aa9d97829cb29e1bd9e50616175915a47c82f1b75b4cd56a507000555b174, 2
      [569, 9250]
 184, 0x3a71ae17c525dc68243fe4956bd1c14327adc54bcea9b5aa9230a2e6cdb18291, 2
      [570, 9251]
      offset: 1
 185, 0x07a6125c17060ec9ef7059315a2091c5ec994b1510f5e9420497813372e881ac, 2
      [571, 9252]
      offset: 1
 186, 0x3a7391b422e653d61971ed163f60697cfd7376973858e3bfbabeb69a9b8852f5, 2
      [578, 9259]
      offset: 7
 187, 0x30fac61531fda25c069330819ee548c34f743ac169627d94e5887bdb7c3fff55, 2
      [579, 9260]
      offset: 1
 188, 0x2b90d3f292e113fc412d5ed8e1d681beef0490a8b0210fe65f5bb2f5aeaf066a, 2
      [580, 9261]
      offset: 1
 189, 0x2d1f267f01a8ffcc5e3fb8aae96b619050547aff2dd6a729bde8b31721b3689d, 2
      [590, 9271]
      offset: 10
 190, 0x39adcdd4250ec050afbc282470875d5e00e238b9e1e3c78fd1489a7da3153152, 2
      [591, 9272]
      offset: 1
 191, 0x277d703f8eea2b9f95e3128ae792b94448a68240d4b7121760451a32ea21033e, 2
      [592, 9273]
      offset: 1
 192, 0x23e6e1cdce0d4192051b9bc8f26cb8fe67fcf2eb545604f2a714acdd0be03d4b, 2
      [596, 1677]
 193, 0x3f48c30fc6a8e1ea2cc27e6906ac1c4b42d5c0facbdce727bc7727829581f1d1, 2
      [597, 1678]
      offset: 1
 194, 0x28be38caab9e70bc9047527298db3534937455fa8b1770bc824451e89c478398, 2
      [598, 1679]
      offset: 1
 195, 0x372862cf9530af3acb73e19375969bfb4e7b931cab1849b75d391b0007b1a7c8, 2
      [605, 1686]
      offset: 7
 196, 0x3e7721fa0855f57a42a63ca057ebc603e65fc709d386975102c31d53ff599d48, 2
      [606, 1687]
      offset: 1
 197, 0x15145d0f3c7723cc657ae87bd375e861fb53111eb26ec7e0d177c3ddc782460b, 2
      [607, 1688]
      offset: 1
 198, 0x38c6c980152c379804c058e02c13523bf338ef1754e2fb4fdbf3b5a7433ab86f, 2
      [608, 1689]
      offset: 1
 199, 0x23b8983991095061adadab9bb26927d9e4f35fa4aac8fc686fa12757ce549a89, 2
      [609, 1690]
      offset: 1
 200, 0x1f2c2558b6fd255a7128b5804c97ebac01512880ee51ade4092fbd2acf2f146e, 2
      [610, 1691]
      offset: 1
 201, 0x20002bd0d0186af1a23c9c84a133188fdf34fa48f54ccc4c79898691bd1da96d, 2
      [611, 1692]
      offset: 1
 202, 0x236b97565e7c210465f29f8fe7598457e38a5bf133b175531d9f9d6fdf285f73, 2
      [612, 1693]
      offset: 1
 203, 0x255041dee00d67b591e3b1476c4a0c7203bff64c0e814cb792d71c17aa7e6e1c, 2
      [613, 1694]
      offset: 1
 204, 0x2e56730f1a3888afb998863ac8acb4383f0190273b45a98081569e3bfbdfc6fc, 2
      [614, 1695]
      offset: 1
 205, 0x1911f37443b00253e4f41ae01252bc50712ba695919c77947bb9d50829cbd36d, 2
      [615, 1696]
      offset: 1
 206, 0x21ba0363e30a80510b3b9e1ec7fddcf3c0299b906afc40af99db5eb7c08de231, 2
      [616, 1697]
      offset: 1
 207, 0x1152f1c2bf280ddb737eba156f61407f7171833f9d5a68d0c24b5e25d47e42cf, 2
      [1680, 9280]
 208, 0x3fa94f259f397959ba55ca864d1987b9779b07f8c6c4614adab673e54df758c2, 2
      [1681, 9281]
      offset: 1
 209, 0x1659250da9d29b30f05f5bab63e67c0a0fb2be9e3439b01dbcb1aebc662f5f80, 2
      [1682, 9282]
      offset: 1
 210, 0x2ce8f7a309eace1fc1a12f72469b0fb65807ae8a66f926ee8923392178c842da, 2
      [2770, 2772]
 211, 0x1c01e04bd1acf7d45e97f1a6f36f5d6f6c047857274fc3436426e2f72051f3d8, 2
      [2771, 2773]
      offset: 1
 212, 0x1ec813d86cc2633caf8ad1f991a7dd57785d4b4cd4dabe4dd034036974acb098, 2
      [2779, 2781]
      offset: 8
 213, 0x309ebe1ab48090e40415880bcd70bdd429869537bfe55dda77ada94990375b51, 2
      [2780, 2782]
      offset: 1
 214, 0x241b71688484d31cda6a158ef97056f11989816f459013a012f0fc8bbafa1d48, 2
      [2887, 2889]
      offset: 107
 215, 0x170e7a839d612834a4b15ec97b7f3537927997d83d6aed8e64ee30df8b1a963b, 2
      [2888, 2890]
      offset: 1
 216, 0x2f59aa6fa1c81d121a931088a2d09682df415446507ce02729442d1392c25ddd, 2
      [2896, 2898]
      offset: 8
 217, 0x398b2fa4c84879f1ad6f10007c24dbd265803041fb661b68a4523a8e28531d83, 2
      [2897, 2899]
      offset: 1
 218, 0x3a52b82c4d46af963a6f6e565a80626edff39bd93834ef3de7c7e23b8da222a8, 2
      [2923, 2925]
      offset: 26
 219, 0x12133d7d69aa38cf00c38a08d9fd99f739b42d5dfa8e055d6d1a6182b08702f1, 2
      [2924, 2926]
      offset: 1
 220, 0x1bb83ccc3731e18d456bed7a61189eac5ed9c4dd5f8f41bc4898f5ac491564d9, 2
      [2932, 2934]
      offset: 8
 221, 0x004871a15f13c713cda7277fb8ca82c91f54ffc9603f46c005518486640d011a, 2
      [2933, 2935]
      offset: 1
 222, 0x33636dfe4be48bb99c2127758bdfc8fb0a980a5b12e84c18917ad1110360e883, 2
      [2941, 2943]
      offset: 8
 223, 0x2650b3d9e6ae50bbb3d5cd1144c3b6f72d589f78b22afbc0fb5d197a3ba2c4f1, 2
      [2942, 2944]
      offset: 1
 224, 0x2a5002c814fdc1c20899d155e8bab5351f89e707ab499c4ce4afaecc4451a8a1, 2
      [2986, 2988]
      offset: 44
 225, 0x21f7353965f5587da7e535cc13368b9af3819d484c3281fc8dcc7a3387ab70d2, 2
      [2987, 2989]
      offset: 1
 226, 0x0f659795178dd124ae6cf2f16c8d2c2acb2e5fc5aa223e393c0c6c59a8bc356f, 2
      [3040, 3042]
      offset: 53
 227, 0x140dfaee1fda83df723cb582b457825dcea6d3922378e7d1d3aebf93fe26375d, 2
      [3041, 3043]
      offset: 1
 228, 0x34daba13e8a25fbe25b9e1c07b07a6682ae445e2836da2ddfd3691d25d87bbee, 2
      [3049, 3051]
      offset: 8
 229, 0x3965a8a65ab35c0771dd6314f3bd6a6f27ea30c8893c19cb7c38916d22ff0edc, 2
      [3050, 3052]
      offset: 1
 230, 0x02a3bdadf63127fda7e09662b9bd861261bf5cf4c2d26a00216e3e6a0a73172b, 2
      [3085, 3087]
      offset: 35
 231, 0x13b622504948997493ed810fd219c91fe783633ea0faa34605555a6b5fb4f51a, 2
      [3086, 3088]
      offset: 1
 232, 0x0dd7a04c1441ee78b8ee94bf7fc3f19595b02f88369c464a0331de5bb500bc32, 2
      [3211, 3213]
      offset: 125
 233, 0x1dfcaf9c380d2841938c0dbedd4a2aa82834fc6d2581153290fccbd2fd878f4a, 2
      [3212, 3214]
      offset: 1
 234, 0x0d3d9028338a4c26c00c5eef1d1e1c48edf329f0da6dceab0dfc1076f0859101, 2
      [3220, 3222]
      offset: 8
 235, 0x3ec251ddc6c6e8f3f005052ccc7ac4e1f2f3e584b01df6742e5e5aa6a3115960, 2
      [3221, 3223]
      offset: 1
 236, 0x115c013afe94d324945df8ee3e73cdb54286ca106593e513e38631c07d8ecaee, 2
      [3229, 3231]
      offset: 8
 237, 0x3312fd3c1be3044f90c5cdd3d5c048828a6c8de996c2e2dc0937f4bd1ee9bc0f, 2
      [3230, 3232]
      offset: 1
 238, 0x09e02beab14184b3b2c3b63b784cf39c0c87a513b347adecaff9f103baa5838c, 2
      [3238, 3240]
      offset: 8
 239, 0x08d554719b64d00257e7109173373fd529ba4b494c4b72e0c0819f0cfc461dfc, 2
      [3239, 3241]
      offset: 1
 240, 0x3a64696257da20ce3bbdddfe3d4ea676b7c54745b0f1231146b20fe577d123ed, 2
      [3265, 3267]
      offset: 26
 241, 0x36b35290ea4c0aaf30dfa952338cb8edbf307d58e6487ce9cc0fc08a4624478e, 2
      [3266, 3268]
      offset: 1
 242, 0x37f69524c752e8dfc8a20939ceaa4f8fffdecf79120a12eea6f388e460e84368, 2
      [3337, 3339]
      offset: 71
 243, 0x3914d52f9508bab090dce39519aa1b23c7c1594944b19fb2e737c971da6bcc09, 2
      [3338, 3340]
      offset: 1
 244, 0x1801e8c09784236b79d86fb83df99639c65c7ade6b083d64ee0cb7b87029124c, 2
      [3346, 3348]
      offset: 8
 245, 0x139644a17b63b8ad315a046fdd794f80da62d390a7d667bbf8571278153c0e0e, 2
      [3347, 3349]
      offset: 1
 246, 0x143261f370c904d87400fd71564018cb4c5b960d32aa3148b643cd5931fae147, 2
      [3355, 3357]
      offset: 8
 247, 0x0dcb7f5d24cf4c42b90ee929c19386aab043d8b7d48ce57d0ce50904385890e2, 2
      [3356, 3358]
      offset: 1
 248, 0x084a4eccff003bd0a30c787fa9c0ab45f0888697f0d2b41e3bddf0991db3c65e, 2
      [3364, 3366]
      offset: 8
 249, 0x0e128f87b89bbfd43df20ae360bf2debf1b0be8c65c23330abecb4b30e648273, 2
      [3365, 3367]
      offset: 1
 250, 0x0f6d32a72db3f57b564b6012846559f5c29b47744a91ade0c131ae29b4a07c5d, 2
      [3373, 3375]
      offset: 8
 251, 0x14af193d2815409b665d682616c3a5bf0d4f0dacfa3903f23a8f5ca22143aba1, 2
      [3374, 3376]
      offset: 1
 252, 0x25cff28f69bb861c1038ea1fb430cd571863b2347b599d5a7f2caa425f4a6738, 2
      [3427, 3429]
      offset: 53
 253, 0x20f7425f4afe1a598ecfd92bd34043ad8e75d80337b5a8695e82da132b0ef071, 2
      [3428, 3430]
      offset: 1
 254, 0x355f4c180138e0f8c2f6af42082e3ea237371753758452ab1e38f183aa09ed55, 2
      [3454, 3456]
      offset: 26
 255, 0x0a56f3d125a50bf3e08223ddf6e927605dace658ad7927bb6bcf2af140c55d8e, 2
      [3455, 3457]
      offset: 1
 256, 0x1dca2d48d0d201248f92b29d131b113e8b509407ad96174c0f4734be9035c9bb, 2
      [3517, 3519]
      offset: 62
 257, 0x07964ad05d0000d99e5982562bd4f488f1735bf99f2454e7cb0dd3dd0c8372c3, 2
      [3518, 3520]
      offset: 1
 258, 0x39be87e1f80b5326a66b6974e463c1f2ddfd8a17743ec9e6e146da2d3f99bc17, 2
      [3544, 3546]
      offset: 26
 259, 0x24fa4d84b9669c4247d7d5305eaabfcfcd2d950ea25ea335b2f80c06b2db6f0a, 2
      [3545, 3547]
      offset: 1
 260, 0x30b741b1bd8869eaf15828b06c2daed3d6bb6994936a41b2a822e0c6e3930f8a, 2
      [3589, 3591]
      offset: 44
 261, 0x0df30c454140a36b3364ff0c572867d5c263e09dc9375d41e1f3be3c4f692e03, 2
      [3590, 3592]
      offset: 1
 262, 0x1b5dffa723b44f6d37b2d1a7b1b4dde68c5e4f4bfd2bd555c13e94260c76ec65, 2
      [3625, 3627]
      offset: 35
 263, 0x351940d4988baca82a70330104e899958f05a4c14264a8a1666ff6416352c312, 2
      [3626, 3628]
      offset: 1
 264, 0x20bec15f130d70f766d8c8ba456bc1e3b19305c71835a0d22807963a8ead364d, 2
      [3706, 3708]
      offset: 80
 265, 0x15ee1c2b5e9dca3a8c1e31a29fa3b4ab206ed1ade1791710efde8f17334b86b9, 2
      [3707, 3709]
      offset: 1
 266, 0x0c63131444655c0105cd52b648e27ddaab33917fe4703403b281f6378ce95075, 2
      [3778, 3780]
      offset: 71
 267, 0x2fa5201e3367cc99f906b639b04400028cccb36d591526f4bad1873906d3d299, 2
      [3779, 3781]
      offset: 1
 268, 0x0cbce3e24af3a4fa6d5ae4a3465e0bfdddf8ec3e92f196145aebf896a6184056, 2
      [3814, 3816]
      offset: 35
 269, 0x38ef162fb95b4ebba41dee4e4d65666e9ddcc3663bb12dcfbd2c08f4bf53c106, 2
      [3815, 3817]
      offset: 1
 270, 0x292a5c6c4711a8dd561ed5f55b2ccc5943bbd0cab3582a50c9702a68f8c3fac3, 2
      [3893, 3894]
 271, 0x037c92e03ca8d02e3a45f3dee208756c9b8d275c2d07ce873cf2305c72a6b6e7, 2
      [3897, 3899]
 272, 0x01c8975eb251cad1604371eb8ebeb4da843daeca04a4ccc30909e4e5effc0df4, 2
      [3898, 3900]
      offset: 1
 273, 0x36e8ce3c938a0006f54e0affc8cc74b81f85f8c91c516fb23565a90496618c54, 2
      [3930, 3931]
 274, 0x2c4c5af1d8cca34e42904fa72554a11d5e50445175f4b28c2bd23172a4e82133, 2
      [3934, 3936]
 275, 0x1f4129884d583ac023f4308d91742faaceda30b7f2a11086618cc2e2205e2b48, 2
      [3935, 3937]
      offset: 1
 276, 0x1fea9469f415d10895bb12d9027eccb158d83f0ac84c901f32f780223078ce6d, 2
      [3985, 3987]
      offset: 50
 277, 0x0e538e0a971938110e80acbc50bc759e31960794c3aa5da9e103c2bb92d86b85, 2
      [3986, 3988]
      offset: 1
 278, 0x2adcb399887e0609517ed60fae23fa04bc988b1d09597d73a493d07251af5a95, 2
      [3994, 3996]
      offset: 8
 279, 0x0164e08a8d33f0647ab7bbe5a56babe1764810f130608de4b222d7b0b9c33776, 2
      [3995, 3997]
      offset: 1
 280, 0x3a52c2fdedbdf85f206a22af117f4d1a5e81b9fee2c69874f978735d463542fb, 2
      [4102, 4104]
      offset: 107
 281, 0x3f44685f9a0f0398cd0332bfb8f44811eed0d1a8cf8641d479dd542ac8b0f529, 2
      [4103, 4105]
      offset: 1
 282, 0x1a3ddf330855703b20bde72eb27dbd4c2c87060ac932083f99d94551567fd5a9, 2
      [4111, 4113]
      offset: 8
 283, 0x2e164c85e02694f68cca837b2bd01c0724a5d0b0c0bbc110d1c28dbe39adc1d0, 2
      [4112, 4114]
      offset: 1
 284, 0x298018cef54cee6d31b77daf2264e6b5b773b8d8ee46d3c6e2aae2d9e51bd29a, 2
      [4138, 4140]
      offset: 26
 285, 0x2ec60a104e208ea2e0eac7f06d3bb16d6c79ceeaee1a33576e368d59d9f9d35e, 2
      [4139, 4141]
      offset: 1
 286, 0x1ad97317ed8e5e3c52dc10603a6ad83c3d42cc546cc605d4ddb960e9e9a6aec4, 2
      [4147, 4149]
      offset: 8
 287, 0x25b3265fa8459521b1a0e60f8ebdac1b662cc202527f3fc3478c54c9dcede9a1, 2
      [4148, 4150]
      offset: 1
 288, 0x04a6e18e367d530b544865ac238bf81836acf8525e7f7c3c19da8f407ed13e82, 2
      [4156, 4158]
      offset: 8
 289, 0x244d3dc9f4b0aab70afe0d4919dd38d6a4f427a066aba9224088622be317dc49, 2
      [4157, 4159]
      offset: 1
 290, 0x11846d64f484050fafbdc8a273348f89c911c41bb1f67907523f22853a68f159, 2
      [4201, 4203]
      offset: 44
 291, 0x32fe3803aedca3b33ab00590fce1315caea17ddb8fb6daefc39272984db0d5f0, 2
      [4202, 4204]
      offset: 1
 292, 0x19c0311f04d12e7018f4a77355266d70717b7f72ef3c995ea524357f5abc5b28, 2
      [4255, 4257]
      offset: 53
 293, 0x08dede80f53b700812bf3190c7d26e0c78660e25917435c04c55c2d3c0c13d3a, 2
      [4256, 4258]
      offset: 1
 294, 0x29ee6cf8bc9b50f134504172ded9f926733ecebaa7f92109bd280e3807e86ae0, 2
      [4264, 4266]
      offset: 8
 295, 0x3dd95fe56926c4634cfe4bcdc0b0b00621c303231b83b1510d49a207612ced11, 2
      [4265, 4267]
      offset: 1
 296, 0x301ec96c9ab8c7181884efd8f513e7e0fe7ecb3a3ff1c092630ca2879bf1e7f0, 2
      [4300, 4302]
      offset: 35
 297, 0x0fb92ee6995b8e0e93f4471fb32f583adde23d4712a905d679d5e078273eec27, 2
      [4301, 4303]
      offset: 1
 298, 0x21c56cd31052e15028bc3862bba8072c635607b0c775780fc99e23fea49f71e8, 2
      [4426, 4428]
      offset: 125
 299, 0x3ed1ddfdde6fdeaef603335b024c263090e72a8840f810ae595b9a1a4345673c, 2
      [4427, 4429]
      offset: 1
 300, 0x3a3e8a16bea4a3148d82f9a3100105f924eb3a9e3d9dc7b0f190cda92591d4f5, 2
      [4435, 4437]
      offset: 8
 301, 0x333ba7205fcc5025aa4dfaf3b96e64cc7f75335898e6b8371fe15e43617aaa33, 2
      [4436, 4438]
      offset: 1
 302, 0x252e8692cf15d1175370410a17b82090f2574873430daf2851a7ac0fad8b7211, 2
      [4444, 4446]
      offset: 8
 303, 0x3a29206b74ae9cab4d482bdd727bf3425627b9a9efdfecb6ea72bbd805c8e594, 2
      [4445, 4447]
      offset: 1
 304, 0x12abeff54613429dad239e4a3e0e26b0f957b6278f5c21d3a4bebc292b11a91e, 2
      [4453, 4455]
      offset: 8
 305, 0x1064207481d460d94e51215cc95c46907e1cfecae9dd024c81c32a98840b1201, 2
      [4454, 4456]
      offset: 1
 306, 0x14bd17703d5e5f9de29f00ddafc267c5b969a3c5bb80441c3f21c03454062a19, 2
      [4480, 4482]
      offset: 26
 307, 0x2f71be5b5d05f9ce0f1c5306802105da4d0315aa68aa6ca151af4da48429d0ac, 2
      [4481, 4483]
      offset: 1
 308, 0x14aa4b4dec849b410e053d986377e17a6435330fb05171e8df9c58254b91bc1c, 2
      [4552, 4554]
      offset: 71
 309, 0x224f64d2e4098676d2a0a55a9f5ea0d88a03599d884562deb432a9647e781f67, 2
      [4553, 4555]
      offset: 1
 310, 0x0cb95b814a49284ef74c6147d05629d3efd46912cc86fc3312b233e076d84b7e, 2
      [4561, 4563]
      offset: 8
 311, 0x082a1d0e29f84895d747cf00f1abcafdf61559ef45e4c6869f1ec4cc7e8eaeb8, 2
      [4562, 4564]
      offset: 1
 312, 0x1a054bc45dd99792ccb7ae3ea06d4dfe1bb5de610c0fd1ee2f5a45043d1375af, 2
      [4570, 4572]
      offset: 8
 313, 0x279a5b5f25800c0643c99a3496e75155cb7931d1268de1f680a20cfe53067f3f, 2
      [4571, 4573]
      offset: 1
 314, 0x3bb5a8f8ad1885586784480a004c399837124f451309acbb8956cf7354fae0e2, 2
      [4579, 4581]
      offset: 8
 315, 0x2aaf789ad81cb070d0dfd6acc74922528b8ed1404e8b2fe6620869451a31a678, 2
      [4580, 4582]
      offset: 1
 316, 0x2a201cb08d1f7068f6b71e82c5f722a1ca798b1ffd9e1e249eab455414b7c137, 2
      [4588, 4590]
      offset: 8
 317, 0x07aff43ce484f5acc30c9099c2feab6d9fbb61498e50b8ccbb92df4c787b3ca1, 2
      [4589, 4591]
      offset: 1
 318, 0x148b8fe05ff70bd1c4801eb20ff0d70a04712b42c440a704d333ff23bed405fd, 2
      [4642, 4644]
      offset: 53
 319, 0x0387031b43b3b1305f32d728634dfacf4527874843b34962ad989f08b7f17f01, 2
      [4643, 4645]
      offset: 1
 320, 0x0a6b0fb94125ef46e9def16765889ba9cf6044c87ec8574927bfbb3d1b89ef34, 2
      [4669, 4671]
      offset: 26
 321, 0x0732aa8957dade00dd6000a541d3a0286a63dd8b78bef494d57f74c845645fdd, 2
      [4670, 4672]
      offset: 1
 322, 0x115834d3d2c5840d7ad8b9643ed1ae2d25ed3199c55d2d2184866079da356964, 2
      [4732, 4734]
      offset: 62
 323, 0x2461657f16c7d6bfc1e206f0af46624a779dc68b4713f07240b42bf9fe319bec, 2
      [4733, 4735]
      offset: 1
 324, 0x2089c5d16e6a847d083489004cd8dcf305bec927dd9beafb54ef7a06db5668cc, 2
      [4759, 4761]
      offset: 26
 325, 0x3e4350d91ffb0ad6dc4776ffd85d6db2acc54646ded1a3790d26b28315c4b172, 2
      [4760, 4762]
      offset: 1
 326, 0x03c37eaa5ae17ae0a440cf4755e975c1010fb6f8117a0007a86b75cc96f0ad9c, 2
      [4804, 4806]
      offset: 44
 327, 0x28f13185c6cd8fc552961a12e5f3ebb8f8e8c3750a8b2689511bfaf7f6f6afc3, 2
      [4805, 4807]
      offset: 1
 328, 0x0e212d0b8e4550fcd65db22cebe1915fd69336242f46879c2b94eda52f977bd3, 2
      [4840, 4842]
      offset: 35
 329, 0x39e9bfa7a0a72de7f9e1873d5b0327268904d3cf323ebd71e19ee991f186df50, 2
      [4841, 4843]
      offset: 1
 330, 0x1f561c8b3df365c29775aeceeacd57ca7dd54dd084ee33adccd5b13f36f62015, 2
      [4921, 4923]
      offset: 80
 331, 0x350a242b3232abca7400d12fabe7a8190dcba075818e9a64d05fc0f88e6e591d, 2
      [4922, 4924]
      offset: 1
 332, 0x283daf6dabc787ae52a32458711d722020435e214f3e62486212710ae2554e91, 2
      [4993, 4995]
      offset: 71
 333, 0x1d46d3d770d5d7d369d37b60a84a8d3efeebd07812fb7e8e5754e15b9556b903, 2
      [4994, 4996]
      offset: 1
 334, 0x0c3555435071a5a43bf4957aac882c99036f91e2a2a8dcc7bdc0fd1e3b779c8d, 2
      [5029, 5031]
      offset: 35
 335, 0x1686fa0244d9f827ef713a23af6793356e92746ed5c1a6ba83036d9a47c9970d, 2
      [5030, 5032]
      offset: 1
 336, 0x03f9055550430f0d17037dd66718b9d7c153b60cb7bd230ca169fa30203e945e, 2
      [5108, 5109]
 337, 0x045304ccbb0c23c25efdf299d502de50a2b6d1ea6c88f1eaec3baece3e488a6d, 2
      [5112, 5114]
 338, 0x3bc21c2396e428e4fe0af9dfe1bf4f9f322409c44914ee70e9989a9e4b0edde2, 2
      [5113, 5115]
      offset: 1
 339, 0x320703ab33bcf7566b926cdbf581a9cfd059b2ac183c6762b56e6682a7d595b2, 2
      [5137, 5139]
      offset: 24
 340, 0x010763e604010dd9e2c0842b094929e09890a4e9624b2d7501a37e531976ec3b, 2
      [5138, 5141]
 341, 0x1c82556cb40b9ed2e04bf23eff77ee098654900dcfa2b952dc154a9500b41147, 2
      [5159, 9231]
