scalars length: 10349
freq>1000 (count, total, %):          2,       6030,      58.27%
freq>500  (count, total, %):          2,       6030,      58.27%
freq>100  (count, total, %):          2,       6030,      58.27%
freq>20   (count, total, %):          2,       6030,      58.27%

top values:
   0, 0x0000000000000000000000000000000000000000000000000000000000000000, 4317
      [1, 2, 6, 7, 14, 16, 18, 19, 20, 21, 23, 25, 28, 29, 30, 34, 36, 37, 40, 43]
   1, 0x0626383c9ddc168d9de5ce77bea995ef010b59d5fbad32ee28b3dd61be044bd9, 1713
      [0, 8, 15, 17, 22, 24, 26, 27, 31, 32, 33, 35, 38, 39, 41, 42, 44, 47, 49, 50]
   2, 0x032d2097754b2c984e5d859ed2efea53012153a0ef73aad1e3ad1c7f2497cb05, 16
      [557, 572, 584, 1577, 1661, 2611, 2651, 5087, 5088, 5097, 5109, 9273, 9297, 10245, 10271, 10302]
   3, 0x15f5e25d30a3b10c8228c0035755540e5bfc1059c3f60729d84d3ac1798bd2b5, 5
      [5110, 5118, 5122, 5149, 9245]
   4, 0x3655b8d26fc864df4cf8d276c8467b3d56f54dcaea9db8b30fd96edd19ab3280, 5
      [5111, 5119, 5125, 5150, 9246]
   5, 0x3dade7d606a158b8099ba948010611ac6128ccf504ee19563be8719955a20b5c, 3
      [4, 1640, 2714]
   6, 0x0c24e4604282f7cdf8388dc0213eba7219a41416ae70161efc84f45fff4a9331, 3
      [9, 13, 1658]
   7, 0x314aeb7ceb11b054a901efd97ba248890016381563bfe0d90bad80fe00e7a080, 3
      [10, 1655, 3933]
   8, 0x10593e5903a0e074026a7d8d438b04ee23815ea90ac41caa8cea8f6a93839e0f, 2
      [3, 1643]
   9, 0x05969a3f0b325bfa5ca845bc9428a715162a1f68ec4e9dc596845fc52aefb2f6, 2
      [11, 12]
  10, 0x16184a23364f676da26b2f9c914e0cfdf850970bc1e89a154fa7ec1cb1deb921, 2
      [5083, 5089]
  11, 0x14c6d62a9b1c2f4c0728f99d5edad66167782a81ce9f10d9e6cdd072856ed68d, 2
      [5130, 9294]
  12, 0x381736f02a47a0883a84ee0e94c5cb4725b72bf78e8ee800d13fac6dd3da93c5, 2
      [5131, 5134]
