scalars length: 22233
freq>1000 (count, total, %):          1,      10450,      47.00%
freq>500  (count, total, %):          4,      12704,      57.14%
freq>100  (count, total, %):          4,      12704,      57.14%
freq>20   (count, total, %):          6,      12763,      57.41%

top values:
   0, 0x0000000000000000000000000000000000000000000000000000000000000000, 10450
      [1, 14, 18, 19, 20, 21, 22, 23, 24, 25, 26, 27, 28, 29, 30, 31, 32, 33, 37, 38]
   1, 0x0000000000000000000000000000000000000000000000000000000000000001, 772
      [2, 15, 1584, 1589, 1592, 1593, 1601, 1610, 1619, 1620, 1627, 1628, 1635, 1637, 1639, 1641, 1643, 1646, 1647, 1648]
   2, 0x00000000000000000000000000000000066562331b26cbf2b7d0833863dc94e8, 760
      [1585, 1587, 1595, 1605, 1607, 1617, 1618, 1622, 1630, 1633, 1640, 1642, 1652, 1656, 1662, 1663, 1666, 1667, 1675, 1679]
   3, 0x00000000000000000000000000000000066562331b26cbf2b7d0833863dc94e9, 722
      [0, 8, 1588, 1594, 1596, 1597, 1598, 1599, 1602, 1603, 1608, 1611, 1615, 1626, 1631, 1634, 1636, 1638, 1644, 1645]
   4, 0x400000000000000000000000000000001be136c8ee6ddcead47667e89c236b19, 37
      [1802, 10449, 10744, 11027, 13628, 14416, 17590, 17598, 17604, 17616, 17630, 17638, 17644, 17652, 17658, 17668, 17674, 17696, 17715, 17749]
   5, 0x40000000000000000000000000000000224698fc0994a8dd8c46eb2100000000, 22
      [55, 1728, 1749, 1750, 1809, 1897, 2846, 4116, 4117, 4126, 4138, 4155, 4156, 4165, 4177, 9506, 11316, 11322, 11611, 17685]
   6, 0x400000000000000000000000000000001be136c8ee6ddcead47667e89c236b18, 9
      [79, 1912, 2876, 5335, 5336, 5345, 5357, 10455, 20437]
   7, 0x1fc8606be5e587fba44ee7aa9c9c61dca036aa70838e0638ad6d9cbbcee69686, 7
      [18812, 18872, 19346, 19521, 19537, 19760, 19994]
   8, 0x3a180738c14af31b3f1561912c35100c6556e97a28315c8fe03b0798a9014a0d, 4
      [5358, 5366, 5370, 5397]
   9, 0x061078da08fc263b49270777ea3065c20bf66bcdccf70b01ef1b0b8719a0492e, 4
      [5359, 5367, 5373, 5398]
  10, 0x000000000000000000000000000000000ccac466364d97e56fa10670c7b929d0, 4
      [17352, 17640, 17824, 20320]
  11, 0x40000000000000000000000000000000157bd495d34710f81ca5e4b03846d631, 4
      [17660, 17816, 18737, 18738]
  12, 0x3fffffffffffffffffffffffffffffffd585fe96c3c3197cee80c47c51a90521, 4
      [17719, 17818, 17828, 18742]
  13, 0x254c5193af4a3c61da2957c196b2121ca738fdc23448592156d75ecf26fc96eb, 3
      [4, 1891, 2962]
  14, 0x2727899387dcabd41033f37fc195c98778e5e7871e7c7323df9a473174ee9262, 3
      [9, 13, 1909]
  15, 0x2f907989f4ce0c2a3ab791dde465999c56cbccee53e79f0e4b7717c06ba37af9, 3
      [10, 1906, 4181]
  16, 0x0000000000000000000000000000000000000000000000000000000000000002, 3
      [17, 17472, 17690]
  17, 0x02030c456db58cb168a173bb81e8e07f85781292f0d1cdc839ed1a05fb4759b4, 2
      [3, 1894]
  18, 0x2727899387dcabd41033f37fc195c98798e0d286a63e6ee176acd74b683d7aef, 2
      [11, 12]
  19, 0x400000000000000000000000000000001be136c8ee6ddcead47667e89c236b15, 2
      [34, 20383]
  20, 0x250d0feabe6a9c35fe5d2e6df15717d425788c247343c22701629ff65970b46d, 2
      [4112, 4118]
  21, 0x16bb05962c167bc3592ffb2455c59e0e423c1616a1f838c0cfe2172c25fce430, 2
      [4139, 4147]
  22, 0x0dcf547d99c27006210e123440bbf3f9b1d8edf6e0d8f905f997485657d63727, 2
      [4140, 4148]
      offset: 1
  23, 0x2da7af10ae18d87a91ac1bf88aa82f1d4cab2fde5864224250e0bd9799d677a4, 2
      [4178, 9490]
  24, 0x2a459ee7545b94c09952ddd566180278c4482ad2253fc7c19e4bff0bfcc94a62, 2
      [4179, 9491]
      offset: 1
  25, 0x37eb45a5cd1a6571be6431d0d4a0ce2be1c3a88296537157bcdc414a41e377c9, 2
      [5331, 5337]
  26, 0x1a0bac9278ed4a62461b0635c8cee34c22b6fb44d44ea457959e8d9a1d982f6c, 2
      [5378, 20434]
  27, 0x3efadd657e915b51dfd1b14ed0be5a3fcc6b25b1d2b23fcd786f94af8d12132e, 2
      [5379, 5382]
  28, 0x4000000000000000000000000000000008b1102f9cf97912ad04de3f708dac61, 2
      [10738, 14404]
  29, 0x1ac9d8bc901d459af3065f31560f7e3847d8c387388f7f49fefc21a2a86f3327, 2
      [11323, 11612]
  30, 0x3543e657a7654d0d2d5b5ef3ef5fbae686b2a78a0dd7d1c1ee4d246e7694535e, 2
      [11324, 11613]
      offset: 1
  31, 0x110c5cdba1bbc302e332228b3d44c847f8dd70d159e33927179ef460371d983d, 2
      [12183, 14407]
  32, 0x3ffffffffffffffffffffffffffffffd1c5b2ed4343e4324aab8e579ccbd9e59, 2
      [13634, 13640]
  33, 0x3ffffffffffffffffffffffffff99a9def2b723016dcd85a53e30e8c18000001, 2
      [13646, 14422]
  34, 0x0e0958c367e7c4330f03a7d8dd5679f519e862b1be91a0a21a2c539b8344a3a2, 2
      [13647, 14423]
      offset: 1
  35, 0x07bd85f7f6ac74eadbf3ed3d4b180844508bbd86efa0380dc0ffa1f6b141a914, 2
      [13648, 14424]
      offset: 1
  36, 0x19ff810077b8fd1065438d71b1c148c69ecdfd7729eba0a7fbbf435cc2d401bc, 2
      [13649, 14425]
      offset: 1
  37, 0x0a20d347b9cd10f07ecb0aa8c8175bd2ec1ea692c5a5db74f7865ddac38407b0, 2
      [13650, 14426]
      offset: 1
  38, 0x1e9a901d7eee6300c8c395cb460e2e32e12148cf5f4680e8e1e44327ded41870, 2
      [13651, 14427]
      offset: 1
  39, 0x3ffffffffffffffffffffffffffffffc893f5c3cc3c1f05626fd1b68d3ec3d81, 2
      [14410, 20416]
  40, 0x2666666666666666666666666666666660a67ea062d6d5135896280e89b64ae7, 2
      [17117, 19288]
  41, 0x000000000000000000000000000000000332b1198d9365f95be8419c31ee4a74, 2
      [17313, 17353]
  42, 0x2cfe32184e4a8b32e46a855cba6208a232c295d1d7706e4ebb08720cd3bae04b, 2
      [17603, 17804]
  43, 0x11e6d3105747bf232e97e66abdabe11ca4710e0fc4e78c290001c2c3f14c32ed, 2
      [17639, 17716]
  44, 0x279a9bce8a1d345b0487ce0ed1df2ddd4a1e344f38d909e8b1020975f44b3229, 2
      [17653, 17669]
  45, 0x00000000000000000000000000000000465b38322aaac36de5f5a36c4a7a65f8, 2
      [17717, 17820]
  46, 0x0b2aad02cd619fff600cbe26f4bf1c57ad76b01aa1aaab83dd0c11067ffb6dc4, 2
      [17730, 18501]
  47, 0x2f90815a5082dc8eb0ecfaaba5496a5cfd95c0a7464de3a9a915bce9d05178df, 2
      [17819, 20323]
  48, 0x34d552fd329e60009ff341d90b40e3a874cfe8e167e9fd59af3ada1a8004923d, 2
      [17831, 20327]
  49, 0x000000000000000000000000000000004cc09a6545d18f609dc626a4ae56fae0, 2
      [18613, 20324]
