scalars length: 10329
freq>1000 (count, total, %):          2,       5471,      52.97%
freq>500  (count, total, %):          2,       5471,      52.97%
freq>100  (count, total, %):          2,       5471,      52.97%
freq>20   (count, total, %):          2,       5471,      52.97%

top values:
   0, 0x0000000000000000000000000000000000000000000000000000000000000000, 3514
      [2, 3, 6, 9, 21, 30, 35, 36, 38, 45, 47, 50, 52, 55, 57, 58, 59, 61, 63, 64]
   1, 0x2405f583c68a368e3b3603bc4b337f3a1bc0909748320f9d6723fd7e582bbb68, 1957
      [39, 40, 46, 48, 49, 51, 53, 54, 56, 60, 62, 66, 67, 68, 69, 71, 72, 76, 77, 79]
   2, 0x1a53a4ac2c037164dd96c858e3edb82a11c27b0f1bcc39821738d88cd62e4e33, 8
      [6604, 6671, 7256, 7323, 8504, 8571, 9156, 9223]
   3, 0x0de80f9b40da0ef6dd9a3fb75a30c7446afb79879d709fbdb34c99d10d08a072, 7
      [3580, 3582, 3591, 3600, 3609, 3618, 3627]
   4, 0x2f886ccf71cded9c9f88f3a2bf9fedf70e2d1a80919c734f0924da3a2da9054b, 7
      [3581, 3583, 3592, 3601, 3610, 3619, 3628]
      offset: 1
   5, 0x0a9914d26bc00707f845c61dc8754bd82e6151f96aa3aa41d06c62853b328482, 7
      [4795, 4797, 4806, 4815, 4824, 4833, 4842]
      offset: 1214
   6, 0x144f7be880a8047373492c23df74a67da8100534478c3a49d0b36443a572e087, 7
      [4796, 4798, 4807, 4816, 4825, 4834, 4843]
      offset: 1
   7, 0x07e2625652c4e9fddc1d3d241263203b4167793a9c2afbf240993900ebe0e9e5, 6
      [3031, 3033, 3042, 3051, 3060, 3069]
   8, 0x25bdf3f5df49665a8c6da0269d04bdb395bcf0865a055661b07a2c1fa9a94b23, 6
      [3032, 3034, 3043, 3052, 3061, 3070]
      offset: 1
   9, 0x1a94d49c7de79a85c9fb6213db959d6146b908dda939e8ed8473b6cac4b18c58, 6
      [3265, 3267, 3276, 3285, 3294, 3303]
      offset: 233
  10, 0x3456c3feff4b26e2dbb3e63332b5e09f1fda424854b4f1d1b55f6ea84c22a655, 6
      [3266, 3268, 3277, 3286, 3295, 3304]
      offset: 1
  11, 0x33561f1274e8d3c39db442799e389adf02b3866e8cf1585e47e5e5b55fa7a3be, 6
      [3885, 3887, 3888, 3904, 3907, 3912]
  12, 0x346c76f460dec5deb14a6aa3cd8c3f477cb9c329d6504d0f67bc2b10d0ad7f57, 6
      [3886, 3889, 3890, 3905, 3908, 3913]
  13, 0x3c91a0604a360483e1f244fe0a735931de112d63c29a15eb19803acea6d3a907, 6
      [4246, 4248, 4257, 4266, 4275, 4284]
  14, 0x001ff864ebd68285959800b7f7dadc0ceaa39b7e9858fd58d0300d974c8bc9fb, 6
      [4247, 4249, 4258, 4267, 4276, 4285]
      offset: 1
  15, 0x0e2dca84fe030113470058f316926b2f3c078a4276dab752177db216f566e85a, 6
      [4480, 4482, 4491, 4500, 4509, 4518]
      offset: 233
  16, 0x2009dca47f06c4ab63a936ecbe8cd183edfe03c1505df21e78a52ff7c7e38b19, 6
      [4481, 4483, 4492, 4501, 4510, 4519]
      offset: 1
  17, 0x3d87bd4f4fc07517d22bb1adf78f50f93ffe2c5fd062ebd26f4284ade028fc98, 6
      [5100, 5102, 5103, 5119, 5122, 5127]
  18, 0x2af66de94a4460959a085f443650540eb7b229efe753d5b0a367ff9f12d77fc3, 6
      [5101, 5104, 5105, 5120, 5123, 5128]
  19, 0x327ca0d1c7e3876c665e7a1c7879e5b24d4dac311159853f126aa270c8ec6a28, 5
      [2815, 2817, 2826, 2835, 2844]
  20, 0x1ad271391127090468ec3766f3ac0ee22550ba19d8f307d54c37e2d5febcc5a8, 5
      [2816, 2818, 2827, 2836, 2845]
      offset: 1
  21, 0x20c057397219b48b7ad4b63d86fb226a63f6d0acb0729b630ba08b8e9126c7d1, 5
      [2860, 2862, 2871, 2880, 2889]
      offset: 44
  22, 0x333325b7580aacd196e046c8e49f2c084535569f920fda888ec50ba6b63e1788, 5
      [2861, 2863, 2872, 2881, 2890]
      offset: 1
  23, 0x263dcc777287e0148cfa2060211d250f8f547f18b039ca437d1e2f5efc6197cc, 5
      [3661, 3663, 3672, 3681, 3690]
      offset: 800
  24, 0x3f16c140b01814e5a167a23ffee45b5593fcf4e8435530a493f511c0493c85ac, 5
      [3662, 3664, 3673, 3682, 3691]
      offset: 1
  25, 0x04aed5cb5357a04d418a89648455665f46e3cb1c658aee772f983c6218c952f2, 5
      [3706, 3708, 3717, 3726, 3735]
      offset: 44
  26, 0x1979ae266ae5cd6734c2126d7ae4146bff9c3593f7dea7bbf938dc1c7c43b0f3, 5
      [3707, 3709, 3718, 3727, 3736]
      offset: 1
  27, 0x160c572bd3fc1b3fcbbf810472154892fd40ccf5c262576417ce6a5780a24ef9, 5
      [3922, 3924, 3925, 3941, 9225]
  28, 0x24ffcbf31f7b2e0db98ff14133b22961b8745edfa9ede594478c3a467378bcb9, 5
      [3923, 3926, 3927, 3942, 9226]
  29, 0x0b84fc6c4ec4ee209cf15622ae6cdacc0147567e0515f3624a9647570af69cda, 5
      [4030, 4032, 4041, 4050, 4059]
  30, 0x1d730c2572f31bbc9eddf686970eae7e874bddf8374c7b81e1269568477253f9, 5
      [4031, 4033, 4042, 4051, 4060]
      offset: 1
  31, 0x1b091f951801bf2c61fba56351df5c9d59d432a796e2789b2b2c3aea500a3b51, 5
      [4075, 4077, 4086, 4095, 4104]
      offset: 44
  32, 0x3fcceaec5b220e1683f296aad9958b267c819b9bcf1bcb2cea252e07ad885942, 5
      [4076, 4078, 4087, 4096, 4105]
      offset: 1
  33, 0x12f0df554579c45fb85b1d7962db6b715fbc4d3b590d0b63fba74c8ab9d0a7b4, 5
      [4876, 4878, 4887, 4896, 4905]
      offset: 800
  34, 0x3b1082bb6b212be2bc5410761a8c625c1a4667b890539cd355751bcc378c6613, 5
      [4877, 4879, 4888, 4897, 4906]
      offset: 1
  35, 0x04938fd2a90a5ba66797a1c2a340ba73f359f30e456d458ab039af1c33ae54a4, 5
      [4921, 4923, 4932, 4941, 4950]
      offset: 44
  36, 0x17f2fc0f45445c6c9b43d6d77bdf6f374acd06ce61ff3eb010ca673761e10d80, 5
      [4922, 4924, 4933, 4942, 4951]
      offset: 1
  37, 0x0682ecdc32bf56b9d06beccffb3189528783a82f555a6643482e5889da1ccb17, 5
      [5137, 5139, 5140, 5156, 9228]
  38, 0x35ce6fe76f7d317f44a601b37c087077a1dfaf15c6da4d23c6b6cdb4f1992c43, 5
      [5138, 5141, 5142, 5157, 9229]
  39, 0x235d6f1de147fd22a70094919aabfe9475f64512e4e1e0bd713d055f7a1f326c, 4
      [2950, 2952, 2961, 2970]
  40, 0x052b72c5d7975cf8ee84fa23c6599eef6d28582f74010e7f0c5327f53089ecd6, 4
      [2951, 2953, 2962, 2971]
      offset: 1
  41, 0x2c7447ca1221fa0b784ad5ec2308ca3011a69d42889503c21aea389a3858ba48, 4
      [3112, 3114, 3123, 3132]
      offset: 161
  42, 0x1db81b066aa759c4c757a29cb6222137e9befa904e6bae53383b2c691980246c, 4
      [3113, 3115, 3124, 3133]
      offset: 1
  43, 0x30f0a04f685169caacbfe5b84ca01e0ef3d99717af745b56928b5dce09be3440, 4
      [3310, 3312, 3321, 3330]
      offset: 197
  44, 0x1ea01abe3c11985c83211d4ae6c4f13acfd718d79b383e509b9773ae6d7d0795, 4
      [3311, 3313, 3322, 3331]
      offset: 1
  45, 0x0b77cf7e8191b0c9690cc0d3a9af481ecbdcebe1e6ae60470d325fa217782bb6, 4
      [3355, 3357, 3366, 3375]
      offset: 44
  46, 0x1a619da0b158b369e010518b93ac93b6e486cd3997a795bd947935905d763372, 4
      [3356, 3358, 3367, 3376]
      offset: 1
  47, 0x09f58201bbb3910e287f5acb2fc45c2c7b9163dc49729e5454cc66830718680b, 4
      [3382, 3384, 3393, 3402]
      offset: 26
  48, 0x20572517ca13bf920301a57d036528032c8136c5c0cbc5d6854b067891d8035d, 4
      [3383, 3385, 3394, 3403]
      offset: 1
  49, 0x1ad55c91ac9d27ede8739bfe0984607c31ea8c75621c6ded2d6a262e9dac5577, 4
      [3436, 3438, 3447, 3456]
      offset: 53
  50, 0x1773a745ccffec0249bc20cd1c49ff403361e251a8320ed7ffdd4690fc239a94, 4
      [3437, 3439, 3448, 3457]
      offset: 1
  51, 0x1f21f7de07bb2de9c902ed5fc36430743a416aa47e64fbd2973855d991743295, 4
      [3553, 3555, 3564, 3573]
      offset: 116
  52, 0x1bf3cfa9ccc386afd6f16dae811c594189a5c13660b6c0b3d734f0351ee49a93, 4
      [3554, 3556, 3565, 3574]
      offset: 1
  53, 0x0f499a05d54d1b88b014f3842bfa4591257c88648e1a2f7b47f1debfc26c38b2, 4
      [3778, 3780, 3789, 3798]
      offset: 224
  54, 0x00769e75cd51c7066a91d639b17161094a246bc4204551f7f5aab4188d5fede2, 4
      [3779, 3781, 3790, 3799]
      offset: 1
  55, 0x20f38fce8a102a7fa8ad55cd9eb7fc6442aa8c16f6550997e7f424aeb000dd82, 4
      [3850, 3852, 3861, 3870]
      offset: 71
  56, 0x3772c949d1da76a9cf391cacb63f3a282266ce3dca3fb57635f864e5a2321fdd, 4
      [3851, 3853, 3862, 3871]
      offset: 1
  57, 0x3e3648f9f3e44007da5d81ca460bb634f258956cb0548e312f756fdc7a797cef, 4
      [4165, 4167, 4176, 4185]
      offset: 314
  58, 0x23d1817a0d45a97a90a67d39fc4f28bfe14788d84beba3903b2967b79dd6cd35, 4
      [4166, 4168, 4177, 4186]
      offset: 1
  59, 0x3ffb6cf3c5d8f11f7844710119be2a30e74633173bc55651215ae5e80191be37, 4
      [4327, 4329, 4338, 4347]
      offset: 161
  60, 0x008709c604827f6e2df61e96d5d79853de11de8781180d144b216a99de79276a, 4
      [4328, 4330, 4339, 4348]
      offset: 1
  61, 0x0a295490eb61e048c2e4f8da9dac9ee003b7269714290528d0eb6daaa88acbda, 4
      [4525, 4527, 4536, 4545]
      offset: 197
  62, 0x30a7821e065a90ed784e63d2b41721b89d730c7a62ddfcc4444b795086b7dbbc, 4
      [4526, 4528, 4537, 4546]
      offset: 1
  63, 0x38f3ce818fc6a29dbf65f9f6566931f5834c5db9ee82eb9b9a305325a5059764, 4
      [4570, 4572, 4581, 4590]
      offset: 44
  64, 0x3be5a6f575cc475012542df995b21c8ad29d36e07ba8fe9dd4635eff779c2701, 4
      [4571, 4573, 4582, 4591]
      offset: 1
  65, 0x264807750df329451f3e97525e8c68384247b5f8c13551bce282525b906f7cea, 4
      [4597, 4599, 4608, 4617]
      offset: 26
  66, 0x2dad282a1a2ce3d6e1351d2b714e9527ead04be1ca5d259b31ee359346f0e08c, 4
      [4598, 4600, 4609, 4618]
      offset: 1
  67, 0x1b974439f51bada8b316d089ae30595762155a399e4fb32a37657e3390789bc9, 4
      [4651, 4653, 4662, 4671]
      offset: 53
  68, 0x3b050c188466f26d8c2823469250b548c39258165fcab7f3de3154df8eef6ba1, 4
      [4652, 4654, 4663, 4672]
      offset: 1
  69, 0x0fc2cd40c05073c05e96e76c4b5050eacd4363b7b2e95b965b9af8197656e3e5, 4
      [4768, 4770, 4779, 4788]
      offset: 116
  70, 0x2693718efd177b11c899bbbf4469cf2b236d7e7edd3bf0714e826067cecf9050, 4
      [4769, 4771, 4780, 4789]
      offset: 1
  71, 0x17ddfa17bb850270239e75a430620e26e76cda49813a89d67cc6fe1e46ef3a0b, 4
      [4993, 4995, 5004, 5013]
      offset: 224
  72, 0x0b9ecc14d12d4f18417a8ace053adb7883b8a36df6443e980acec1ea9f714c0a, 4
      [4994, 4996, 5005, 5014]
      offset: 1
  73, 0x3ed0c3a70c570e7d5d5189f0abc2e196d37489530311b601ba3e5b8c441690c4, 4
      [5065, 5067, 5076, 5085]
      offset: 71
  74, 0x189322b73e2abc1428b74e6d20b0cd4c4e1adfff6bb91ec54cc64a7ab17da838, 4
      [5066, 5068, 5077, 5086]
      offset: 1
  75, 0x2d9629bfdf7b6ecbc61934e15b28f9dbfc0ff5fdecbeb5b5864c52fd56e29aac, 3
      [19, 2736, 2745]
  76, 0x12e38199e01602396bfbf75e902b6306ab6fc02b3c908bf5b52cf8f35763229c, 3
      [20, 2737, 2746]
      offset: 1
  77, 0x214516378c2fb5ffa07f04eb1582b7a4bc7d6bd623ffa68b4ac3f73b7457719e, 3
      [28, 3951, 3960]
  78, 0x21ac0e01f613b86a44ce3826878c75eee9e1c4d17895261f8bf31529a810af1e, 3
      [29, 3952, 3961]
      offset: 1
  79, 0x04d10cae3dffc83af3a87d466d600765442731202a831db3a4b8c1e5f0e719bb, 3
      [572, 1653, 9253]
  80, 0x16ca700198776d5752b723257724dfc2110bf7811e9336d5538ce7abac53c618, 3
      [573, 1654, 9254]
      offset: 1
  81, 0x1a109132ac30d481c0c654fe7ac70c21e39e3853443d35a2ab15a32135180a90, 3
      [574, 1655, 9255]
      offset: 1
  82, 0x246f8bf02a61190d77a4bd695c30766e0c0f4ba923f1d33f44ed8412949df3ef, 3
      [581, 1662, 9262]
      offset: 7
  83, 0x217c3431d2a44bad4532f2785a2ab325adb17dd386a2e539aae70de70994cc64, 3
      [582, 1663, 9263]
      offset: 1
  84, 0x35c511b7db273f10e5275c6584d6daf204c5d25cdabc0eef8cf7f450001e2dc2, 3
      [583, 1664, 9264]
      offset: 1
  85, 0x1152f1c2bf280ddb737eba156f61407f7171833f9d5a68d0c24b5e25d47e42cf, 3
      [599, 1680, 9280]
      offset: 16
  86, 0x3fa94f259f397959ba55ca864d1987b9779b07f8c6c4614adab673e54df758c2, 3
      [600, 1681, 9281]
      offset: 1
  87, 0x1659250da9d29b30f05f5bab63e67c0a0fb2be9e3439b01dbcb1aebc662f5f80, 3
      [601, 1682, 9282]
      offset: 1
  88, 0x3f51b1132a6322e9facb0f15bf9ca92b74159fd1d7a7e90c7699a293e1f5642e, 3
      [629, 1710, 9310]
      offset: 28
  89, 0x2c7900042fce822fd980740bc313e56f7045e5f5e2db3cb896287fcb797ceb6f, 3
      [630, 1711, 9311]
      offset: 1
  90, 0x273463b4199515558fe679aa6d07c148488448b8ed77d3b097c98f9066214169, 3
      [631, 1712, 9312]
      offset: 1
  91, 0x125398dca724cdb3c7626163e7db1e4d922ed10cd82b02f6341f2e8032f672b3, 3
      [632, 1713, 9313]
      offset: 1
  92, 0x265769b1bc27d4c9c0949aad0fd147faa8886c4c69d5dc1c8a18c14f8677dabd, 3
      [633, 1714, 9314]
      offset: 1
  93, 0x093a9b38bf3106d086bd5a7388f7b7e1d916930dbe887ea7d7589c8669d6d167, 3
      [634, 1715, 9315]
      offset: 1
  94, 0x35b498f9ffceb6582080255cdf454a2d4af0373a9a1ce4a52e45a93598e075a3, 3
      [635, 1716, 9316]
      offset: 1
  95, 0x09297586944675e2f543a856adf2afff8d1bdfc7f74de8535bd60eea4108e863, 3
      [636, 1717, 9317]
      offset: 1
  96, 0x2067c7ef216475958b603400d40021531dad818ef7b02ea3ce5288cc690c3530, 3
      [637, 1718, 9318]
      offset: 1
  97, 0x19cb26fa39754553e7192359e952efff864b691d2a978aaa7d29f25fccacae1c, 3
      [638, 1719, 9319]
      offset: 1
  98, 0x058e4fe7b8643ef17394ec4d3659883e5c749387d12c439d1411ea43b224b585, 3
      [639, 1720, 9320]
      offset: 1
  99, 0x175bf5578b9d06b3e25fabc7463bd4a92bdab4691a3b01da132dd97800ebd443, 3
      [640, 1721, 9321]
      offset: 1
 100, 0x1fcc1172c99dec2076c6fba80719486b8ed8ec7a3897d3bffc99ff6bb513a546, 3
      [641, 1722, 9322]
      offset: 1
 101, 0x19e95d19b6424095ab83a091e66bf2425966c74583ab95e2618c4032c12f13a0, 3
      [642, 1723, 9323]
      offset: 1
 102, 0x1d8d66170fabbdf79e731093899b68214ebcf1a58b69b91d8f90c7f828763b3d, 3
      [643, 1724, 9324]
      offset: 1
 103, 0x27af8dc064e6992f1d50e65f79a9da5558377687a33c1eb407e39f0583fe2302, 3
      [2932, 2934, 2943]
 104, 0x0aa18205b8605591814262fb16526ba3dd3cdb793c13e015a450732bf7143d04, 3
      [2933, 2935, 2944]
      offset: 1
 105, 0x349e93266a31c509b4f376392f271c3fecbff7ce200ba4e131e167d348bd52df, 3
      [2977, 2979, 2988]
      offset: 44
 106, 0x12fc2fda28bcf7e08b0cdf9abef448d708ff477c59fb5fd77992e14c74c5ed9b, 3
      [2978, 2980, 2989]
      offset: 1
 107, 0x003a051f66235dc442a96365f681976f6b4808100037aa2b453d03ea2e210708, 3
      [3013, 3015, 3024]
      offset: 35
 108, 0x3a6e3423b781ce476e5ab8862a73418e20aa5c9e63c4a214753e54705d6a3473, 3
      [3014, 3016, 3025]
      offset: 1
 109, 0x18b9f9a03b4fc82d62592932a1d28b7cc801e5a4b8484909008b932094d0fb26, 3
      [3076, 3078, 3087]
      offset: 62
 110, 0x21f0567fff2e95c524ee995c5ca07abf9949d478665fcbe91ded27f86278ee18, 3
      [3077, 3079, 3088]
      offset: 1
 111, 0x243bfeb5ab5a1b760daac4be9fa500b4a2b7b83f2836658e7883fc80c5ea8cdb, 3
      [3157, 3159, 3168]
      offset: 80
 112, 0x3c77f5853ee0cc23f4d616de02115d5d1899c8b28ce33a7344a715cf274901ad, 3
      [3158, 3160, 3169]
      offset: 1
 113, 0x030d7c38c71a8e574c58c749bf2dbe4a26ecbda860adc2f8a68cc3e942d8ed17, 3
      [3184, 3186, 3195]
      offset: 26
 114, 0x07de8975724a5491919a77a49b6b4bde5f325c5c2b35521892ab90b93c941ca8, 3
      [3185, 3187, 3196]
      offset: 1
 115, 0x1e2c4203c5c3437881a360b941be464d369f73665646c6543f415f98aabbd551, 3
      [3202, 3204, 3213]
      offset: 17
 116, 0x39abf8398bfa37a8a24189af2fa09ded7ccd5afd73b94402fccd84211434fb87, 3
      [3203, 3205, 3214]
      offset: 1
 117, 0x1c501832524cbac11fa3bfbe9d76caeeac2b1c2684821aab971fb0e0e970c92c, 3
      [3229, 3231, 3240]
      offset: 26
 118, 0x296bd01ce54c6701b2b8dafa1b7c601a5356dda5495205495678ecedc7585c68, 3
      [3230, 3232, 3241]
      offset: 1
 119, 0x1cff2c6846bc777d66e2a75e9b980da9d02ae55c49faf67734e12d4c280c348c, 3
      [3337, 3339, 3348]
      offset: 107
 120, 0x16b58d8fa57da00e822cc20c44ada68cca191f3ae158fb2d9bb960fda5f5a24f, 3
      [3338, 3340, 3349]
      offset: 1
 121, 0x05228388790b0b34d3c3995f49c3697924111202ea10747bcf837a4483e96f7a, 3
      [3418, 3420, 3429]
      offset: 80
 122, 0x32ec16724b388acae41c55b1e9e50c8b33223a52c56407d4175b3eb7e44eaeb6, 3
      [3419, 3421, 3430]
      offset: 1
 123, 0x36b77a60672d209bc3da5d0201e432ebeec644b88cb749bf3b8cdd617b762ebb, 3
      [3490, 3492, 3501]
      offset: 71
 124, 0x398a104f6a4078493d7140b287729d38f21fbd3f73b8fb4c07b0182fc2d1dcd6, 3
      [3491, 3493, 3502]
      offset: 1
 125, 0x1c8d06b9d8e5bf9b04d0c5b0f702ced6083f4bed128b814ede7d0a18ea4b0e03, 3
      [3508, 3510, 3519]
      offset: 17
 126, 0x3265a005c84c4dcd6c6ea7e156499a82757abdddfbd1c3f858260cca07122fe4, 3
      [3509, 3511, 3520]
      offset: 1
 127, 0x09109f8d6e37db93e57eb37781b8d3e4c73c7e82c4caa6fde888d8f7d2d68c63, 3
      [3535, 3537, 3546]
      offset: 26
 128, 0x1add175a02f7bca6897b8af3fe5f8b6f6a338df32102a99629cf8ff92c1d69e7, 3
      [3536, 3538, 3547]
      offset: 1
 129, 0x00490f18d782f16f30e569113dba2566d5cdd13a60bfe3b21572c111da04f95f, 3
      [3643, 3645, 3654]
      offset: 107
 130, 0x0b8729150d7a8c44cbc260d5a4a44d4497d32067f9ef527ab35d1022d8b97461, 3
      [3644, 3646, 3655]
      offset: 1
 131, 0x39ba4461b249a7e293f4b732213119da66782223c535d11684ac3fc940e185bf, 3
      [3751, 3753, 3762]
      offset: 107
 132, 0x1273cc7ba137bb028e89b84078a875a3e158cf39ebf091df79fbf8e953530991, 3
      [3752, 3754, 3763]
      offset: 1
 133, 0x258cc54d067682695e842f80cdc8bdddfdbd604fd8e9118d5ed0a50091a5adad, 3
      [3805, 3807, 3816]
      offset: 53
 134, 0x29c7b2e8b321b6fd9ab1d2a8250ce3ee69e22bc555a0cd1ce4a2c64d0222be76, 3
      [3806, 3808, 3817]
      offset: 1
 135, 0x39dac7998581dfa018a88f437c446fe4889661a5ffc98e5ac536a7cd59107e75, 3
      [3832, 3834, 3843]
      offset: 26
 136, 0x29dc1feea56a484cb2f66ac09a3428dc260eaaa780e8785895c539f922d1849d, 3
      [3833, 3835, 3844]
      offset: 1
 137, 0x1daf61c1fd96ce967976c633f4fa1fb6626976441fef5d74bab2c34aba1b4140, 3
      [4147, 4149, 4158]
      offset: 314
 138, 0x3eff6ef16a9d9aa4f699b141194a5bd109ab57b4f873164b423effec763b2ea3, 3
      [4148, 4150, 4159]
      offset: 1
 139, 0x130ba8334ee8792e39b086c3a20494967380abff13a7f5bfce200116ef7670ee, 3
      [4192, 4194, 4203]
      offset: 44
 140, 0x13b6f3c64731a593724b68be69f3713eca2b715b7324382ecb6155afc6e77b6a, 3
      [4193, 4195, 4204]
      offset: 1
 141, 0x1876392b01b0061775f2fe0302fd6dadc37e0bb655daa035f897962487f1d35e, 3
      [4228, 4230, 4239]
      offset: 35
 142, 0x1b004cdb2e5f60052783ad4616c251a9978011a8c3d673e3ab4d4421b04278c9, 3
      [4229, 4231, 4240]
      offset: 1
 143, 0x36d4336d2d2aadd6e19934dd1cdddd041527b861afe229968de02019104ac455, 3
      [4291, 4293, 4302]
      offset: 62
 144, 0x2d23fce5678edff50d93d804e067d8de73aa38a31745d52815f4af34df99ab6f, 3
      [4292, 4294, 4303]
      offset: 1
 145, 0x393aac2ce05ebc979a8172cc2230f8396de5d2427eefb3631f867cae51082064, 3
      [4372, 4374, 4383]
      offset: 80
 146, 0x266b3175a03445939f09ee717820460d6786e3be5cfcc82ca143033233673eae, 3
      [4373, 4375, 4384]
      offset: 1
 147, 0x3da8ff8ec6e977bca7e6100a37ee230540ec44536da984326edd6016c74aca2b, 3
      [4399, 4401, 4410]
      offset: 26
 148, 0x0e9a1e4cfce034aa9da62f3b8ac928d7678e041813d400b09fc2c3f637bca7b1, 3
      [4400, 4402, 4411]
      offset: 1
 149, 0x121ffef173b9d5a4b93619a353a5784209d2ec2bcfb0a44c7b298b3883e6febd, 3
      [4417, 4419, 4428]
      offset: 17
 150, 0x3208dfb40652d67cfea976828a0847d0d03fd677ecb3b3b55e546d3f5d119ea6, 3
      [4418, 4420, 4429]
      offset: 1
 151, 0x3f7d0bd2e979df0eb13d144b261826ffb16a70961f8205c82059632c0b6e447e, 3
      [4444, 4446, 4455]
      offset: 26
 152, 0x373dc534e0c288c09d54b9fefa014acbf3bbbd05dc5914feec18d8686c181001, 3
      [4445, 4447, 4456]
      offset: 1
 153, 0x22caa4421eecd70cef30e65cc63b62dacb6755a84782c84d2cd352c4eadbbced, 3
      [4552, 4554, 4563]
      offset: 107
 154, 0x141cd4f078f31b23ecbe3f7c4499f3620d520aa3592ce2e901f9710cf54b16f0, 3
      [4553, 4555, 4564]
      offset: 1
 155, 0x1c16f42d95d396fd77048a5cd773bdb41433bdd15331fde11d6f59648b60b8f0, 3
      [4633, 4635, 4644]
      offset: 80
 156, 0x2f30d7376ea30dd12d61462f295869992849204685dad3ae6e610d3563b5a645, 3
      [4634, 4636, 4645]
      offset: 1
 157, 0x01e021360481630383d8e7058b127a94bcd6886458a8561b8e8bc69674dea980, 3
      [4705, 4707, 4716]
      offset: 71
 158, 0x2a61b7af35fa76ea46ff122e88fa22f19003f827f685f36c8649b05fa2369f95, 3
      [4706, 4708, 4717]
      offset: 1
 159, 0x0fe76190262f4a127cda3c04f03713622c6a1c89c13076319c0c50d766725cdf, 3
      [4723, 4725, 4734]
      offset: 17
 160, 0x24defdf7f3cad51ad2f2e0e7877416fac53d714428894b69291acd225ef46ecf, 3
      [4724, 4726, 4735]
      offset: 1
 161, 0x0addb41db2f2c82b754cdad0ab8f40ca73afd61bb243bdeeabdd8e8cbb768162, 3
      [4750, 4752, 4761]
      offset: 26
 162, 0x276bc86bbfc2467a8367e81f7675968bea0c04d07891413446146ee077765858, 3
      [4751, 4753, 4762]
      offset: 1
 163, 0x2623ed0db8721799ba87efe7323a2ca3d9e2fa39daecf18446e795c741871f0f, 3
      [4858, 4860, 4869]
      offset: 107
 164, 0x0a46861bdb5e2353b39b02cbe187d4540fefd1466266a2a8186ccc823a3ecfce, 3
      [4859, 4861, 4870]
      offset: 1
 165, 0x2ba0065865612c845d45a9dad2dc7f5f5438831431300196c9c764d0d94e926d, 3
      [4966, 4968, 4977]
      offset: 107
 166, 0x0d6ec051234733043f4c626bac52019921fce683abf3293b367440b7f64e4210, 3
      [4967, 4969, 4978]
      offset: 1
 167, 0x05168ac96a39124255e85358758c136a43abb684ff8ff0c917f0b6f2f40240ff, 3
      [5020, 5022, 5031]
      offset: 53
 168, 0x13da97e016c79ee690f360dc74694e9f9285c6ff050d9159114026478276a48a, 3
      [5021, 5023, 5032]
      offset: 1
 169, 0x0295021ef51046d822059a40cf9a609f412360c4bb6ff27f25cd2421178b93d3, 3
      [5047, 5049, 5058]
      offset: 26
 170, 0x0c6b22fee355536ebab27c7490d22f87703ca25fc76a8af31d258f64e1eab047, 3
      [5048, 5050, 5059]
      offset: 1
 171, 0x39deeaf3220316d8ce74cbf663097029b365d6dd2277b70b696107ce789cc00a, 3
      [6992, 9232, 9242]
 172, 0x19d7552e986f109769bbaeb7b36f85fcb948f6a89d04e822db0083ba18d02064, 3
      [6993, 9233, 9243]
      offset: 1
 173, 0x2a22838d1a2d2e7f75c68d94a3eb2ef7ff355bcaed6c472564d07c19654d3e74, 3
      [6994, 9234, 9244]
      offset: 1
 174, 0x27101134b251c0b2d28e4313b93724312f70a5547f33424ff408fcb7f96072fe, 3
      [6995, 9235, 9245]
      offset: 1
 175, 0x0f8034e76ff0f851b3f02ec1b0f71a4db89509f8f4b82ef0d94d17568ca12ff4, 3
      [8892, 9236, 9246]
 176, 0x297a9eeb496d20c27d2893ba1e6ea1b999a619894f417669e25acb09a40c6e82, 3
      [8893, 9237, 9247]
      offset: 1
 177, 0x2bdeade08ea61bc901b013f6d803811db36f0199518a3e7fa658e5e98822f60a, 3
      [8894, 9238, 9248]
      offset: 1
 178, 0x3f14f6452af8ad094cf6938e1c82a405bff2767b21cc52fc20ec22f6674e15cf, 3
      [8895, 9239, 9249]
      offset: 1
 179, 0x370fd5d10dacf66f91d7e39053a323f1e170238e4f2a7345bc478b66413dd7cf, 2
      [11, 561]
 180, 0x0c8d2db3b40e3e69dfacdb7c1afa3427d913c7ae14a7100875893fa60a5b574d, 2
      [12, 562]
      offset: 1
 181, 0x0a21984b944df6f03859b3ee6b991ad16461fc4d0f11a8692d8003064a3a6e08, 2
      [13, 563]
      offset: 1
 182, 0x3f5386ac9c33a25acaf6fd98f861578aa6f58755974b1aac5715e508f3d79fd8, 2
      [14, 564]
      offset: 1
 183, 0x3d16e93b379625857812c3ff75253f0491de50965116f5f6db8dbf355230fb72, 2
      [15, 565]
      offset: 1
 184, 0x2da273167942836428152608d4cdcbabb3cdf324d5d328e0e6085d08c36b3fb1, 2
      [16, 566]
      offset: 1
 185, 0x1be8e342dfe7c12555a6e968ea4714f040d508b1625fd9626219788b07de3476, 2
      [17, 567]
      offset: 1
 186, 0x0766920b106405aab799e41b254c01ba5754fa093f688e6af7ce61b4c9bf85c5, 2
      [18, 568]
      offset: 1
 187, 0x3d79f6318baf12bc437598e3547f846d3b4d15256e29b7fabc1bd27613a01728, 2
      [22, 25]
 188, 0x04fbf578e993b01b04aa7114cc97cc0e13fbc2ae52a2b19e4751c329a0ab25ab, 2
      [23, 2729]
 189, 0x11c8b1ea1df98764922e8603651b6257aa876f902918dc269173fbab2bdc3d28, 2
      [26, 1647]
 190, 0x269285b61024afab1cfb0047011e92f2067fc4d69344a39466d1198f20851785, 2
      [31, 34]
 191, 0x3618beccb23d8e2716014778bd390e1174de5cacaff1f220cb44fd3f5d880305, 2
      [32, 3944]
 192, 0x3163ffefe42d5eb361ecda11067961fb6744532faf9fc4508f72886acd2877c4, 2
      [41, 5424]
 193, 0x38ed9e076bf8ff83bc879b09ba924d4d4655ae243e510b3ec1dd900ef493f1a6, 2
      [42, 5425]
      offset: 1
 194, 0x12aaa5148a6273fd8ddc925db99fd57296ab44388d1aa506ad3fb1aa64245210, 2
      [43, 5426]
      offset: 1
 195, 0x1535cb3d251da02fbf8483e513f18684943edebd7430c997f0f8731b9f4ff7e8, 2
      [44, 5427]
      offset: 1
 196, 0x04944451ac2f511e5ee897a3cacf322cac4de532364ea98b27b6f54a89333b7b, 2
      [301, 7324]
 197, 0x2097eeccebdef3c4dc8dc1e4ae4f524d2b8c68213decc571fd45f89d2b8f9a5c, 2
      [302, 7325]
      offset: 1
 198, 0x0e7af9f6059f264c07703c7ea91f4836c869df3fcaa67d129b6103c6f67cab75, 2
      [303, 7326]
      offset: 1
 199, 0x36dcfbcce7a5cc2fa87d710148f18c9a8da14a61bf73a9ccd8caba89fbce2f98, 2
      [304, 7327]
      offset: 1
 200, 0x130aa9d97829cb29e1bd9e50616175915a47c82f1b75b4cd56a507000555b174, 2
      [569, 9250]
 201, 0x3a71ae17c525dc68243fe4956bd1c14327adc54bcea9b5aa9230a2e6cdb18291, 2
      [570, 9251]
      offset: 1
 202, 0x07a6125c17060ec9ef7059315a2091c5ec994b1510f5e9420497813372e881ac, 2
      [571, 9252]
      offset: 1
 203, 0x3a7391b422e653d61971ed163f60697cfd7376973858e3bfbabeb69a9b8852f5, 2
      [578, 9259]
      offset: 7
 204, 0x30fac61531fda25c069330819ee548c34f743ac169627d94e5887bdb7c3fff55, 2
      [579, 9260]
      offset: 1
 205, 0x2b90d3f292e113fc412d5ed8e1d681beef0490a8b0210fe65f5bb2f5aeaf066a, 2
      [580, 9261]
      offset: 1
 206, 0x2d1f267f01a8ffcc5e3fb8aae96b619050547aff2dd6a729bde8b31721b3689d, 2
      [590, 9271]
      offset: 10
 207, 0x39adcdd4250ec050afbc282470875d5e00e238b9e1e3c78fd1489a7da3153152, 2
      [591, 9272]
      offset: 1
 208, 0x277d703f8eea2b9f95e3128ae792b94448a68240d4b7121760451a32ea21033e, 2
      [592, 9273]
      offset: 1
 209, 0x332de1bfbf244426f95eb01492f7f80426ea71adb5864db0e8ff380543947407, 2
      [2752, 2754]
 210, 0x2814fe9889ed1b01392cf77ffd5857bb82a67040876a2501057c3b716228000c, 2
      [2753, 2755]
      offset: 1
 211, 0x0f7771c882a3881250eaedda847a805da0930c31cd4c7d67566b522c66603a58, 2
      [2761, 2763]
      offset: 8
 212, 0x3e986912a83ac03fc3598958b8ce70090d1b1646dd00b2bf4c88d89bfe564e78, 2
      [2762, 2764]
      offset: 1
 213, 0x1c64b3426c39c7905b05773da3862e4e628458735bf0486464290123f157fbe0, 2
      [2770, 2772]
      offset: 8
 214, 0x0f5c1e27800e11f1cbdef6a47276d9302d10d3c6c617c911c412743938081057, 2
      [2771, 2773]
      offset: 1
 215, 0x1926bcbe951e22ba2cc87128e16b867f54a6a49b44b3eb5a306b6404e4c3550a, 2
      [2779, 2781]
      offset: 8
 216, 0x0a0fc820462655409f19c156d06ae483944a1ede6146474dec8971ea0d47614d, 2
      [2780, 2782]
      offset: 1
 217, 0x2ef092e04ab4f8df043ccdfbc38e27fe4fa81193b1fdb31bc277c5a7c4371bae, 2
      [2788, 2790]
      offset: 8
 218, 0x15cbd79e397ab9aba2c744433d61a88d434c39ac4b9bcd3e1d3e4ad9a158e8a6, 2
      [2789, 2791]
      offset: 1
 219, 0x35d8b0d725a9b9a7caa18244745abd5953ba81f22ce5bc9dec8e67eb3633d490, 2
      [2797, 2799]
      offset: 8
 220, 0x2567bcd67871f80d1c5134523a34029def365d5d73545fd216dc4c572ac2d1d2, 2
      [2798, 2800]
      offset: 1
 221, 0x2410e8e353ac72a93b0fa7fc6ecd27eeb6875fce1713a5115cd0b12d342ba70a, 2
      [2806, 2808]
      offset: 8
 222, 0x1140607adf263bfe522e91eb5bac70803a1de2d56cbf0d80ca01cc9dc7bdfc1b, 2
      [2807, 2809]
      offset: 1
 223, 0x1a15771b00bfb371f806563241f0e24270bfec5fac1286f4cd9aaf2d078c9bc5, 2
      [2851, 2853]
      offset: 44
 224, 0x3bafd3a42345abdc3ff345934dcdf2dbb7642dde65228cf2c325ec9f636e2e54, 2
      [2852, 2854]
      offset: 1
 225, 0x3358459da5c509d0190da536f40c01105127fee1dedbe36b1589a104c415cce9, 2
      [2896, 2898]
      offset: 44
 226, 0x3db377314047520a31617bde88748620ac4b3dd506e6d6545d27473245984aae, 2
      [2897, 2899]
      offset: 1
 227, 0x24b877ec6ce314d62a7866696a8236ee1fbcc487ffb4c553ef9bc9bbb973d3ba, 2
      [2905, 2907]
      offset: 8
 228, 0x1b5564195a85561ae963a758654d7f6e613b30e96344c6d35fdb98fb1c38f16c, 2
      [2906, 2908]
      offset: 1
 229, 0x2e67b71207fb9731bc980b7b01602d013bb38e4e8202168ec066166f43574be4, 2
      [2914, 2916]
      offset: 8
 230, 0x3b47891a81c54d4b900cc6ab805b4e283dd8e7a51dc60db290d655baf90e49b3, 2
      [2915, 2917]
      offset: 1
 231, 0x3b69148ae6d8f3262723b5ef22c1908e7dbbc62b64dfeeacf3b14a96e1ca5f0f, 2
      [2923, 2925]
      offset: 8
 232, 0x03d21b1b8fe00def5b36113f0e013efcfbc3ed2b74bd526eb8404206249e835e, 2
      [2924, 2926]
      offset: 1
 233, 0x16d6076b7b4048d3e10e0d7906d64070caf291b0dab774b256d7d0df303e185a, 2
      [2995, 2997]
      offset: 71
 234, 0x2e12f57787eae600b448e9ab4b82bf8f8fb3daa3fc39c61fe5b030796bd1da17, 2
      [2996, 2998]
      offset: 1
 235, 0x36b9c522e311b521635bfa4f08afc01604aa2516c0541ddd3c4eaf0e4bb88385, 2
      [3004, 3006]
      offset: 8
 236, 0x089f6b264354047deb8c60a528e98c4701640056917ff2efd1f3d8096e324ff0, 2
      [3005, 3007]
      offset: 1
 237, 0x17a296bdba92aa5d734037f19018c9169b0103f30bcabc8b4448b6db5ce3a5c4, 2
      [3094, 3096]
      offset: 89
 238, 0x08064aaca209d289b5d2257116056edba1e065b034b86ffbaf7d52b3598706b3, 2
      [3095, 3097]
      offset: 1
 239, 0x12373cf395a388d66031fd78d19f4c98722405d386397e89b30038e359a2d394, 2
      [3103, 3105]
      offset: 8
 240, 0x1b753513885fa9da4700969cbce77a25b6ad1c8f41d62ae4da3dc0b55fd46dc2, 2
      [3104, 3106]
      offset: 1
 241, 0x04f168058ca5124cb6d87e9012db71bdffd6db6ddfe5bcb931b39a04281acb13, 2
      [3139, 3141]
      offset: 35
 242, 0x296db0dce4ec3061bd1a3619585dd0e55fd69e3b7d3b2791d3be0f6f92b83967, 2
      [3140, 3142]
      offset: 1
 243, 0x2a6c4c2831b3b37ed52c7860e01358f3c267cd9e5bc8f41c372ab7c0b8911eaf, 2
      [3148, 3150]
      offset: 8
 244, 0x2d83d4b5a72a5b69ad02f9c7c3d7e34ec633eb34ba48322b1436e1962df6b6b9, 2
      [3149, 3151]
      offset: 1
 245, 0x131320f6f251535d6538c8f77fc929579c37e4c32d6520db72c9919f14092442, 2
      [3175, 3177]
      offset: 26
 246, 0x22ecb54ae9d72fe42b13fdd8f106011bae7556b4756e933c5f3c4a99e2c52943, 2
      [3176, 3178]
      offset: 1
 247, 0x114731f9cfba312ce6c710ea34ef0d9dc5e4945075e3f4d3115c287f0b8859c0, 2
      [3220, 3222]
      offset: 44
 248, 0x1527a853751c3d00e6361bdb3db2caec7affbc3f77f01215058b36db029345bd, 2
      [3221, 3223]
      offset: 1
 249, 0x15fd9ed0716a8a637de14667da4bfaa119f22e89e52c600918388f956b7e5026, 2
      [3247, 3249]
      offset: 26
 250, 0x2aa4d062d05a3a33efebb3642910c3300ad837dae55121a38a88787a3027f8b9, 2
      [3248, 3250]
      offset: 1
 251, 0x0b32b62669301771a34aa992d63aff58c4ad1adb6532a7ced1ff1ab78ee6e7ce, 2
      [3256, 3258]
      offset: 8
 252, 0x1ab5fcd3899c24721e2a2f8ed1c446a36bb2fce7b3356b2cf380697273d937d8, 2
      [3257, 3259]
      offset: 1
 253, 0x2f4e528b652aaee8fbd9769985c663677719c3f7a093f85f9d1d43203854f5a0, 2
      [3409, 3411]
      offset: 152
 254, 0x115f309f98a8fc9c691c9cc61812e54179227626db25e7651e9a6570663a2ff4, 2
      [3410, 3412]
      offset: 1
 255, 0x069d4334a87066d94840af182eeb33feeae9c4ea9a6525af0958ff1f70181339, 2
      [3463, 3465]
      offset: 53
 256, 0x207992fef15a01ab3c4a58c570bcee952616007b1fb134f75c0b9d7932dc5a29, 2
      [3464, 3466]
      offset: 1
 257, 0x2b31e89d327c6dc8e817e2ad777d240595d98635003dda52d35a0e7163e273ca, 2
      [3472, 3474]
      offset: 8
 258, 0x35a56365fbe12c17f89a4a9103bc1cb70d891c291a017abaf0cd091fa076b52e, 2
      [3473, 3475]
      offset: 1
 259, 0x28ff825e507f20bc55ca5993230c8c75ddef5de61ae3714693e8b1e1ff0d181d, 2
      [3481, 3483]
      offset: 8
 260, 0x308f2f6e2eafc2cd294c58048d6cab19c50595a453f3b44c4003c54b09ea7a10, 2
      [3482, 3484]
      offset: 1
 261, 0x343734a9c255ddd9dbe3b051c4cb3264bc02e90a97bdc79322683bbbe77fe068, 2
      [3526, 3528]
      offset: 44
 262, 0x1a9ed816451e4368f7683883db4d377c81804759cfd027e6321c2b69bb9df24f, 2
      [3527, 3529]
      offset: 1
 263, 0x1807a5331beef153ccf6823172bbce048cfb9ce12d5feafb1cf0a1a6a3f0442b, 2
      [3634, 3636]
      offset: 107
 264, 0x3caff8e3573c90a6550600613181d4bd5d6fef04b63466944d65e99d96c6db64, 2
      [3635, 3637]
      offset: 1
 265, 0x0d2527d5eb967387aa90032760ed584c1642b2fcb77c23f77e6b684823e803fd, 2
      [3697, 3699]
      offset: 62
 266, 0x01223e5c2cdee05189b4b119f4be70fe8ea36e07496e69a054f2f9a0208de87f, 2
      [3698, 3700]
      offset: 1
 267, 0x18daea8dbb36061ab5c3faf42472237bd6a511695c3be594d785ef33b2a05af7, 2
      [3742, 3744]
      offset: 44
 268, 0x1a842e0ab7ce254800d5b8b53e79baf7e49772ca34f7b086b63cbf5744c9967b, 2
      [3743, 3745]
      offset: 1
 269, 0x15588c6609110e4e1c4d0638a22debc6bc67776a028ac5517bd9ea66e49a8586, 2
      [3769, 3771]
      offset: 26
 270, 0x20487724586a41bf9cbdfc929b2b0601436eacd6c245bee4b1826bec2fddb37f, 2
      [3770, 3772]
      offset: 1
 271, 0x133424e94c7a14a0f45a636b45eecbf63b4a67edfaeb22797cf47294abc5e104, 2
      [3823, 3825]
      offset: 53
 272, 0x3fa2f93ca24a2ba0ec2a9d7e62c6217506fd2ae8573d7685a1f2cd59dddb2756, 2
      [3824, 3826]
      offset: 1
 273, 0x2ee59293a3b4ed539e7239596c7e74502287037f8aeac20edfa9deaa44643fb9, 2
      [3893, 3894]
 274, 0x1004dca439dfaca435e803c36fc4f7e84211908aaef69529466f5e530ac67bc3, 2
      [3897, 3899]
 275, 0x253aeb08c45e59534917a2ba8b67e8ff6f45a014593537e518a65c3779c8b2e9, 2
      [3898, 3900]
      offset: 1
 276, 0x2cc42efe104f027d4e67360084b8ee8adbde8a1509f31164f5ebae69dd17c251, 2
      [3930, 3931]
 277, 0x22c065bb239380b9bd4ccc180c308ccdb06367e9a9b51a505683d6912765d905, 2
      [3934, 3936]
 278, 0x08679531a4216c574c9463eec5fc10b771bfcc4668257083efc9501363ddc985, 2
      [3935, 3937]
      offset: 1
 279, 0x00667160df0d17e8e61ed18cae58d7c8a6eb6463d0c5dd5207fd8566d7b58f5e, 2
      [3967, 3969]
      offset: 32
 280, 0x1bf778e4072afdf11a178bdd69c60e37c7b7f367d3a0367e29da2a39bb1cf785, 2
      [3968, 3970]
      offset: 1
 281, 0x313d7e2a0a402961e89cbc5dcf18f5df9580b88acfbdc8e6eeae637c9069d061, 2
      [3976, 3978]
      offset: 8
 282, 0x1172cd295febb3342d2d7c68fe59b2c9803e4ce892848bc773bd0ad7075cd0fc, 2
      [3977, 3979]
      offset: 1
 283, 0x13723d2853f3fbf36f9801b07be56b269b3f370183f08ce76d49b11e1a30a4ee, 2
      [3985, 3987]
      offset: 8
 284, 0x0b26583b37fa25cf6190a3f6866d09d4cf8529d7016bd69bbb8d4baeebb20378, 2
      [3986, 3988]
      offset: 1
 285, 0x0b999e656ddfc96df624b516a69aee869c45542cb3840300ed2a1e1e99531bc9, 2
      [3994, 3996]
      offset: 8
 286, 0x2e03f4cd98e2ad5cd39ba57faa7a0506618857c73d012c650314f41bae00cc8e, 2
      [3995, 3997]
      offset: 1
 287, 0x26656bb19210df219917a2b1e3b6be652c459889a7e97a1594a92db6fecb4e46, 2
      [4003, 4005]
      offset: 8
 288, 0x141a34639287d46c3084063d99c305d0171beabcaedcc34beeb45b7df4234d66, 2
      [4004, 4006]
      offset: 1
 289, 0x3c43d785355b43169b468b6839b6a22665f54a7d0403d980d48af62a7ac4d77e, 2
      [4012, 4014]
      offset: 8
 290, 0x0222f392b16d13656431c9ddc214f0527442696b620099f0411cb9fdc8d6190a, 2
      [4013, 4015]
      offset: 1
 291, 0x231b8e0ad8045091c815ecf2b22ea9325baebcbfd0125fbdb2bb082e301b95ef, 2
      [4021, 4023]
      offset: 8
 292, 0x37f523cc0b5bdb25386a622827ca76fbd393e2e809f88ae07098064dda4b8014, 2
      [4022, 4024]
      offset: 1
 293, 0x096531529c4f749789441b0af4436e85dccc82f5ec1d7e2bbaf29fae523379af, 2
      [4066, 4068]
      offset: 44
 294, 0x14066503c0c822b882190369289d50cf3b6e79f798f5ec8cf91d1b5d4b1f38c5, 2
      [4067, 4069]
      offset: 1
 295, 0x0bfd77768eb1a510bc2a88454759d0bcc87677349a7af48c12846d9be279195c, 2
      [4111, 4113]
      offset: 44
 296, 0x135b2c29dc67aebb479cc07a1ea23563be2a3c32fabd1cbf5c6b811dcbaff47a, 2
      [4112, 4114]
      offset: 1
 297, 0x308243f7c347c98f68353b9bd728d343a9b79a7a0fa9cfd6d8a850c7eaca221f, 2
      [4120, 4122]
      offset: 8
 298, 0x07e8604bc5d0a58698aec2cd0d97f3c8a7a823fc5b1c0ab6bec36db66f7b6cad, 2
      [4121, 4123]
      offset: 1
 299, 0x12a105721534d4467d55097395942f8cf4ead03dd05b2aa42e307e8a26e706a3, 2
      [4129, 4131]
      offset: 8
 300, 0x31ebba2ce52f9ad5ef1e11c861f2f38dfac082c77c94f2e9e9b7130754ce5c49, 2
      [4130, 4132]
      offset: 1
 301, 0x3508b06b3d7964747f503b7281585e36a0f74a4eb0473cfaa112123a35870a34, 2
      [4138, 4140]
      offset: 8
 302, 0x263c0243873ec9e38ce73a46157e4131f6093bf599df7527349ee2e2eba13f81, 2
      [4139, 4141]
      offset: 1
 303, 0x3638004164f8ee849a9e725ed01f2bfa02c2de0574aa67f9cfd230d56992aa11, 2
      [4210, 4212]
      offset: 71
 304, 0x34555243e5b8075d0dfc9ccc0291a0da7d6a9160759d8e78c4d32e552a617fa4, 2
      [4211, 4213]
      offset: 1
 305, 0x24e72c445effa2ec8fcbf3a4a437a2c722bab4f4690ff1276e07b5b12f066132, 2
      [4219, 4221]
      offset: 8
 306, 0x21ad553f06a256b62edcfa03b56b1a5f6425024fbe626204b3db34d04ccaaccd, 2
      [4220, 4222]
      offset: 1
 307, 0x27378e44df35d65d7b12f443e425e0a2b580648aa5e073618541faa71515515b, 2
      [4309, 4311]
      offset: 89
 308, 0x12f664f1c4816e08e9167f0d9c20a3fb626e51b99dc68898fb20e803389fdc74, 2
      [4310, 4312]
      offset: 1
 309, 0x3f045a6084290129c42ee56699da1857990c099a72bb11814fb76560be56f42f, 2
      [4318, 4320]
      offset: 8
 310, 0x1e512626cf136cadf1ed8d14fbfd024a4aaefde46e6a51321660c08a24d322b5, 2
      [4319, 4321]
      offset: 1
 311, 0x082ac1c04d642edaad38f30374559233f9f45c7f3451ac10fc63cc091f06195f, 2
      [4354, 4356]
      offset: 35
 312, 0x2a6e120c523abdc0077034c5795436759aed0ed695230a0682ceddb8c79fde29, 2
      [4355, 4357]
      offset: 1
 313, 0x24626a990a2e9c7df11eab4668e2c4000ac41a4f46b9dd2ad80f00f1d015897b, 2
      [4363, 4365]
      offset: 8
 314, 0x398a7b40187c55c1e158b91ba33c9bd69618dc722de1ca3feec7f9642e759016, 2
      [4364, 4366]
      offset: 1
 315, 0x3b47d570066d0f5a05b744a4fe14fa0bb4944671de8bcba9f7fe1470382053d3, 2
      [4390, 4392]
      offset: 26
 316, 0x16a2c5ae42d1f984c1c15dcab4683d957e1841e5c3d15b2c1ce1e15d2c5e97f0, 2
      [4391, 4393]
      offset: 1
 317, 0x095bae7f8104910be72e38e4f3df868343ef8f64e2bf1a41b66501b8a5b97d0d, 2
      [4435, 4437]
      offset: 44
 318, 0x3eef72eaddc1b723a093b7d4af0b07ae19f8769ee547dc637343e296ad451a4b, 2
      [4436, 4438]
      offset: 1
 319, 0x30d72658e24ba266497b52f1587099d6038b3fb7035a91d403b2e4f05df4102a, 2
      [4462, 4464]
      offset: 26
 320, 0x219fa6d6d0f6b09f8f96a8baf4c5bdb102a3dd77e86a32cd87e84e8cf9c98b13, 2
      [4463, 4465]
      offset: 1
 321, 0x18d1960e46dbe5988a539345af0aa271a5105de4569572f21f8788d6b2ea2110, 2
      [4471, 4473]
      offset: 8
 322, 0x0418fb3dc907d4b43097592f5cf6aa0f993a81cc91f49cf5c07651a8e669e507, 2
      [4472, 4474]
      offset: 1
 323, 0x19f2f82aafd98e341796d3dd4f42c5b107a50e731c49f748ed81597395883648, 2
      [4624, 4626]
      offset: 152
 324, 0x359baf1e99f69804cbb16539cda3e2659f86505124e172f30a354c3a4e5782f3, 2
      [4625, 4627]
      offset: 1
 325, 0x2b1e007bff384b780befcbd38242c8efac0d0a6c9aebe4e81082227803bca505, 2
      [4678, 4680]
      offset: 53
 326, 0x1cc0031ed11c9c3dd39dc5ef4ee4c7731d8ff87ff7f1a5fc93ff48f9be2f0b61, 2
      [4679, 4681]
      offset: 1
 327, 0x34cdd709692f3feac301926d368b18f250415ef6c702ba5d5caf3d575ee2b5f3, 2
      [4687, 4689]
      offset: 8
 328, 0x11e43f811d261cbfd4465ba10c1dff303be19df988aa3bc7b0e757de26d251cd, 2
      [4688, 4690]
      offset: 1
 329, 0x3d725dd562f80221a14c5e8250ac237c7fa3757a88fe065bc76a6d72ea156683, 2
      [4696, 4698]
      offset: 8
 330, 0x0438e0656bac60ec92d3958fc8c6f402272b5b3d2bf8ec836078c66602b9df92, 2
      [4697, 4699]
      offset: 1
 331, 0x2d439786d5647e725d4475c89516ba17d09a79f780807819172c40eef8722afe, 2
      [4741, 4743]
      offset: 44
 332, 0x3fd730cc844aea5f2130c6273af6c883fcc0e189f2c128a77077fa491fcd96e4, 2
      [4742, 4744]
      offset: 1
 333, 0x2a58b846482019ca76b2f3945d0c9b3e9e90faa6bb1583b9dbd73d473241e885, 2
      [4849, 4851]
      offset: 107
 334, 0x20bf07f6ca904c677c542654a4255545ca27b3df7eed4f0fad2abb82ce6557d5, 2
      [4850, 4852]
      offset: 1
 335, 0x3271bf3c0d19c5d548ad90b48009efcc3fcbdd2ab5e9b82ff426e26f649b1780, 2
      [4912, 4914]
      offset: 62
 336, 0x1b91f6bbca721b2c15035170ef8336029b09e9d87cb3d7a88c19ec28694334fc, 2
      [4913, 4915]
      offset: 1
 337, 0x2087a5d7a5668e35415d9fe54c886ebf89b83e757e7133227f6008698185d44c, 2
      [4957, 4959]
      offset: 44
 338, 0x394fd03944c424190afc735fc19ae4596a004b332da37cf52e2a86ad10d0a3dd, 2
      [4958, 4960]
      offset: 1
 339, 0x03fe131ca88454fb7bf0923af134dd926d3120b2d6b4940c0338fb69f0a28301, 2
      [4984, 4986]
      offset: 26
 340, 0x345ff22b73d835d3e32b82425b7cc2a5934fba036d2dd63059b18301b7c51560, 2
      [4985, 4987]
      offset: 1
 341, 0x104ee77191aa52cd27379b1c40c7f0140d071dee555ae8fcff6c18792607448d, 2
      [5038, 5040]
      offset: 53
 342, 0x3830d8d2362d9bce8cd13aa038545bbd51710bd8509877d304ba0b93992536e5, 2
      [5039, 5041]
      offset: 1
 343, 0x27d2ec9a692e3502652b48c3afc81a569a091287ec515fca8d2b9b14805f3992, 2
      [5108, 5109]
 344, 0x3c6c1eadbbddfabedd4b99e168a17e4e64faea4ddbfb8660213b31efeaaf181c, 2
      [5112, 5114]
 345, 0x3d5ddc8f797803106edcffb9c9641d3c3d669c598874928adaf07eac39ab2704, 2
      [5113, 5115]
      offset: 1
 346, 0x163d755d063c9d01823c32873059ef131e84e4784e0cf389c5df2e733f638f63, 2
      [5145, 5146]
 347, 0x0dfffbe071840e00b549043d4c52ce54df602515b01bcddcc311105611277780, 2
      [5149, 5151]
 348, 0x1b70675d229318e24631b1eed4d1a929243ac942cc3378a3125bd677487737e4, 2
      [5150, 5152]
      offset: 1
 349, 0x3395f6da4db550a5fab50b9dbefb66bbd656826760646f0847536bbbc6aa1552, 2
      [5159, 9231]
 350, 0x32ea64d963e0f3d6e31bca949a33187151eaab5d6911ec55ccfbea6104292172, 2
      [5420, 7248]
 351, 0x0e29753c1b8a85ca82ac481140dfcf910deb4bcec80572f9287f87ec8e7d8d15, 2
      [5421, 7249]
      offset: 1
 352, 0x1d1004bd818dc2e3ef1537442525437e8ff83fc7c73bbf9d0e0c84c92f392376, 2
      [5423, 7251]
      offset: 2
