scalars length: 7980043
freq>1000 (count, total, %):        719,    6108119,      76.54%
freq>500  (count, total, %):       1054,    6389431,      80.07%
freq>100  (count, total, %):       3874,    6997581,      87.69%
freq>20   (count, total, %):       4616,    7023496,      88.01%

top 100 values:
 0, 0x0000000000000000000000000000000000000000000000000000000000000000, 1770957
    [1496257, 1496258, 1496259, 1496260, 1, 1496261, 1496262, 1496263, 1496264, 1496265, 1496266, 1496267, 1496270, 5, 1496271, 1496272, 1496273, 1496276, 1496277, 1496278]
 1, 0x0000000000000000000000000000000000000000000000000000000000000001, 75573
    [2, 1496268, 1496269, 1496274, 1496275, 1496283, 1496288, 1496289, 16, 19, 1496296, 31, 1496304, 1496317, 1496318, 1496319, 1496320, 1496321, 1496322, 1496323]
 2, 0x1af18bf8b21cf712a700f08f14dbcc588ad948ebc1ff85cc300eea6a581d26bf, 12600
    [1497064, 1995232, 1497357, 1995525, 498906, 1497650, 1995818, 1249152, 1497943, 1125196, 1996111, 1249445, 1498236, 1125489, 1996404, 1249738, 499199, 1125782, 1498529, 1996697]
 3, 0x336293d1250e16ace79c1b9cfdd14e5d80bc7928a947635797fcbc1ebfa512e8, 12600
    [1497065, 1995233, 1497358, 1995526, 498907, 1497651, 1995819, 1249153, 1497944, 1125197, 1996112, 1249446, 1498237, 1125490, 1996405, 1249739, 1125783, 1498530, 1996698, 499200]
 4, 0x294b6a7f0984f3d0560b3d0d973d20f41186547a1e41c758e2a3348c0141a665, 12600
    [1497066, 1995234, 1497359, 1995527, 498908, 1497652, 1995820, 1249154, 1497945, 1125198, 1996113, 1249447, 1498238, 1125491, 1996406, 1249740, 1125784, 1498531, 1996699, 499201]
 5, 0x29dd0402a87d5b40f9d6cfd1b6bafe4b88d3a89d1a2391749fd334313e8bdb08, 10413
    [1995242, 1497367, 1995535, 498916, 1497660, 1995828, 1497953, 1996121, 1249455, 1498246, 1125499, 1996414, 1249748, 1125792, 1498539, 1996707, 499209, 1250041, 3994195, 3994488]
 6, 0x2a53d5a36091904f09cd86bd43b07c7961faad8ec81c97c9bd30d3c6e9da1ff2, 10413
    [1995243, 1497368, 1995536, 498917, 1497661, 1995829, 1497954, 1996122, 1249456, 1125500, 1498247, 1996415, 1249749, 1125793, 1498540, 1996708, 499210, 1250042, 3994196, 3994489]
 7, 0x04943278e947828f315482d004370c011c9acf8706cac544710a26ce111fb11a, 10413
    [1995241, 1497366, 1995534, 498915, 1497659, 1995827, 1497952, 1996120, 1249454, 1498245, 1125498, 1996413, 1249747, 1125791, 1498538, 1996706, 499208, 1250040, 3994194, 3994487]
 8, 0x32f17c6e27f8539b605650b4a9d6f1779f916c7ea33e2b2a6cc7eb84b974f80a, 10150
    [1995244, 1497369, 1995537, 498918, 1497662, 1995830, 1497955, 1996123, 1249457, 1125501, 1498248, 1996416, 1249750, 1125794, 1498541, 1996709, 1250043, 3994197, 3994490, 1498834]
 9, 0x26b04265765947d12045bcbe58b2e6547bde60b25ddff533f9791fe2170aeb5f, 10150
    [1995246, 1497371, 1995539, 498920, 1497664, 1995832, 1497957, 1996125, 1249459, 1125503, 1498250, 1996418, 1249752, 1125796, 1498543, 1996711, 1250045, 3994199, 3994492, 1498836]
10, 0x2b7225a656cccb0e8f58c6f2518f16b3eba8ed34139d6f37673be556a7117c17, 10150
    [1995245, 1497370, 1995538, 498919, 1497663, 1995831, 1497956, 1996124, 1249458, 1125502, 1498249, 1996417, 1249751, 1125795, 1498542, 1996710, 1250044, 3994198, 3994491, 1498835]
11, 0x3fe3d44e8e89863e062c3a7595065147ac97de36e11506faeee2c6c98d93aaf8, 9892
    [1995240, 1497365, 1995533, 498914, 1497658, 1995826, 1497951, 1996119, 1249453, 1498244, 1125497, 1996412, 1249746, 1125790, 1498537, 1996705, 1250039, 3994193, 3994486, 1498830]
12, 0x03e4e39d7ac22fe45c6a77f814b7924e51eab5f4e3f2748bcb05ed2a6da6f5da, 9892
    [1995239, 1497364, 1995532, 498913, 1497657, 1995825, 1497950, 1996118, 1249452, 1498243, 1125496, 1996411, 1249745, 1125789, 1498536, 1996704, 1250038, 3994192, 3994485, 1498829]
13, 0x3f64b0bdb33e9b9151a64cb80a3c91728be793c9c24e84cbfeaf68cb21cf6160, 9892
    [1995238, 1497363, 1995531, 498912, 1497656, 1995824, 1497949, 1996117, 1249451, 1498242, 1125495, 1996410, 1249744, 1125788, 1498535, 1996703, 1250037, 3994191, 3994484, 1498828]
14, 0x279429360e4b66352a17f5d86f8f7a9ac7552c34846cbd5e588b4f0d5ce964e0, 9891
    [1995172, 1995465, 498846, 1497590, 1995758, 1497883, 1996051, 1498176, 1996344, 1249678, 1498469, 499139, 1125722, 1996637, 1249971, 1126015, 1996930, 3994418, 1498762, 1499055]
15, 0x399b95a127d3d123a3b7da459fcde8918efcf0437899c6b0c210f5c20270c828, 9891
    [1995062, 1995355, 1497480, 1995648, 1497773, 499029, 1995941, 1498066, 1996234, 1125612, 1249568, 1498359, 1996527, 1249861, 1125905, 1498652, 1996820, 3994308, 1250154, 1498945]
16, 0x1b02951260c8f824e195f84a43bf06c58ad932a0f7de398d0725c52a7da198e4, 9891
    [1995065, 1995358, 1497483, 1995651, 1497776, 499032, 1995944, 1498069, 1996237, 1125615, 1249571, 1498362, 1996530, 1249864, 1125908, 1498655, 1996823, 3994311, 1250157, 1498948]
17, 0x3e91279de90107e796d1738b188b2b8c3af109135817a4070716dcef8254ee39, 9891
    [1995057, 1995350, 1497475, 1995643, 1497768, 499024, 1995936, 1498061, 1996229, 1125607, 1249563, 1498354, 1996522, 1249856, 1125900, 1498647, 1996815, 3994303, 1250149, 1498940]
18, 0x06bf1c3f07bb8205c5d2b5ceaf5f4d394e171dc0c37e50ab16942793021a6c4a, 9891
    [1995266, 1497391, 1995559, 498940, 1497684, 1995852, 1497977, 1996145, 1249479, 1125523, 1498270, 1996438, 1249772, 1125816, 1498563, 1996731, 3994219, 1250065, 3994512, 1498856]
19, 0x28265757624163e50738b690a61792d67b4c5c7b5d2a4ca46816b19d65eddb49, 9891
    [1995165, 1995458, 498839, 1497583, 1995751, 1497876, 1996044, 1498169, 1996337, 499132, 1249671, 1498462, 1125715, 1996630, 1249964, 1126008, 1996923, 3994411, 1498755, 1499048]
20, 0x322aafcacffe775db2ce1c6559d26baf6e68e3471973692d9c2593fd71415e0e, 9891
    [1995196, 1995489, 498870, 1497614, 1995782, 1497907, 1996075, 1498200, 1996368, 1249702, 1498493, 499163, 1125746, 1996661, 1249995, 1126039, 1996954, 3994442, 1498786, 1499079]
21, 0x0f98c3971500316563f6e8e207165a3e281d1116e2b24e47fded59a21b2e4906, 9891
    [1995292, 1497417, 1995585, 498966, 1497710, 1498003, 1995878, 1996171, 1125549, 1249505, 1498296, 1996464, 1249798, 1125842, 1498589, 1996757, 3994245, 1250091, 3994538, 1498882]
22, 0x0171bac60c8944d2b6c5688e6b3e20e982f13606dedeb9bae00509bdc8b26f03, 9891
    [1995136, 498810, 1995429, 1497554, 1995722, 1497847, 1996015, 499103, 1498140, 1996308, 1249642, 1498433, 1125686, 1996601, 1249935, 1125979, 1498726, 1996894, 3994382, 1499019]
23, 0x369d4d08dc75ce9dea4a705d4fc2514de98f7f844cfd728ef111b08086a704b7, 9891
    [1995018, 1995311, 1497436, 1995604, 1497729, 498985, 1995897, 1498022, 1996190, 1125568, 1249524, 1498315, 1996483, 1249817, 1125861, 1498608, 1996776, 3994264, 1250110, 1498901]
24, 0x27b5e8731f88386094cba13608b490e08a42680f0991e37250f5c6d53b54be3c, 9891
    [1995202, 1995495, 498876, 1497620, 1995788, 1497913, 1498206, 1996081, 1996374, 1249708, 499169, 1498499, 1125752, 1996667, 1250001, 1996960, 1126045, 3994448, 1498792, 1250294]
25, 0x06ae9a7dbb883a70bae9b4661e3022df87fc4eb8fe72616e899b11938b827c80, 9891
    [1995053, 1995346, 1497471, 1995639, 1497764, 499020, 1995932, 1498057, 1996225, 1125603, 1249559, 1498350, 1996518, 1249852, 1125896, 1498643, 1996811, 3994299, 1250145, 1498936]
26, 0x1ccab453b96ef10d047215d5d319dea2b0f0eeaabb4898663eeb5e6551fc2fc7, 9891
    [1995044, 1995337, 1497462, 1995630, 1497755, 499011, 1995923, 1498048, 1996216, 1125594, 1249550, 1498341, 1996509, 1249843, 1125887, 1498634, 1996802, 3994290, 1250136, 1498927]
27, 0x3016d2cc488641b7d824bfae6c04ecc317c06cb5f4e664fd8744d812fcf99851, 9891
    [1995126, 498800, 1995419, 1497544, 1995712, 1497837, 1996005, 499093, 1498130, 1996298, 1249632, 1498423, 1125676, 1996591, 1249925, 1125969, 1498716, 1996884, 3994372, 1499009]
28, 0x2a2a69c4e00ec9cb818f415bde1005eec1d2427a04f2c9243c85395f52a8fda7, 9891
    [1995297, 1497422, 1995590, 498971, 1497715, 1498008, 1995883, 1996176, 1125554, 1249510, 1498301, 1996469, 1249803, 1125847, 1498594, 1996762, 3994250, 1250096, 3994543, 1498887]
29, 0x2d102f9778e069dff275cdbaff7fae2ab7d1d6c2b8552ddb2ed3b4da60ba6011, 9891
    [1995035, 1995328, 1497453, 1995621, 1497746, 499002, 1995914, 1498039, 1996207, 1125585, 1249541, 1498332, 1996500, 1249834, 1125878, 1498625, 1996793, 3994281, 1250127, 1498918]
30, 0x3c12cc638b6c3eaae66106d9405a2f4b9d67c048c8d364d7dcec2f2f2e48269e, 9891
    [1995256, 1497381, 1995549, 498930, 1497674, 1995842, 1497967, 1996135, 1249469, 1125513, 1498260, 1996428, 1249762, 1125806, 1498553, 1996721, 3994209, 1250055, 3994502, 1498846]
31, 0x382aad696cf9169e96c288298a98f30a0ca337a48b2eb1a80a8ef1e89cc0e0bb, 9891
    [1995258, 1497383, 1995551, 498932, 1497676, 1995844, 1497969, 1996137, 1249471, 1125515, 1498262, 1996430, 1249764, 1125808, 1498555, 1996723, 3994211, 1250057, 3994504, 1498848]
32, 0x3c95f4f92fe5cea2dab2dc42c08eadc37cd804ec45b229aad2df61c57f7ae3d7, 9891
    [1995112, 498786, 1995405, 1497530, 1995698, 1497823, 1995991, 499079, 1498116, 1996284, 1249618, 1498409, 1125662, 1996577, 1249911, 1125955, 1498702, 1996870, 3994358, 1498995]
33, 0x145120beeae1ca8eb254c3e6c440c6044f834824994511dce5ed2f3bb0bba1eb, 9891
    [1995226, 1995519, 498900, 1497644, 1995812, 1497937, 1996105, 1498230, 1996398, 1249732, 499193, 1125776, 1498523, 1996691, 1250025, 1996984, 3994472, 1498816, 1126069, 1250318]
34, 0x3ab358db82ff700d702170c90e32398517828e100235f92d83675a10738fc5de, 9891
    [1995020, 1995313, 1497438, 1995606, 1497731, 498987, 1995899, 1498024, 1996192, 1125570, 1249526, 1498317, 1996485, 1249819, 1125863, 1498610, 1996778, 3994266, 1250112, 1498903]
35, 0x15f669608026427f95707503736187aa2b69463afe640f45a0b4a414fb326df7, 9891
    [1995275, 1497400, 1995568, 498949, 1497693, 1995861, 1497986, 1996154, 1249488, 1125532, 1498279, 1996447, 1249781, 1125825, 1498572, 1996740, 3994228, 1250074, 3994521, 1498865]
36, 0x16e93168cb5e5a3f2cfeed718a66699c9f89c853cff3a82104d32d198380dfd0, 9891
    [1995211, 1995504, 498885, 1497629, 1995797, 1497922, 1498215, 1996090, 1996383, 1249717, 499178, 1498508, 1125761, 1996676, 1250010, 1996969, 1126054, 3994457, 1498801, 1250303]
37, 0x3738d3cafe7fa8612b9bd7a65f2b3f30100f686f5b309ef419ef5887c119e584, 9891
    [1995167, 1995460, 498841, 1497585, 1995753, 1497878, 1996046, 1498171, 1996339, 1249673, 1498464, 499134, 1125717, 1996632, 1249966, 1126010, 1996925, 3994413, 1498757, 1499050]
38, 0x0744f9ba5363fa4b6a6e6f172f8a5c99f41c40120c559b8de9f59da5c17297d1, 9891
    [1995180, 1995473, 498854, 1497598, 1995766, 1497891, 1996059, 1498184, 1996352, 1249686, 1498477, 499147, 1125730, 1996645, 1249979, 1126023, 1996938, 3994426, 1498770, 1499063]
39, 0x306a50c5299a7259f6b6759b76d58b6b3de9c96eb8fedf3769a37bd8ae254c87, 9891
    [1995092, 498766, 1995385, 1497510, 1995678, 1497803, 1995971, 499059, 1498096, 1996264, 1249598, 1498389, 1125642, 1996557, 1249891, 1125935, 1498682, 1996850, 3994338, 1498975]
40, 0x328a077dda77f5c33bdc32ab33c6d165c653d70b86f792cba52a2d3d17d32b06, 9891
    [1995176, 1995469, 498850, 1497594, 1995762, 1497887, 1996055, 1498180, 1996348, 1249682, 1498473, 499143, 1125726, 1996641, 1249975, 1126019, 1996934, 3994422, 1498766, 1499059]
41, 0x080512237a2553e2b520d9aee690ca97718f33a05a3f551780ba695b285046c2, 9891
    [1995173, 1995466, 498847, 1497591, 1995759, 1497884, 1996052, 1498177, 1996345, 1249679, 1498470, 499140, 1125723, 1996638, 1249972, 1126016, 1996931, 3994419, 1498763, 1499056]
42, 0x0cdae7e49b3d41c886b2eedc37e3e821276b9320893a2da7374faf834d2dcce4, 9891
    [1995064, 1995357, 1497482, 1995650, 1497775, 499031, 1995943, 1498068, 1996236, 1125614, 1249570, 1498361, 1996529, 1249863, 1125907, 1498654, 1996822, 3994310, 1250156, 1498947]
43, 0x14c1c2b6ecb8da804c28880623a5b2f0a353e3cc243e063b3d18a9385df09ce4, 9891
    [1995066, 1995359, 1497484, 1995652, 1497777, 499033, 1995945, 1498070, 1996238, 1125616, 1249572, 1498363, 1996531, 1249865, 1125909, 1498656, 1996824, 3994312, 1250158, 1498949]
44, 0x1e466e5438c0c90ad42d0b4d8d0d0d5594f20ea3d74fbe225d185230374dd7a7, 9891
    [1995204, 1995497, 498878, 1497622, 1995790, 1497915, 1498208, 1996083, 1996376, 1249710, 499171, 1498501, 1125754, 1996669, 1250003, 1996962, 1126047, 3994450, 1498794, 1250296]
45, 0x2395bd44c865cb17114f527d992d4361c0d2573877020a00d5c9450a160a5b62, 9891
    [1995192, 1995485, 498866, 1497610, 1995778, 1497903, 1996071, 1498196, 1996364, 1249698, 1498489, 499159, 1125742, 1996657, 1249991, 1126035, 1996950, 3994438, 1498782, 1499075]
46, 0x0401de7e2ad334d6ecf62db784cffa0c766d76cdfad865913ecbc86e00bf8505, 9891
    [1995036, 1995329, 1497454, 1995622, 1497747, 499003, 1995915, 1498040, 1996208, 1125586, 1249542, 1498333, 1996501, 1249835, 1125879, 1498626, 1996794, 3994282, 1250128, 1498919]
47, 0x1650d26c927093403900fda976422d0d3109acc2d3fd71f0489b470d7c5d4598, 9891
    [1995040, 1995333, 1497458, 1995626, 1497751, 499007, 1995919, 1498044, 1996212, 1125590, 1249546, 1498337, 1996505, 1249839, 1125883, 1498630, 1996798, 3994286, 1250132, 1498923]
48, 0x24ffe3ff130e6c57554b3546fb06fac88c10788e9645958361ae6fafb689d499, 9891
    [1995174, 1995467, 498848, 1497592, 1995760, 1497885, 1996053, 1498178, 1996346, 1249680, 1498471, 499141, 1125724, 1996639, 1249973, 1126017, 1996932, 3994420, 1498764, 1499057]
49, 0x0efb92e6b86c4ff96da33a7b8e62c4340f3667458770f7742d81bf30653ed7f6, 9891
    [1995177, 1995470, 498851, 1497595, 1995763, 1497888, 1996056, 1498181, 1996349, 1249683, 1498474, 499144, 1125727, 1996642, 1249976, 1126020, 1996935, 3994423, 1498767, 1499060]
50, 0x282c7b2ed38dcb7b4fb8c93e25572ef1e30c5c63dba7a3f947ec444544b87b80, 9891
    [1995041, 1995334, 1497459, 1995627, 1497752, 499008, 1995920, 1498045, 1996213, 1125591, 1249547, 1498338, 1996506, 1249840, 1125884, 1498631, 1996799, 3994287, 1250133, 1498924]
51, 0x295ccb914329c59bcb3f291a16961ebc32e755ad1cc67c06a61dd24340131856, 9891
    [1995162, 1995455, 498836, 1497580, 1995748, 1497873, 1996041, 1498166, 1996334, 499129, 1249668, 1498459, 1125712, 1996627, 1249961, 1126005, 1996920, 3994408, 1498752, 1499045]
52, 0x3f29abbce94f7357bfc2b4571ba82d3e465912396a58dd7e3417bf02d75ed1c2, 9891
    [1995072, 1995365, 1497490, 1995658, 1497783, 499039, 1995951, 1498076, 1996244, 1125622, 1249578, 1498369, 1996537, 1249871, 1125915, 1498662, 1996830, 3994318, 1250164, 1498955]
53, 0x01b68005f9fd46a8e92f495407fdda52942fe46369e6adc2f7fcf8d3c8adbe85, 9891
    [1995291, 1497416, 1995584, 498965, 1497709, 1498002, 1995877, 1996170, 1125548, 1249504, 1498295, 1996463, 1249797, 1125841, 1498588, 1996756, 3994244, 1250090, 3994537, 1498881]
54, 0x05b340365cd47c91808cb3b02cf9233a8e28e1faa5061873665eeb377984aa8d, 9891
    [1995117, 498791, 1995410, 1497535, 1995703, 1497828, 1995996, 499084, 1498121, 1996289, 1249623, 1498414, 1125667, 1996582, 1249916, 1125960, 1498707, 1996875, 3994363, 1499000]
55, 0x2dcc6b4f338549df100406f2bd83b007711226a16aeb8c9fae26275f41747d1b, 9891
    [1995218, 1995511, 498892, 1497636, 1995804, 1497929, 1996097, 1498222, 1996390, 1249724, 499185, 1498515, 1125768, 1996683, 1250017, 1996976, 1126061, 3994464, 1498808, 1250310]
56, 0x3ddbacc1b1a7dd586f8641c4ade9b1975384a5b0d2f8acca4289e043a4edc7a2, 9891
    [1995116, 498790, 1995409, 1497534, 1995702, 1497827, 1995995, 499083, 1498120, 1996288, 1249622, 1498413, 1125666, 1996581, 1249915, 1125959, 1498706, 1996874, 3994362, 1498999]
57, 0x092630d43be98537d84fd7126052b3e6646cb943b4d3e9a995506d1aa2a38778, 9891
    [1995170, 1995463, 498844, 1497588, 1995756, 1497881, 1996049, 1498174, 1996342, 1249676, 1498467, 499137, 1125720, 1996635, 1249969, 1126013, 1996928, 3994416, 1498760, 1499053]
58, 0x14066ddeb69d277ca71dca8bdc75befc385ea9add465a30d16a3568764cca806, 9891
    [1995267, 1497392, 1995560, 498941, 1497685, 1995853, 1497978, 1996146, 1249480, 1125524, 1498271, 1996439, 1249773, 1125817, 1498564, 1996732, 3994220, 1250066, 3994513, 1498857]
59, 0x0c7aec0f0e800b9b9d856dd232974fc3ae452c15bbe2692ecd3cf8109e1a2c26, 9891
    [1995043, 1995336, 1497461, 1995629, 1497754, 499010, 1995922, 1498047, 1996215, 1125593, 1249549, 1498340, 1996508, 1249842, 1125886, 1498633, 1996801, 3994289, 1250135, 1498926]
60, 0x18dcc02032b165866b98581efac454482abcdea894e08da1e85242b7792ea48f, 9891
    [1995293, 1497418, 1995586, 498967, 1497711, 1498004, 1995879, 1996172, 1125550, 1249506, 1498297, 1996465, 1249799, 1125843, 1498590, 1996758, 3994246, 1250092, 3994539, 1498883]
61, 0x2e2f185a02ded7ffa7d118e19f22edd1abfdf701ff0735f6bbbfa77e1f83f0fc, 9891
    [1995163, 1995456, 498837, 1497581, 1995749, 1497874, 1996042, 1498167, 1996335, 499130, 1249669, 1498460, 1125713, 1996628, 1249962, 1126006, 1996921, 3994409, 1498753, 1499046]
62, 0x213194630f89809c63e3e5bc009c6b799e715bb2bb636c534e92d6ec395499fe, 9891
    [1995130, 498804, 1995423, 1497548, 1995716, 1497841, 1996009, 499097, 1498134, 1996302, 1249636, 1498427, 1125680, 1996595, 1249929, 1125973, 1498720, 1996888, 3994376, 1499013]
63, 0x3d9915702e6d6917088fbf5ec49227abb71c9f9ca4d6172c70a9ce25dd0e2232, 9891
    [1995022, 1995315, 1497440, 1995608, 1497733, 498989, 1995901, 1498026, 1996194, 1125572, 1249528, 1498319, 1996487, 1249821, 1125865, 1498612, 1996780, 3994268, 1250114, 1498905]
64, 0x1ed61b4baf2f96ef19577352951e1e714d5f43f4339f3000391d819c829bcea7, 9891
    [1995289, 1497414, 1995582, 498963, 1497707, 1498000, 1995875, 1996168, 1125546, 1249502, 1498293, 1996461, 1249795, 1125839, 1498586, 1996754, 3994242, 1250088, 3994535, 1498879]
65, 0x2940de3f12a04f04f6323d5f88bfb1032bdd729a1d17af6f3a53d2d8bbdf5dbd, 9891
    [1995107, 498781, 1995400, 1497525, 1995693, 1497818, 1995986, 499074, 1498111, 1996279, 1249613, 1498404, 1125657, 1996572, 1249906, 1125950, 1498697, 1996865, 3994353, 1498990]
66, 0x350bd6177768b95b3a43d9e766e810a74a1cc424fc3530b70763fbd6920b2507, 9891
    [1995093, 498767, 1995386, 1497511, 1995679, 1497804, 1995972, 499060, 1498097, 1996265, 1249599, 1498390, 1125643, 1996558, 1249892, 1125936, 1498683, 1996851, 3994339, 1498976]
67, 0x18957ac81789e16481b3a5e33acc9c03506dc72ec5ffad559ebec2f3e397a33f, 9891
    [1995185, 1995478, 498859, 1497603, 1995771, 1497896, 1996064, 1498189, 1996357, 1249691, 1498482, 499152, 1125735, 1996650, 1249984, 1126028, 1996943, 3994431, 1498775, 1499068]
68, 0x259da54635b355e5c80d946e449102c8bad37f3bb9e56c6f4ff76a474cee4a02, 9891
    [1995026, 1995319, 1497444, 1995612, 1497737, 498993, 1995905, 1498030, 1996198, 1125576, 1249532, 1498323, 1996491, 1249825, 1125869, 1498616, 1996784, 3994272, 1250118, 1498909]
69, 0x2428538601b19d925b0690565a522d89214a166953523207bccf2015c9cc0419, 9891
    [1995123, 498797, 1995416, 1497541, 1995709, 1497834, 1996002, 499090, 1498127, 1996295, 1249629, 1498420, 1125673, 1996588, 1249922, 1125966, 1498713, 1996881, 3994369, 1499006]
70, 0x2b7f2097e7aaf2808e3f108706d9a15fe02ccaab4991424e1bf3c3919e120a03, 9891
    [1995287, 1497412, 1995580, 498961, 1497705, 1497998, 1995873, 1996166, 1125544, 1249500, 1498291, 1996459, 1249793, 1125837, 1498584, 1996752, 3994240, 1250086, 3994533, 1498877]
71, 0x26554af9ec4de2129deb73a63ee572c792a732e94f877974230a030df342c31d, 9891
    [1995050, 1995343, 1497468, 1995636, 1497761, 499017, 1995929, 1498054, 1996222, 1125600, 1249556, 1498347, 1996515, 1249849, 1125893, 1498640, 1996808, 3994296, 1250142, 1498933]
72, 0x22b4d33dde3c208ebd2166e33be15a908ea260b98a51b0a6167d9afea29bc699, 9891
    [1995114, 498788, 1995407, 1497532, 1995700, 1497825, 1995993, 499081, 1498118, 1996286, 1249620, 1498411, 1125664, 1996579, 1249913, 1125957, 1498704, 1996872, 3994360, 1498997]
73, 0x1e0ddebcbf8ce15ffeb8177d1d4c2d7b4bd5ae920450af0f55f62b1b1c55b376, 9891
    [1995028, 1995321, 1497446, 1995614, 1497739, 498995, 1995907, 1498032, 1996200, 1125578, 1249534, 1498325, 1996493, 1249827, 1125871, 1498618, 1996786, 3994274, 1250120, 1498911]
74, 0x2c1459d136bbfd46f2d4999fbf2c9eb366528da31b086bf198a60278ee528e48, 9891
    [1995019, 1995312, 1497437, 1995605, 1497730, 498986, 1995898, 1498023, 1996191, 1125569, 1249525, 1498316, 1996484, 1249818, 1125862, 1498609, 1996777, 3994265, 1250111, 1498902]
75, 0x15009ce8d3b5bd113ea72040b6625f2bfbdebadc5ea8de8f8af2be4e375dcdd4, 9891
    [1995295, 1497420, 1995588, 498969, 1497713, 1498006, 1995881, 1996174, 1125552, 1249508, 1498299, 1996467, 1249801, 1125845, 1498592, 1996760, 3994248, 1250094, 3994541, 1498885]
76, 0x3bdf13fd09599ff48fb61dc8fe578f9e8b11868e79c1636e80a68f750aa020b2, 9891
    [1995118, 498792, 1995411, 1497536, 1995704, 1497829, 1995997, 499085, 1498122, 1996290, 1249624, 1498415, 1125668, 1996583, 1249917, 1125961, 1498708, 1996876, 3994364, 1499001]
77, 0x006fedb47b5cafa591dd0cd70f09adbec554d16ff104369ce88e011e5fd9744a, 9891
    [1995063, 1995356, 1497481, 1995649, 1497774, 499030, 1995942, 1498067, 1996235, 1125613, 1249569, 1498360, 1996528, 1249862, 1125906, 1498653, 1996821, 3994309, 1250155, 1498946]
78, 0x1ffba1f0e0c563bac01fa7fc77c64f9564901130509b55482da3ab474d00d3bc, 9891
    [1995288, 1497413, 1995581, 498962, 1497706, 1497999, 1995874, 1996167, 1125545, 1249501, 1498292, 1996460, 1249794, 1125838, 1498585, 1996753, 3994241, 1250087, 3994534, 1498878]
79, 0x219bf8a162eba1dc35e5ce6810abbdf8e862c35d006f4dd28973ad5529281f17, 9891
    [1995203, 1995496, 498877, 1497621, 1995789, 1497914, 1498207, 1996082, 1996375, 1249709, 499170, 1498500, 1125753, 1996668, 1250002, 1996961, 1126046, 3994449, 1498793, 1250295]
80, 0x1c65df8af864c866f958d8d1ab9eaa9298e200d07d997205357aa7257ad6281c, 9891
    [1995252, 1497377, 1995545, 498926, 1497670, 1995838, 1497963, 1996131, 1249465, 1125509, 1498256, 1996424, 1249758, 1125802, 1498549, 1996717, 3994205, 1250051, 3994498, 1498842]
81, 0x13afd980178f4caf6619592851dd2139c4ce65d3884c4512d8612d93dfcfbb4a, 9891
    [1995108, 498782, 1995401, 1497526, 1995694, 1497819, 1995987, 499075, 1498112, 1996280, 1249614, 1498405, 1125658, 1996573, 1249907, 1125951, 1498698, 1996866, 3994354, 1498991]
82, 0x353225c6bf91019d46a5115239f57f1d5965d6c57343732aafcdf6b754f2725e, 9891
    [1995277, 1497402, 1995570, 498951, 1497695, 1995863, 1497988, 1996156, 1249490, 1125534, 1498281, 1996449, 1249783, 1125827, 1498574, 1996742, 3994230, 1250076, 3994523, 1498867]
83, 0x057172d3dfd1deffbc8cb16dbf7cadca42458e04801372d9f0960ea691dcc890, 9891
    [1995083, 498757, 1995376, 1497501, 1995669, 1497794, 1995962, 1498087, 499050, 1996255, 1125633, 1249589, 1498380, 1996548, 1249882, 1125926, 1498673, 1996841, 3994329, 1498966]
84, 0x0167f95a5aff314212ef8fe60920dc24119cf8698dcbb1012b42ed8365f87f78, 9891
    [1995098, 498772, 1995391, 1497516, 1995684, 1497809, 1995977, 499065, 1498102, 1996270, 1249604, 1498395, 1125648, 1996563, 1249897, 1125941, 1498688, 1996856, 3994344, 1498981]
85, 0x39721a9ccd9e28de12f9d910841c9a98dcaa995488502a21a855dd0be85d8d19, 9891
    [1995186, 1995479, 498860, 1497604, 1995772, 1497897, 1996065, 1498190, 1996358, 1249692, 1498483, 499153, 1125736, 1996651, 1249985, 1126029, 1996944, 3994432, 1498776, 1499069]
86, 0x2a7fe24394acbfa8eabf57959438f7967d1e478704064494a270d4cf6023b180, 9891
    [1995082, 498756, 1995375, 1497500, 1995668, 1497793, 1995961, 1498086, 499049, 1996254, 1125632, 1249588, 1498379, 1996547, 1249881, 1125925, 1498672, 1996840, 3994328, 1498965]
87, 0x3ae08940ad8cf9a078ced0ba4d6659e2b8e3f4e08d6b6a18c1aaa74cfaf5ca45, 9891
    [1995182, 1995475, 498856, 1497600, 1995768, 1497893, 1996061, 1498186, 1996354, 1249688, 1498479, 499149, 1125732, 1996647, 1249981, 1126025, 1996940, 3994428, 1498772, 1499065]
88, 0x3812846d0fc709754ab3c0d7653907250203e55b5600165c6d807ee12158bf33, 9891
    [1995220, 1995513, 498894, 1497638, 1995806, 1497931, 1996099, 1498224, 1996392, 1249726, 499187, 1125770, 1498517, 1996685, 1250019, 1996978, 3994466, 1498810, 1126063, 1250312]
89, 0x38caffecd1e179b2aaf9fe93b8b2e2b58448b10ba5528f188bcd752728a527fa, 9891
    [1995012, 1995305, 1497430, 1995598, 1497723, 498979, 1995891, 1498016, 1996184, 1125562, 1249518, 1498309, 1996477, 1249811, 1125855, 1498602, 1996770, 3994258, 1250104, 1498895]
90, 0x2e960326d66bb9582ae7882bdd1cce4572df4499d2fcb311a19c341131f58975, 9891
    [1995281, 1497406, 1995574, 498955, 1497699, 1497992, 1995867, 1996160, 1125538, 1249494, 1498285, 1996453, 1249787, 1125831, 1498578, 1996746, 3994234, 1250080, 3994527, 1498871]
91, 0x19d1f8a0e46f9d7e75fbf17bb7e846f1e87d4a23aff6a6e69a4a7ce66ef49253, 9891
    [1995124, 498798, 1995417, 1497542, 1995710, 1497835, 1996003, 499091, 1498128, 1996296, 1249630, 1498421, 1125674, 1996589, 1249923, 1125967, 1498714, 1996882, 3994370, 1499007]
92, 0x2a55bd4306ff160d21be5a9a0f4ba72e0a9c4e0d72324963d950cdbdcea37b4e, 9891
    [1995166, 1995459, 498840, 1497584, 1995752, 1497877, 1996045, 1498170, 1996338, 499133, 1249672, 1498463, 1125716, 1996631, 1249965, 1126009, 1996924, 3994412, 1498756, 1499049]
93, 0x00a1a6534bc4e04dc62008eff24b3cc3a9a440e40b21a6b3fa73722b7106f854, 9891
    [1995159, 1995452, 498833, 1497577, 1995745, 1497870, 1996038, 1498163, 499126, 1996331, 1249665, 1498456, 1125709, 1996624, 1249958, 1126002, 1996917, 3994405, 1498749, 1499042]
94, 0x28800c2a54dd4e2405c242ce88b391422db507e289cb49bd55707b0cbfcb2c3b, 9891
    [1995096, 498770, 1995389, 1497514, 1995682, 1497807, 1995975, 499063, 1498100, 1996268, 1249602, 1498393, 1125646, 1996561, 1249895, 1125939, 1498686, 1996854, 3994342, 1498979]
95, 0x19f6423e7db5f9d1b6411de396c12457cbb987c7c8fb5db18cc24f8c836a00ba, 9891
    [1995301, 1497426, 1995594, 1497719, 498975, 1498012, 1995887, 1996180, 1125558, 1249514, 1498305, 1996473, 1249807, 1125851, 1498598, 1996766, 3994254, 1250100, 1498891, 1126144]
96, 0x3145a8b653207bda63904f52a9d7c98f50bee79a9c4a3465a3bfb8cd7c6f635b, 9891
    [1995024, 1995317, 1497442, 1995610, 1497735, 498991, 1995903, 1498028, 1996196, 1125574, 1249530, 1498321, 1996489, 1249823, 1125867, 1498614, 1996782, 3994270, 1250116, 1498907]
97, 0x0e28ca077e65b043beb0af8333215487e05118d641564087e6c83a02aff3e2cc, 9891
    [1995138, 1995431, 498812, 1497556, 1995724, 1497849, 1996017, 499105, 1498142, 1996310, 1249644, 1498435, 1125688, 1996603, 1249937, 1125981, 1498728, 1996896, 3994384, 1499021]
98, 0x3a862b4fb8c4b970080e4a063f95cdfcbbdc7a776b3e0ce9da709ac3f759ec7b, 9891
    [1995091, 498765, 1995384, 1497509, 1995677, 1497802, 1995970, 499058, 1498095, 1996263, 1125641, 1249597, 1498388, 1996556, 1249890, 1125934, 1498681, 1996849, 3994337, 1498974]
99, 0x303973ad29fc927f7ca2aff8ae8c1e0983d962e8569c312036049c9cc989740b, 9891
    [1995094, 498768, 1995387, 1497512, 1995680, 1497805, 1995973, 499061, 1498098, 1996266, 1249600, 1498391, 1125644, 1996559, 1249893, 1125937, 1498684, 1996852, 3994340, 1498977]
 1497514, 1995975, 1497807, 5986785, 1996268, 5987078, 1498100, 1996561, 1996854, 5987371, 1498393, 5987664, 2994426, 1498686, 4989506]
