scalars length: 7980043
freq>1000 (count, total, %):        719,    6109779,      76.56%
freq>500  (count, total, %):       1054,    6390836,      80.09%
freq>100  (count, total, %):       3874,    6998115,      87.70%
freq>20   (count, total, %):       4640,    7024287,      88.02%

top 100 values:
 0, 0x0000000000000000000000000000000000000000000000000000000000000000, 1775040
    [5, 5985032, 5985033, 5985034, 5985035, 5985036, 5985037, 5985038, 5985039, 5985040, 5985041, 5985042, 5985043, 5985044, 5985045, 5985046, 5985047, 5985048, 5985049, 5985050]
 1, 0x0000000000000000000000000000000000000000000000000000000000000001, 69798
    [2, 5985063, 5985064, 5985085, 5985086, 5985095, 5985096, 5985158, 5985179, 5985191, 5985192, 5985193, 5985211, 5985226, 5985227, 5985228, 5985235, 5985246, 5985247, 5985252]
 2, 0x1af18bf8b21cf712a700f08f14dbcc588ad948ebc1ff85cc300eea6a581d26bf, 12600
    [5986042, 4987591, 1995232, 1995525, 4987884, 1995818, 6483917, 5986335, 1996111, 4988177, 6484210, 6484503, 4988470, 5986628, 1996404, 4988763, 6484796, 4989056, 6485089, 1996697]
 3, 0x294b6a7f0984f3d0560b3d0d973d20f41186547a1e41c758e2a3348c0141a665, 12600
    [5986044, 4987593, 1995234, 1995527, 4987886, 1995820, 6483919, 5986337, 1996113, 4988179, 6484212, 6484505, 4988472, 5986630, 1996406, 4988765, 6484798, 4989058, 6485091, 1996699]
 4, 0x336293d1250e16ace79c1b9cfdd14e5d80bc7928a947635797fcbc1ebfa512e8, 12600
    [5986043, 4987592, 1995233, 1995526, 4987885, 1995819, 6483918, 5986336, 1996112, 4988178, 6484211, 6484504, 4988471, 5986629, 1996405, 4988764, 6484797, 4989057, 6485090, 1996698]
 5, 0x04943278e947828f315482d004370c011c9acf8706cac544710a26ce111fb11a, 10414
    [4987600, 1995241, 1995534, 4987893, 1995827, 6483926, 1996120, 4988186, 4988479, 1996413, 4988772, 6484805, 4989065, 6485098, 5986930, 6485391, 4989358, 5987223, 6485684, 5987516]
 6, 0x29dd0402a87d5b40f9d6cfd1b6bafe4b88d3a89d1a2391749fd334313e8bdb08, 10414
    [4987601, 1995242, 1995535, 4987894, 1995828, 6483927, 1996121, 4988187, 4988480, 1996414, 4988773, 6484806, 4989066, 6485099, 5986931, 6485392, 4989359, 5987224, 6485685, 5987517]
 7, 0x2a53d5a36091904f09cd86bd43b07c7961faad8ec81c97c9bd30d3c6e9da1ff2, 10414
    [4987602, 1995243, 1995536, 4987895, 1995829, 6483928, 1996122, 4988188, 4988481, 1996415, 4988774, 6484807, 4989067, 6485100, 5986932, 6485393, 4989360, 5987225, 6485686, 5987518]
 8, 0x32f17c6e27f8539b605650b4a9d6f1779f916c7ea33e2b2a6cc7eb84b974f80a, 10159
    [4987603, 1995244, 1995537, 4987896, 1995830, 6483929, 1996123, 4988189, 6484222, 4988482, 5986640, 1996416, 4988775, 6484808, 4989068, 6485101, 5986933, 6485394, 4989361, 5987226]
 9, 0x26b04265765947d12045bcbe58b2e6547bde60b25ddff533f9791fe2170aeb5f, 10159
    [4987605, 1995246, 1995539, 4987898, 1995832, 6483931, 1996125, 4988191, 6484224, 4988484, 5986642, 1996418, 4988777, 6484810, 4989070, 6485103, 5986935, 6485396, 4989363, 5987228]
10, 0x2b7225a656cccb0e8f58c6f2518f16b3eba8ed34139d6f37673be556a7117c17, 10159
    [4987604, 1995245, 1995538, 4987897, 1995831, 6483930, 1996124, 4988190, 6484223, 4988483, 5986641, 1996417, 4988776, 6484809, 4989069, 6485102, 5986934, 6485395, 4989362, 5987227]
11, 0x13bca9a5def42853591544ecfa579ed081067deacc5cb6504c557e3c936e7a36, 9901
    [4987575, 1995216, 1995509, 4987868, 1995802, 6483901, 1996095, 4988161, 6484194, 4988454, 1996388, 4988747, 4989040, 6485073, 1996681, 6485366, 4989333, 5987198, 6485659, 4989626]
12, 0x291c28f0993340f9b3644361ca2e6d5dc685773beee9be614178689943c9d76f, 9901
    [6483789, 1995104, 1995397, 4987756, 1995690, 1995983, 4988049, 6484082, 4988342, 1996276, 4988635, 4988928, 1996569, 6484961, 4989221, 6485254, 5987086, 6485547, 4989514, 5987379]
13, 0x3441a37c6fc0bca9be5c15426a9d94e6e6f47585c6a7115b3579990f09ef0faa, 9901
    [4987538, 1995179, 1995472, 4987831, 1995765, 6483864, 1996058, 4988124, 6484157, 4988417, 1996351, 4988710, 4989003, 1996644, 6485036, 4989296, 6485329, 5987161, 6485622, 4989589]
14, 0x3ea67f7d5368d6c2018505dc648c89e6ad845a3eb4b73b6c272ee18d58a22709, 9901
    [1995051, 1995344, 4987703, 1995637, 4987996, 1995930, 6484029, 4988289, 1996223, 4988582, 1996516, 4988875, 6484908, 4989168, 6485201, 5987033, 6485494, 4989461, 5987326, 6485787]
15, 0x38caffecd1e179b2aaf9fe93b8b2e2b58448b10ba5528f188bcd752728a527fa, 9901
    [1995012, 1995305, 4987664, 1995598, 4987957, 1995891, 6483990, 4988250, 1996184, 4988543, 1996477, 4988836, 6484869, 4989129, 6485162, 5986994, 6485455, 4989422, 5987287, 6485748]
16, 0x1c0adeaaf01ca44cf6fe25c5dd3d8100d405dfca6f6fbd5ce7b3c149d755fa17, 9901
    [1995271, 4987630, 1995564, 4987923, 1995857, 6483956, 4988216, 1996150, 4988509, 1996443, 4988802, 6484835, 4989095, 6485128, 5986960, 6485421, 4989388, 5987253, 6485714, 5987546]
17, 0x0fd2377d60726ff8f800922094f30ac55aecaf825ba466cd810c8afb583ca148, 9901
    [6483798, 1995113, 1995406, 4987765, 1995699, 1995992, 4988058, 6484091, 4988351, 1996285, 4988644, 4988937, 1996578, 6484970, 4989230, 6485263, 5987095, 6485556, 4989523, 5987388]
18, 0x1d2ae60ebf201d120c3531a7f9b616891c12ea08c7f680b5308a3983d9a7b62c, 9901
    [6483807, 1995122, 1995415, 4987774, 1995708, 1996001, 4988067, 6484100, 4988360, 1996294, 4988653, 4988946, 1996587, 6484979, 4989239, 6485272, 5987104, 6485565, 4989532, 5987397]
19, 0x1a09a2c77d1cc5be78a53af07b3822783ef9efb6c7abb11f306bf14cacb3661f, 9901
    [1995158, 1995451, 4987810, 1995744, 6483843, 1996037, 4988103, 6484136, 4988396, 1996330, 4988689, 4988982, 1996623, 6485015, 4989275, 6485308, 5987140, 6485601, 4989568, 6485894]
20, 0x0dd96213f2a761675acfa3180fac7b3dab3b697f09b4763740b38503d4d71e1c, 9901
    [1995278, 4987637, 1995571, 4987930, 1995864, 6483963, 4988223, 1996157, 4988516, 1996450, 4988809, 6484842, 4989102, 6485135, 5986967, 6485428, 4989395, 5987260, 6485721, 5987553]
21, 0x357156c051181dba7fd80eeda7b75819920207fa74a42a8fb9c201fc140f9fba, 9901
    [1995042, 1995335, 4987694, 1995628, 4987987, 1995921, 6484020, 4988280, 1996214, 4988573, 1996507, 4988866, 6484899, 4989159, 6485192, 5987024, 6485485, 4989452, 5987317, 6485778]
22, 0x1c0dbc340ea3472ec98b8f82420b485d5742f45a54f9a6936c020129e03f0509, 9901
    [1995137, 1995430, 6483822, 4987789, 1995723, 1996016, 4988082, 6484115, 4988375, 1996309, 4988668, 4988961, 1996602, 6484994, 4989254, 6485287, 5987119, 6485580, 4989547, 5987412]
23, 0x22cc03cc0eaa2e987387c8705530b2a9c056acc695a806c33d8124525525f75b, 9901
    [1995286, 4987645, 1995579, 4987938, 1995872, 6483971, 4988231, 1996165, 4988524, 1996458, 4988817, 6484850, 4989110, 6485143, 5986975, 6485436, 4989403, 5987268, 6485729, 5987561]
24, 0x11dd0418bb466198b47e4e30408ca9896ef9d73cabe0cf980d8804efc2834a65, 9901
    [1995141, 1995434, 6483826, 4987793, 1995727, 1996020, 4988086, 6484119, 4988379, 1996313, 4988672, 4988965, 1996606, 6484998, 4989258, 6485291, 5987123, 6485584, 4989551, 5987416]
25, 0x02102abe0eb0985d9824f33b0298c3c6516dcf54140f082ecfb8febd07d4baaf, 9901
    [1995143, 1995436, 6483828, 4987795, 1995729, 1996022, 4988088, 6484121, 4988381, 1996315, 4988674, 4988967, 1996608, 6485000, 4989260, 6485293, 5987125, 6485586, 4989553, 5987418]
26, 0x29595b0a90995252b4bfc012d1ab77f8febc345b1edd7559a0db94d563570735, 9901
    [4987571, 1995212, 1995505, 4987864, 1995798, 6483897, 1996091, 4988157, 6484190, 4988450, 1996384, 4988743, 4989036, 6485069, 1996677, 4989329, 6485362, 5987194, 6485655, 4989622]
27, 0x322aafcacffe775db2ce1c6559d26baf6e68e3471973692d9c2593fd71415e0e, 9901
    [4987555, 1995196, 1995489, 4987848, 1995782, 6483881, 1996075, 4988141, 6484174, 4988434, 1996368, 4988727, 4989020, 1996661, 6485053, 4989313, 6485346, 5987178, 6485639, 4989606]
28, 0x18dfc54f827cb1bc2653acfce022520d4dad6275cfd11ebc22785f12a65452e4, 9901
    [4987547, 1995188, 1995481, 4987840, 1995774, 6483873, 1996067, 4988133, 6484166, 4988426, 1996360, 4988719, 4989012, 1996653, 6485045, 4989305, 6485338, 5987170, 6485631, 4989598]
29, 0x1ab15b518306d3850dee4be8aaead7381e975c0ce17b588dc6e05828565fff82, 9901
    [4987548, 1995189, 1995482, 4987841, 1995775, 6483874, 1996068, 4988134, 6484167, 4988427, 1996361, 4988720, 4989013, 1996654, 6485046, 4989306, 6485339, 5987171, 6485632, 4989599]
30, 0x0b6a43aa6e98b49a7d64f9e06b4fe7fef96902b962134d38403465c8bdd8b925, 9901
    [1995272, 4987631, 1995565, 4987924, 1995858, 6483957, 4988217, 1996151, 4988510, 1996444, 4988803, 6484836, 4989096, 6485129, 5986961, 6485422, 4989389, 5987254, 6485715, 5987547]
31, 0x295ccb914329c59bcb3f291a16961ebc32e755ad1cc67c06a61dd24340131856, 9901
    [1995162, 1995455, 4987814, 1995748, 6483847, 1996041, 4988107, 6484140, 4988400, 1996334, 4988693, 4988986, 1996627, 6485019, 4989279, 6485312, 5987144, 6485605, 4989572, 6485898]
32, 0x213194630f89809c63e3e5bc009c6b799e715bb2bb636c534e92d6ec395499fe, 9901
    [1995130, 1995423, 6483815, 4987782, 1995716, 1996009, 4988075, 6484108, 4988368, 1996302, 4988661, 4988954, 1996595, 6484987, 4989247, 6485280, 5987112, 6485573, 4989540, 5987405]
33, 0x39721a9ccd9e28de12f9d910841c9a98dcaa995488502a21a855dd0be85d8d19, 9901
    [4987545, 1995186, 1995479, 4987838, 1995772, 6483871, 1996065, 4988131, 6484164, 4988424, 1996358, 4988717, 4989010, 1996651, 6485043, 4989303, 6485336, 5987168, 6485629, 4989596]
34, 0x3ecfb43ad0f7f43af4db60f930eeaec1492e127df0630a2798013e41dd0d66cb, 9901
    [4987607, 1995248, 1995541, 4987900, 1995834, 6483933, 1996127, 4988193, 4988486, 1996420, 4988779, 6484812, 4989072, 6485105, 5986937, 6485398, 4989365, 5987230, 6485691, 5987523]
35, 0x01bad183ac91361fcf6d370ae6d4484cfcdafd916ab4775a99199eda3c4e7867, 9901
    [1995090, 1995383, 4987742, 1995676, 4988035, 1995969, 6484068, 4988328, 1996262, 4988621, 1996555, 4988914, 6484947, 4989207, 6485240, 5987072, 6485533, 4989500, 5987365, 6485826]
36, 0x12d56c05cfb287e4762c02745233082840741100cabefc216a8f4e14c323eb0c, 9901
    [1995261, 4987620, 1995554, 4987913, 1995847, 6483946, 4988206, 1996140, 4988499, 1996433, 4988792, 6484825, 4989085, 6485118, 5986950, 6485411, 4989378, 5987243, 6485704, 5987536]
37, 0x1b1066947c5eaa42e4f7361cf3cfba83841b001fd1ea4953b5498b56af295900, 9901
    [6483788, 1995103, 1995396, 4987755, 1995689, 1995982, 4988048, 6484081, 4988341, 1996275, 4988634, 4988927, 1996568, 6484960, 4989220, 6485253, 5987085, 6485546, 4989513, 5987378]
38, 0x16e93168cb5e5a3f2cfeed718a66699c9f89c853cff3a82104d32d198380dfd0, 9901
    [4987570, 1995211, 1995504, 4987863, 1995797, 6483896, 1996090, 4988156, 6484189, 4988449, 1996383, 4988742, 4989035, 6485068, 1996676, 4989328, 6485361, 5987193, 6485654, 4989621]
39, 0x3fe3d44e8e89863e062c3a7595065147ac97de36e11506faeee2c6c98d93aaf8, 9901
    [4987599, 1995240, 1995533, 4987892, 1995826, 6483925, 1996119, 4988185, 4988478, 1996412, 4988771, 6484804, 4989064, 6485097, 5986929, 6485390, 4989357, 5987222, 6485683, 5987515]
40, 0x303973ad29fc927f7ca2aff8ae8c1e0983d962e8569c312036049c9cc989740b, 9901
    [1995094, 1995387, 4987746, 1995680, 1995973, 4988039, 6484072, 4988332, 1996266, 4988625, 1996559, 4988918, 6484951, 4989211, 6485244, 5987076, 6485537, 4989504, 5987369, 6485830]
41, 0x2b92c9b440deff84fdbb0e9d7196801877d15412866eb5db59fea5a1482babcb, 9901
    [1995023, 1995316, 4987675, 1995609, 4987968, 1995902, 6484001, 4988261, 1996195, 4988554, 1996488, 4988847, 6484880, 4989140, 6485173, 5987005, 6485466, 4989433, 5987298, 6485759]
42, 0x2e960326d66bb9582ae7882bdd1cce4572df4499d2fcb311a19c341131f58975, 9901
    [1995281, 4987640, 1995574, 4987933, 1995867, 6483966, 4988226, 1996160, 4988519, 1996453, 4988812, 6484845, 4989105, 6485138, 5986970, 6485431, 4989398, 5987263, 6485724, 5987556]
43, 0x04f76fab6a707d979a20523388a8a157215dae54a7720a0e55bb3786f267a8fe, 9901
    [1995296, 4987655, 1995589, 4987948, 1995882, 6483981, 4988241, 1996175, 4988534, 1996468, 4988827, 6484860, 4989120, 6485153, 5986985, 6485446, 4989413, 5987278, 6485739, 5987571]
44, 0x2e56768f25b6f18869ae34b789038140a5fb5b9d3096aa52e274f1f54abd17fe, 9901
    [1995030, 1995323, 4987682, 1995616, 4987975, 1995909, 6484008, 4988268, 1996202, 4988561, 1996495, 4988854, 6484887, 4989147, 6485180, 5987012, 6485473, 4989440, 5987305, 6485766]
45, 0x328a4d65084cb5e05b6d0e49f1e469b5b5843c9e3537bb8862a4801fe000fe6e, 9901
    [1995154, 1995447, 4987806, 1995740, 6483839, 1996033, 4988099, 6484132, 4988392, 1996326, 4988685, 4988978, 1996619, 6485011, 4989271, 6485304, 5987136, 6485597, 4989564, 6485890]
46, 0x1ca1f8b44ea8d34d9fe8913cf2e14202955e9cb834d1d03b2449e49ad091e282, 9901
    [1995071, 1995364, 4987723, 1995657, 4988016, 1995950, 6484049, 4988309, 1996243, 4988602, 1996536, 4988895, 6484928, 4989188, 6485221, 5987053, 6485514, 4989481, 5987346, 6485807]
47, 0x1ed983f4e6e6317b0fe1d3dc5887a305e00e1dc5a910e22d13f535baf352c577, 9901
    [1995280, 4987639, 1995573, 4987932, 1995866, 6483965, 4988225, 1996159, 4988518, 1996452, 4988811, 6484844, 4989104, 6485137, 5986969, 6485430, 4989397, 5987262, 6485723, 5987555]
48, 0x1e0ddebcbf8ce15ffeb8177d1d4c2d7b4bd5ae920450af0f55f62b1b1c55b376, 9901
    [1995028, 1995321, 4987680, 1995614, 4987973, 1995907, 6484006, 4988266, 1996200, 4988559, 1996493, 4988852, 6484885, 4989145, 6485178, 5987010, 6485471, 4989438, 5987303, 6485764]
49, 0x2940de3f12a04f04f6323d5f88bfb1032bdd729a1d17af6f3a53d2d8bbdf5dbd, 9901
    [6483792, 1995107, 1995400, 4987759, 1995693, 1995986, 4988052, 6484085, 4988345, 1996279, 4988638, 4988931, 1996572, 6484964, 4989224, 6485257, 5987089, 6485550, 4989517, 5987382]
50, 0x3ceef0e4e6e791dc756db7f6b8ca5ec18ac05636982e5c5b731ea09f564cd203, 9901
    [1995086, 1995379, 4987738, 1995672, 4988031, 1995965, 6484064, 4988324, 1996258, 4988617, 1996551, 4988910, 6484943, 4989203, 6485236, 5987068, 6485529, 4989496, 5987361, 6485822]
51, 0x2d076d13d999d76da26830640cb80f67993ad92a5680a8512f6c49907c774b1b, 9901
    [1995149, 1995442, 6483834, 4987801, 1995735, 1996028, 4988094, 6484127, 4988387, 1996321, 4988680, 4988973, 1996614, 6485006, 4989266, 6485299, 5987131, 6485592, 4989559, 5987424]
52, 0x195fffd982c815fd33ea2879ebb3134c5955816d944acac284c5bda32944163e, 9901
    [1995049, 1995342, 4987701, 1995635, 4987994, 1995928, 6484027, 4988287, 1996221, 4988580, 1996514, 4988873, 6484906, 4989166, 6485199, 5987031, 6485492, 4989459, 5987324, 6485785]
53, 0x0f599002455321c5c9838564607baec2fe3e9f7f6c2dac1e0c790d2021d3d625, 9901
    [4987583, 1995224, 1995517, 4987876, 1995810, 6483909, 1996103, 4988169, 6484202, 4988462, 1996396, 4988755, 4989048, 6485081, 1996689, 6485374, 4989341, 5987206, 6485667, 4989634]
54, 0x10183df541459af8b76548f5af858b582d65182655e342dbf6ed19923c21becf, 9901
    [1995270, 4987629, 1995563, 4987922, 1995856, 6483955, 4988215, 1996149, 4988508, 1996442, 4988801, 6484834, 4989094, 6485127, 5986959, 6485420, 4989387, 5987252, 6485713, 5987545]
55, 0x01c618c353c74f8185ca192f07c4ed545cc7cb6bef18c24891b351001950b931, 9901
    [1995156, 1995449, 4987808, 1995742, 6483841, 1996035, 4988101, 6484134, 4988394, 1996328, 4988687, 4988980, 1996621, 6485013, 4989273, 6485306, 5987138, 6485599, 4989566, 6485892]
56, 0x0f98c3971500316563f6e8e207165a3e281d1116e2b24e47fded59a21b2e4906, 9901
    [1995292, 4987651, 1995585, 4987944, 1995878, 6483977, 4988237, 1996171, 4988530, 1996464, 4988823, 6484856, 4989116, 6485149, 5986981, 6485442, 4989409, 5987274, 6485735, 5987567]
57, 0x12c397f5ede788a944ad992258570f621174620095b8a1aa3c6e5faa5cb57246, 9901
    [1995282, 4987641, 1995575, 4987934, 1995868, 6483967, 4988227, 1996161, 4988520, 1996454, 4988813, 6484846, 4989106, 6485139, 5986971, 6485432, 4989399, 5987264, 6485725, 5987557]
58, 0x3191e39763a443c45282ba69bf615edacf646a646e959c5430b96346973e2531, 9901
    [4987564, 1995205, 1995498, 4987857, 1995791, 6483890, 1996084, 4988150, 6484183, 4988443, 1996377, 4988736, 4989029, 1996670, 6485062, 4989322, 6485355, 5987187, 6485648, 4989615]
59, 0x3333e76232779a7c2fe7481564e648b5021023dc763535f464d4d2e371238db9, 9901
    [1995265, 4987624, 1995558, 4987917, 1995851, 6483950, 4988210, 1996144, 4988503, 1996437, 4988796, 6484829, 4989089, 6485122, 5986954, 6485415, 4989382, 5987247, 6485708, 5987540]
60, 0x3804718b8b6c01c72a868443d806becc60c0c038a5afa8b8a54be25135e3c7de, 9901
    [4987559, 1995200, 1995493, 4987852, 1995786, 6483885, 1996079, 4988145, 6484178, 4988438, 1996372, 4988731, 4989024, 1996665, 6485057, 4989317, 6485350, 5987182, 6485643, 4989610]
61, 0x3ae08940ad8cf9a078ced0ba4d6659e2b8e3f4e08d6b6a18c1aaa74cfaf5ca45, 9901
    [4987541, 1995182, 1995475, 4987834, 1995768, 6483867, 1996061, 4988127, 6484160, 4988420, 1996354, 4988713, 4989006, 1996647, 6485039, 4989299, 6485332, 5987164, 6485625, 4989592]
62, 0x3edcc50fe79362fc96e6975351d08d7b74ae017ca3c402896474e04b933c01a7, 9901
    [1995079, 1995372, 4987731, 1995665, 4988024, 1995958, 6484057, 4988317, 1996251, 4988610, 1996544, 4988903, 6484936, 4989196, 6485229, 5987061, 6485522, 4989489, 5987354, 6485815]
63, 0x2560d2f2bb56a715c81702a58a803b35cbd1336cf72342bbed372b9ee4158239, 9901
    [1995014, 1995307, 4987666, 1995600, 4987959, 1995893, 6483992, 4988252, 1996186, 4988545, 1996479, 4988838, 6484871, 4989131, 6485164, 5986996, 6485457, 4989424, 5987289, 6485750]
64, 0x0fe3fbe84dae5bd1a7dbedcc410ca1b701ea7faf87ea83396bd464cad8a6bc23, 9901
    [4987606, 1995247, 1995540, 4987899, 1995833, 6483932, 1996126, 4988192, 4988485, 1996419, 4988778, 6484811, 4989071, 6485104, 5986936, 6485397, 4989364, 5987229, 6485690, 5987522]
65, 0x13beaee586e66013ac301ce9900c6638b403ecc9785e6909978e6c00b35b6313, 9901
    [1995274, 4987633, 1995567, 4987926, 1995860, 6483959, 4988219, 1996153, 4988512, 1996446, 4988805, 6484838, 4989098, 6485131, 5986963, 6485424, 4989391, 5987256, 6485717, 5987549]
66, 0x2395bd44c865cb17114f527d992d4361c0d2573877020a00d5c9450a160a5b62, 9901
    [4987551, 1995192, 1995485, 4987844, 1995778, 6483877, 1996071, 4988137, 6484170, 4988430, 1996364, 4988723, 4989016, 1996657, 6485049, 4989309, 6485342, 5987174, 6485635, 4989602]
67, 0x19340c9f8427a45d11bb9ef115c6d5500f57814f783d02dd441e16a08e5d01c3, 9901
    [4987554, 1995195, 1995488, 4987847, 1995781, 6483880, 1996074, 4988140, 6484173, 4988433, 1996367, 4988726, 4989019, 1996660, 6485052, 4989312, 6485345, 5987177, 6485638, 4989605]
68, 0x006fedb47b5cafa591dd0cd70f09adbec554d16ff104369ce88e011e5fd9744a, 9901
    [1995063, 1995356, 4987715, 1995649, 4988008, 1995942, 6484041, 4988301, 1996235, 4988594, 1996528, 4988887, 6484920, 4989180, 6485213, 5987045, 6485506, 4989473, 5987338, 6485799]
69, 0x0248041e85e450515a92e0ae351a9a8407591ce0df1b66ef9310a717292b7d38, 9901
    [1995073, 1995366, 4987725, 1995659, 4988018, 1995952, 6484051, 4988311, 1996245, 4988604, 1996538, 4988897, 6484930, 4989190, 6485223, 5987055, 6485516, 4989483, 5987348, 6485809]
70, 0x3ba9d988e521187a1dd47bcba82b2209c5d7b65e04ece54bdd137d3312bfe921, 9901
    [4987549, 1995190, 1995483, 4987842, 1995776, 6483875, 1996069, 4988135, 6484168, 4988428, 1996362, 4988721, 4989014, 1996655, 6485047, 4989307, 6485340, 5987172, 6485633, 4989600]
71, 0x0c0c37b98f8d25753cedfb64fa93ba9050c41cc196547268e14589c5c7cd35e7, 9901
    [4987552, 1995193, 1995486, 4987845, 1995779, 6483878, 1996072, 4988138, 6484171, 4988431, 1996365, 4988724, 4989017, 1996658, 6485050, 4989310, 6485343, 5987175, 6485636, 4989603]
72, 0x3bdf13fd09599ff48fb61dc8fe578f9e8b11868e79c1636e80a68f750aa020b2, 9901
    [6483803, 1995118, 1995411, 4987770, 1995704, 1995997, 4988063, 6484096, 4988356, 1996290, 4988649, 4988942, 1996583, 6484975, 4989235, 6485268, 5987100, 6485561, 4989528, 5987393]
73, 0x1a4dddfd058ebce3f509c04fdb46c82601f171ac0d14694746bf45cf453bb862, 9901
    [4987580, 1995221, 1995514, 4987873, 1995807, 6483906, 1996100, 4988166, 6484199, 4988459, 1996393, 4988752, 4989045, 6485078, 1996686, 6485371, 4989338, 5987203, 6485664, 4989631]
74, 0x2a7fe24394acbfa8eabf57959438f7967d1e478704064494a270d4cf6023b180, 9901
    [1995082, 1995375, 4987734, 1995668, 4988027, 1995961, 6484060, 4988320, 1996254, 4988613, 1996547, 4988906, 6484939, 4989199, 6485232, 5987064, 6485525, 4989492, 5987357, 6485818]
75, 0x22ba30259532246f7f2baeb07e59f2630b60c90d0d48e8ff1ef0f89ee5ee8e55, 9901
    [1995085, 1995378, 4987737, 1995671, 4988030, 1995964, 6484063, 4988323, 1996257, 4988616, 1996550, 4988909, 6484942, 4989202, 6485235, 5987067, 6485528, 4989495, 5987360, 6485821]
76, 0x3cca03ddbff6d6b54dc1ec8cc966f6487ceeb752af1a9299825d058e1d1314b2, 9901
    [1995067, 1995360, 4987719, 1995653, 4988012, 1995946, 6484045, 4988305, 1996239, 4988598, 1996532, 4988891, 6484924, 4989184, 6485217, 5987049, 6485510, 4989477, 5987342, 6485803]
77, 0x1d9321a8c4660c95e2f07e69c4089d8f23d2bde43b9be5a1eabfe60430cedb3a, 9901
    [1995132, 1995425, 6483817, 4987784, 1995718, 1996011, 4988077, 6484110, 4988370, 1996304, 4988663, 4988956, 1996597, 6484989, 4989249, 6485282, 5987114, 6485575, 4989542, 5987407]
78, 0x0167f95a5aff314212ef8fe60920dc24119cf8698dcbb1012b42ed8365f87f78, 9901
    [1995098, 1995391, 4987750, 1995684, 1995977, 4988043, 6484076, 4988336, 1996270, 4988629, 4988922, 1996563, 6484955, 4989215, 6485248, 5987080, 6485541, 4989508, 5987373, 6485834]
79, 0x328a077dda77f5c33bdc32ab33c6d165c653d70b86f792cba52a2d3d17d32b06, 9901
    [4987535, 1995176, 1995469, 4987828, 1995762, 6483861, 1996055, 4988121, 6484154, 4988414, 1996348, 4988707, 4989000, 1996641, 6485033, 4989293, 6485326, 5987158, 6485619, 4989586]
80, 0x0efb92e6b86c4ff96da33a7b8e62c4340f3667458770f7742d81bf30653ed7f6, 9901
    [4987536, 1995177, 1995470, 4987829, 1995763, 6483862, 1996056, 4988122, 6484155, 4988415, 1996349, 4988708, 4989001, 1996642, 6485034, 4989294, 6485327, 5987159, 6485620, 4989587]
81, 0x06ab90ce2ca337ae7287d6a084ae7031fb60d7f40d0c3315f814c404c250150d, 9901
    [4987530, 1995171, 1995464, 4987823, 1995757, 6483856, 1996050, 4988116, 6484149, 4988409, 1996343, 4988702, 4988995, 1996636, 6485028, 4989288, 6485321, 5987153, 6485614, 4989581]
82, 0x2223de5825ba193b12e89bd01bff07aa3438683be996ca7876f8de37804d7880, 9901
    [1995269, 4987628, 1995562, 4987921, 1995855, 6483954, 4988214, 1996148, 4988507, 1996441, 4988800, 6484833, 4989093, 6485126, 5986958, 6485419, 4989386, 5987251, 6485712, 5987544]
83, 0x1e5fc14b6f810a6144ef82e25986f0933d7a20286421c2c35c2cb93e11bf0e4f, 9901
    [1995061, 1995354, 4987713, 1995647, 4988006, 1995940, 6484039, 4988299, 1996233, 4988592, 1996526, 4988885, 6484918, 4989178, 6485211, 5987043, 6485504, 4989471, 5987336, 6485797]
84, 0x057172d3dfd1deffbc8cb16dbf7cadca42458e04801372d9f0960ea691dcc890, 9901
    [1995083, 1995376, 4987735, 1995669, 4988028, 1995962, 6484061, 4988321, 1996255, 4988614, 1996548, 4988907, 6484940, 4989200, 6485233, 5987065, 6485526, 4989493, 5987358, 6485819]
85, 0x27b5e8731f88386094cba13608b490e08a42680f0991e37250f5c6d53b54be3c, 9901
    [4987561, 1995202, 1995495, 4987854, 1995788, 6483887, 1996081, 4988147, 6484180, 4988440, 1996374, 4988733, 4989026, 1996667, 6485059, 4989319, 6485352, 5987184, 6485645, 4989612]
86, 0x015236eb4794b4f23d54c3ba8bf610c445a2c9cdd79d9d6274e2538d33490f2b, 9901
    [1995017, 1995310, 4987669, 1995603, 4987962, 1995896, 6483995, 4988255, 1996189, 4988548, 1996482, 4988841, 6484874, 4989134, 6485167, 5986999, 6485460, 4989427, 5987292, 6485753]
87, 0x148646516ac6f875440816b85e40c465df0942711759ebd9e779e0b5001083e7, 9901
    [1995299, 4987658, 1995592, 4987951, 1995885, 6483984, 4988244, 1996178, 4988537, 1996471, 4988830, 6484863, 4989123, 6485156, 5986988, 6485449, 4989416, 5987281, 6485742, 5987574]
88, 0x0cdae7e49b3d41c886b2eedc37e3e821276b9320893a2da7374faf834d2dcce4, 9901
    [1995064, 1995357, 4987716, 1995650, 4988009, 1995943, 6484042, 4988302, 1996236, 4988595, 1996529, 4988888, 6484921, 4989181, 6485214, 5987046, 6485507, 4989474, 5987339, 6485800]
89, 0x28000567df66fb485b21518fd042251541c9b554b91e5932bfd670b467d985af, 9901
    [1995046, 1995339, 4987698, 1995632, 4987991, 1995925, 6484024, 4988284, 1996218, 4988577, 1996511, 4988870, 6484903, 4989163, 6485196, 5987028, 6485489, 4989456, 5987321, 6485782]
90, 0x06ae9a7dbb883a70bae9b4661e3022df87fc4eb8fe72616e899b11938b827c80, 9901
    [1995053, 1995346, 4987705, 1995639, 4987998, 1995932, 6484031, 4988291, 1996225, 4988584, 1996518, 4988877, 6484910, 4989170, 6485203, 5987035, 6485496, 4989463, 5987328, 6485789]
91, 0x1fdf8d0b21bfa48bd45dad088c9bd20ebdb4a3af12de34238fcf4ad7a4660a0a, 9901
    [1995011, 1995304, 4987663, 1995597, 4987956, 1995890, 6483989, 4988249, 1996183, 4988542, 1996476, 4988835, 6484868, 4989128, 6485161, 5986993, 6485454, 4989421, 5987286, 6485747]
92, 0x23481865c84c6e543b9b9af7b4f11a17316bbb8630d89b8fd7edcb598cc48620, 9901
    [1995015, 1995308, 4987667, 1995601, 4987960, 1995894, 6483993, 4988253, 1996187, 4988546, 1996480, 4988839, 6484872, 4989132, 6485165, 5986997, 6485458, 4989425, 5987290, 6485751]
93, 0x279429360e4b66352a17f5d86f8f7a9ac7552c34846cbd5e588b4f0d5ce964e0, 9901
    [4987531, 1995172, 1995465, 4987824, 1995758, 6483857, 1996051, 4988117, 6484150, 4988410, 1996344, 4988703, 4988996, 1996637, 6485029, 4989289, 6485322, 5987154, 6485615, 4989582]
94, 0x080d65db99fd2aad9790fea0e44e0d4f1ce8f947f96cff10e56d8cc4bb4d3935, 9901
    [1995133, 1995426, 6483818, 4987785, 1995719, 1996012, 4988078, 6484111, 4988371, 1996305, 4988664, 4988957, 1996598, 6484990, 4989250, 6485283, 5987115, 6485576, 4989543, 5987408]
95, 0x1edee266680b8a406a6327cea44aea6ec05a726065c17dba1bb7405a26c24a80, 9901
    [1995290, 4987649, 1995583, 4987942, 1995876, 6483975, 4988235, 1996169, 4988528, 1996462, 4988821, 6484854, 4989114, 6485147, 5986979, 6485440, 4989407, 5987272, 6485733, 5987565]
96, 0x2d94a8cd05017e9a6ed75b0c3322d137ce37c891ac452eee86259840308abdc4, 9901
    [4987574, 1995215, 1995508, 4987867, 1995801, 6483900, 1996094, 4988160, 6484193, 4988453, 1996387, 4988746, 4989039, 6485072, 1996680, 6485365, 4989332, 5987197, 6485658, 4989625]
97, 0x13afd980178f4caf6619592851dd2139c4ce65d3884c4512d8612d93dfcfbb4a, 9901
    [6483793, 1995108, 1995401, 4987760, 1995694, 1995987, 4988053, 6484086, 4988346, 1996280, 4988639, 4988932, 1996573, 6484965, 4989225, 6485258, 5987090, 6485551, 4989518, 5987383]
98, 0x3f2a5a9c4ca01f3b98f25ad5206f17843050e453caa61635289a200e1aa7f61f, 9901
    [1995056, 1995349, 4987708, 1995642, 4988001, 1995935, 6484034, 4988294, 1996228, 4988587, 1996521, 4988880, 6484913, 4989173, 6485206, 5987038, 6485499, 4989466, 5987331, 6485792]
99, 0x2c788948b8f667660630b7533acda6c3aa506607b9027d58345df9472d676269, 9901
    [4987566, 1995207, 1995500, 4987859, 1995793, 6483892, 1996086, 4988152, 6484185, 4988445, 1996379, 4988738, 4989031, 6485064, 1996672, 4989324, 6485357, 5987189, 6485650, 4989617]
