scalars length: 9722443
freq>1000 (count, total, %):         22,    6151557,      63.27%
freq>500  (count, total, %):         77,    6184177,      63.61%
freq>100  (count, total, %):       9083,    7518902,      77.34%
freq>20   (count, total, %):       9083,    7518902,      77.34%

top 100 values:
 0, 0x0000000000000000000000000000000000000000000000000000000000000000, 6053655
    [4861221, 4861222, 4861223, 4861224, 4861225, 4861226, 4861227, 4861228, 4861229, 4861230, 4861231, 4861232, 4861233, 4861234, 4861235, 4861236, 4861237, 4861238, 4861239, 4861240]
 1, 0x0000000000000000000000000000000000000000000000000000000000000001, 19770
    [2, 15, 3038334, 3038337, 3038338, 3038341, 3038355, 1216286, 1216289, 3038395, 3038419, 1216308, 3038459, 3038499, 3038511, 3038539, 3038551, 3038579, 3038591, 3038619]
 2, 0x0000000000000000000000000000000128110c086f1cfba8baa62720b553be52, 11763
    [1, 4861841, 4861844, 3038391, 1216302, 4861850, 4861854, 4861865, 1216814, 4861929, 4861941, 4861969, 4862009, 4862021, 4862049, 4862061, 4862089, 4862101, 4862129, 4862141]
 3, 0x00000000000000000000000000000000507f303fce23a3978189df1f5457a563, 10141
    [0, 8, 3038431, 4863306, 4863309, 1594, 1596, 1606, 1609, 1611, 1617, 1622, 1643, 1650, 1652, 1657, 1658, 1672, 1685, 1686]
 4, 0x40000000000000000000000000000000224698fc0994a8dd8c46eb2100000000, 7649
    [3038335, 3038356, 3038394, 1216307, 1216405, 4861927, 4861933, 4861945, 4861967, 4861973, 4862233, 3038741, 3038752, 3038764, 4254098, 4254104, 3039386, 4863270, 4863294, 4863305]
 5, 0x00000000000000000000000000000000507f303fce23a3978189df1f5457a562, 6701
    [1215895, 1215958, 1215961, 3038435, 4863910, 4863913, 4863915, 4863951, 1587, 1588, 4864051, 4864076, 4864088, 1600, 1603, 1621, 1624, 1630, 1636, 1640]
 6, 0x00000000000000000000000000000000d791dbc8a0f95811391c480160fc18ef, 6288
    [1215939, 3038454, 3038475, 3038706, 4863355, 4863367, 4863375, 4863377, 3039723, 3039725, 3039726, 3039729, 3039741, 3039809, 3039810, 1586, 1590, 1592, 1599, 1601]
 7, 0x3ffffffffffffffffffffffffffffffefa358cf39a77ad34d1a0c4004aac41af, 5009
    [88, 4862251, 4862262, 1216830, 1216888, 1216889, 4863327, 3040418, 3040440, 4560131, 4560142, 3040622, 3041401, 3041552, 3041554, 3041555, 4561207, 4258011, 4258022, 3653771]
 8, 0x3fffffffffffffffffffffffffffffffd1c768bc3b7105460abd0c01aba85a9f, 4617
    [1215962, 3038434, 4863928, 4863950, 4255262, 4255268, 4864132, 1751, 3040340, 3040398, 3040399, 4864911, 4865062, 4865064, 4865065, 2870, 3651022, 3651028, 2434194, 4561808]
 9, 0x3fffffffffffffffffffffffffffffffd1c768bc3b7105460abd0c01aba85a9e, 4402
    [79, 4863425, 1912, 2907, 2908, 4561305, 5335, 5336, 5345, 5357, 5374, 5375, 5384, 5396, 4259185, 3654945, 4870292, 4870298, 4568172, 4568178]
10, 0x3fffffffffffffffffffffffffffffff4ab4bd33689b50cc532aa31f9f03e712, 4135
    [3038474, 3038723, 2430976, 2430982, 4863368, 4863374, 4863378, 4863396, 4863414, 3039742, 3039760, 3039784, 3039795, 2432146, 1749, 1752, 1802, 3649280, 4865377, 4561248]
11, 0x0000000000000000000000000000000128110c086f1cfba8baa62720b553be51, 3324
    [1215810, 1215862, 1216190, 3038414, 4861901, 4861905, 1216467, 4861981, 4862241, 3039563, 3039603, 1589, 1593, 1218008, 1612, 1619, 1632, 1637, 1646, 1651]
12, 0x00000000000000000000000000000000d791dbc8a0f95811391c480160fc18f0, 1782
    [1216053, 1216093, 3038471, 3038731, 4863319, 4863320, 1584, 1591, 3039977, 1608, 1614, 1615, 1616, 1623, 1625, 1627, 1639, 1645, 1660, 1661]
13, 0x0000000000000000000000000000000000000000000000000000000000000002, 1666
    [3038400, 1216309, 4861916, 4861956, 4861990, 1216826, 1216862, 4863240, 4559796, 4559836, 4559870, 4561120, 4257676, 4257716, 2434160, 4257750, 3653436, 3653476, 3653510, 4259000]
14, 0x06c9a7ae1452ad444e553e1b2f2e38ddbb32479f7c1bb2abd8303696b3ac8104, 1541
    [3038496, 3038536, 3038576, 3038616, 3038656, 2434256, 2434296, 2434336, 2434376, 2434416, 1225776, 1225816, 1225856, 1225896, 1225936, 4872716, 4872756, 4872796, 4872836, 4872876]
15, 0x3ffffffffffffffffffffffffffffffefa358cf39a77ad34d1a0c4004aac41b0, 1540
    [1215876, 1215956, 1216122, 1216172, 4861904, 1218007, 1218009, 1218014, 1748, 4559784, 1836, 4257664, 3653424, 3049184, 2444944, 1236464, 27984, 28331, 28342, 3694182]
16, 0x32c18c3e7fb6f6c91b553f566ce012b4d5f92376d9475f49458f5270a57cab51, 1534
    [4581466, 4581506, 4581546, 4883586, 4883626, 4581586, 4581626, 4883666, 4883706, 4883746, 3675106, 3675146, 3675186, 3675226, 3675266, 4279346, 4279386, 4279426, 4279466, 4279506]
17, 0x3ffffffffffffffffffffffffffffffee049d7fcd1061a7f861f6ea3aea16a79, 1416
    [3038436, 4863914, 4864052, 4864089, 3648413, 3040380, 2434196, 4561794, 4561932, 4561969, 3044173, 3655434, 2436140, 3655572, 3655609, 4259674, 4259812, 4259849, 1225716, 4872632]
18, 0x3e20d430c548c9f709d5bf7013b5f941d7a743062fe2dc03fdd726282e7432e2, 1408
    [4862006, 4862046, 4862086, 4862126, 4862166, 4559886, 4559926, 4559966, 4560006, 4560046, 4257766, 4257806, 4257846, 4257886, 4257926, 3653526, 3653566, 3653606, 3653646, 3653686]
19, 0x3ffffffffffffffffffffffffffffffcc3ff29d985af4898a7d5cb1b7c0f9c45, 1155
    [3038476, 3039752, 3648991, 4865371, 2434236, 3044751, 4563251, 2435512, 3656891, 1225756, 4261131, 1227032, 3052651, 2440511, 1232031, 17276, 18552, 1239931, 23551, 4581446]
20, 0x40000000000000000000000000000000224698fc0994a8dd8c46eb20ffffffff, 1034
    [3038753, 2434513, 1226033, 9506, 4873033, 4873053, 4570913, 4570933, 4874166, 4874186, 4572046, 4572066, 3664553, 3664573, 3665686, 3665706, 4268793, 4268813, 17553, 17660]
21, 0x000000000000000000000000000000000000000000000000000000000000000c, 1027
    [3038398, 4861914, 4861954, 4862229, 4863260, 3039538, 4559794, 4559834, 4560109, 4561140, 4257674, 4257714, 2434158, 4257989, 3653434, 3653474, 4259020, 3653749, 2435298, 3654780]
22, 0x000000000000000000000000000000035e476f2283e56044e471200583f063bc, 900
    [3038711, 3039744, 3039748, 2434471, 2435504, 2435508, 1225991, 1227024, 1227028, 17511, 18544, 18548, 4581681, 4883801, 3675321, 4279561, 1258361, 3687807, 3687842, 3071081]
23, 0x3fffffffffffffffffffffffffffffff8148387c6d4d61ae89332ce25750b53b, 898
    [4874103, 4874278, 4571983, 4572158, 3665623, 3665798, 4269863, 4270038, 4581723, 4883843, 3675363, 4884842, 4582722, 3061383, 3676362, 3061558, 1248663, 4279603, 1248838, 4280602]
24, 0x3fffffffffffffffffffffffffffffff4ab4bd33689b50cc532aa31f9f03e711, 893
    [4557776, 3648419, 4255656, 3651416, 3044179, 1222108, 3047176, 2439939, 1231459, 2442936, 1234456, 31457, 3680789, 4587149, 4889269, 4285029, 3683786, 4892266, 4590146, 4288026]
25, 0x40000000000000000000000000000000224698fc0994a8dd8c46eb20fffffffd, 788
    [55, 3038336, 4863489, 4561369, 2434096, 4868261, 4259249, 3655009, 4566141, 1225616, 3050769, 3659781, 10738, 4264021, 11605, 3055541, 17136, 17723, 1238049, 21239]
26, 0x15155ff115fceb113cd5699f29eae0a194bfca52b90028b425c8d6c333b4a232, 775
    [4581430, 4581470, 4581510, 4883550, 4581550, 4883590, 4883630, 4581590, 4581630, 4883670, 4883710, 4883750, 3675070, 3675110, 3675150, 3675190, 3675230, 3675270, 4279310, 4279350]
27, 0x00000000000000000000000000000003c5f642fda9abab1a12767577f41bc0a4, 774
    [4873838, 4571718, 3665358, 4269598, 4581374, 4581414, 4883494, 4883534, 4581687, 3675014, 4883807, 3675054, 3675327, 3061118, 4884903, 4582783, 3676423, 4279254, 4279294, 1248398]
28, 0x3fffffffffffffffffffffffffffffff8148387c6d4d61ae89332ce25750b53d, 772
    [3038448, 4863313, 4561193, 2434208, 4259073, 3654833, 1225728, 3050593, 4874119, 4571999, 3665639, 17248, 4269879, 1237873, 2446353, 3061399, 1248679, 40183, 40199, 40358]
29, 0x40000000000000000000000000000000224698fc0994a8dd8c46eb20fffffff5, 772
    [4862223, 4862235, 3038735, 4863264, 4560103, 4560115, 4561144, 4257983, 4257995, 2434495, 4259024, 3653743, 3653755, 3654784, 3049503, 3049515, 1226015, 3050544, 9508, 4873035]
30, 0x3ffffffffffffffffffffffffffffffe7322e16ac7a1f8bb1a0e5b1e3e07ce23, 771
    [4863376, 4561256, 4259136, 3654896, 3050656, 4873884, 4571764, 3665404, 4269644, 1237936, 2446416, 4581412, 4883532, 3675052, 3061164, 4885470, 3676990, 4583350, 29456, 4279292]
31, 0x00000000000000000000000000000000a0fe607f9c47472f0313be3ea8af4ac6, 770
    [4874105, 4571985, 3665625, 4269865, 4581376, 4581416, 4581450, 4883496, 4883536, 4883570, 3675016, 3675056, 3675090, 3061385, 4279256, 4279296, 4279330, 1248665, 1258056, 1258096]
32, 0x0000000000000000000000000000000000000000000000000000000000000004, 769
    [1216295, 4863254, 3039813, 4561134, 4259014, 3654774, 2435573, 3050534, 1227093, 17691, 18613, 1237814, 2446294, 27928, 28345, 3687245, 4593605, 4895725, 4291485, 1270285]
33, 0x2ce70d73dc1a84a3d84a7301652c680b226b8e8da51fa9e518d436578c5e3427, 768
    [1216829, 3039385, 4863257, 4863259, 3039465, 3039474, 4561137, 4561139, 2435145, 4259017, 4259019, 2435225, 2435234, 3654777, 3654779, 3050537, 3050539, 1226665, 1226745, 1226754]
34, 0x0000000000000000000000000000000141fcc0ff388e8e5e06277c7d515e9588, 645
    [4863917, 4863952, 3040374, 4865056, 4561797, 4561832, 4562936, 3655437, 3655472, 2436134, 4259677, 4259712, 3656576, 4260816, 1227654, 3051197, 3051232, 3052336, 19174, 1238477]
35, 0x0000000000000000000000000000000a1ad64d678bb020cead5360108bd12b34, 645
    [1216028, 3038719, 4863357, 4863392, 4561237, 4561272, 2434479, 4259117, 4259152, 3654877, 3654912, 1225999, 3050637, 3050672, 17519, 1237917, 1237952, 2446397, 2446432, 4884838]
36, 0x2b42607e6395cf3ab46c2d8d1eeb9a5d83feba2df6c5e17b26e10229f448b88e, 645
    [4581482, 4581522, 4581562, 4883602, 4883642, 4581602, 4581642, 4883682, 4883722, 4883762, 3675122, 3675162, 3675202, 3675242, 3675282, 4279362, 4279402, 4279442, 4279482, 4279522]
37, 0x3fffffffffffffffffffffffffffff5998afd43d894719f48ed0e8bb00e4f1e1, 644
    [4880318, 4578198, 3671838, 4881482, 4579362, 3673002, 4276078, 4277242, 1254878, 3067598, 1256042, 3684180, 3068762, 4892660, 4590540, 4288420, 46398, 1267220, 47562, 3693024]
38, 0x3fffffffffffffffffffffffffffffd2dabb75181588a3a4aeb969818eb2f8e1, 639
    [4557394, 4255274, 3651034, 3046794, 2442554, 1234074, 35214, 3682240, 35996, 3682628, 36384, 4588600, 4890720, 4891108, 4588988, 4286480, 4286868, 1265280, 1265668, 3694582]
39, 0x392836157e4a996d56c7914a16e4079c31de7f425288e2f74cdceb1c8ec071cb, 638
    [4557395, 4255275, 3651035, 3046795, 2442555, 1234075, 3682241, 35997, 3682629, 36385, 4588601, 4890721, 4891109, 4588989, 4286481, 4286869, 1265281, 1265669, 3694583, 3694971]
40, 0x00f5208be60bcaa87feb0bac5d4ebde5bc3de2ad4c3437c0bdafd1b02aeec8e4, 638
    [4557396, 4255276, 3651036, 3046796, 2442556, 1234076, 3682242, 35998, 3682630, 36386, 4588602, 4890722, 4891110, 4588990, 4286482, 4286870, 1265282, 1265670, 3694584, 3694972]
41, 0x24664e532d6dd820af4d0a47693e4fad6c47a69d704c863a00ee5f42e95f2940, 522
    [4861940, 4861980, 4559820, 4559860, 4257700, 4257740, 3653460, 3653500, 3049220, 3049260, 4874159, 4874177, 4572039, 4572057, 3665679, 3665697, 17599, 17639, 17653, 17669]
42, 0x40000000000000000000000000000000224698fc0994a8dd8c46eb20ffffff71, 520
    [61, 4254110, 4254498, 3649870, 3650258, 3045630, 3046018, 4870692, 4871080, 4568572, 4568960, 3662212, 2441390, 3662600, 2441778, 4266452, 4266840, 1232910, 1233298, 3057972]
43, 0x3fffffffffffffffffffffffffffffd2dabb75181588a3a4aeb969818eb2f851, 518
    [4869134, 4869916, 4870304, 4567014, 4567796, 4568184, 3660654, 3661436, 3661824, 4264894, 4265676, 4266064, 3056414, 3057196, 3057584, 4880700, 4578580, 3672220, 25594, 1243694]
44, 0x3ffffffffffffffffffffffffffffff88e25deee60d090428a48631497231f9a, 517
    [3038707, 4558158, 4863400, 2432140, 4256038, 4561280, 3651798, 2434467, 4259160, 3654920, 3047558, 1223660, 1225987, 3050680, 15180, 2443318, 1234838, 17507, 1237960, 2446440]
45, 0x1b2e17612a34f16b07f7ffe65e8e354fefcb811ea3779ee5fdb32a15b5b97cfc, 516
    [4581737, 4883857, 3675377, 4582357, 4884477, 4582437, 4884557, 3675997, 3676077, 4884723, 4582603, 3676243, 4279617, 4280237, 4280317, 4280483, 1258417, 1259037, 1259117, 1259283]
46, 0x3ffffffffffffffffffffffffffffffc5c5055fe5fe8fdc379d075a90be43f5d, 516
    [4874107, 4571987, 3665627, 4269867, 4581695, 4883815, 3675335, 4884844, 4582724, 3061387, 3676364, 29397, 1248667, 4279575, 4280604, 1258375, 1259404, 2457147, 3071095, 3072124]
47, 0x128a1f2e11b9f8a0c783bcfbeffd6dc7f441562f3c070eed317723b463c8f0b6, 516
    [3038447, 3038455, 3038493, 2434207, 2434215, 2434253, 1225727, 1225735, 1225773, 17247, 17255, 17293, 4581463, 4883583, 3675103, 4279343, 1258143, 3070863, 49663, 2466623]
48, 0x23ac0f40176ffc4433fe7f4dc52fc7bde661d10cc0dd25e94a7ab6de697eecd0, 515
    [3038453, 2434213, 1225733, 17253, 3685847, 3685855, 3685893, 4592207, 4592215, 4592253, 4894327, 4894335, 4894373, 4290087, 4290095, 4290133, 1268887, 1268895, 1268933, 60367]
49, 0x00000000000000000000000000000001af23b79141f2b02272389002c1f831de, 514
    [4581406, 4883526, 3675046, 4885426, 4885464, 3676946, 3676984, 4583306, 4583344, 4279286, 4281186, 4281224, 1258086, 1259986, 1260024, 3070806, 3072706, 3072744, 49606, 3696622]
50, 0x0000000000000000000000000000000000000000000000000000000000000003, 514
    [17, 4862219, 4560099, 4257979, 3653739, 3049499, 4874178, 4572058, 3665698, 17727, 4269938, 2445259, 1236779, 3061458, 1248738, 2457218, 3687774, 4594134, 4292014, 4896254]
51, 0x3ffffffffffffffffffffffffffffffb820268da4d20ba3aa1ae4e9e2ab106b9, 514
    [3040579, 2436339, 1227859, 19379, 3681361, 4587721, 4889841, 4285601, 3689261, 1264401, 4595621, 4293501, 4897741, 1272301, 3697774, 3077121, 55921, 4302014, 1280814, 4604134]
52, 0x3fc6c359dd8236d3642f198adef0d71fdac1d949dcaf354742b855e65ce1b708, 514
    [1215955, 1215964, 4863354, 4561234, 4259114, 3654874, 3050634, 1237914, 2446394, 4884837, 4582717, 3676357, 29434, 4280597, 1259397, 3072117, 50917, 2467877, 3708445, 3708454]
53, 0x1d992b8355c91d3f701e609430b5865d426578f1182f85c9c700b3ba5f46b9e6, 513
    [4254105, 4254493, 3649865, 3650253, 3045625, 3046013, 4869911, 4870687, 4567791, 4568567, 3661431, 3662207, 2441385, 2441773, 4265671, 4266447, 1232905, 1233293, 3057191, 3057967]
54, 0x28cb4f182ddb8fbd7b1533359ec6bef2d6e62d0989c8cf9be4734bd78a11f5ba, 513
    [4875827, 4573707, 3667347, 4271587, 4581700, 4883820, 3675340, 3678137, 4886617, 4584497, 3063107, 4279580, 1250387, 4282377, 1258380, 1261177, 3071100, 2458867, 49900, 3073897]
55, 0x3ffffffffffffffffffffffffffffffb820268da4d20ba3aa1ae4e9e2ab106bd, 513
    [4862243, 4560123, 1220663, 4258003, 3653763, 3049523, 12183, 1236803, 2445283, 28323, 3691573, 4295813, 4597933, 4900053, 1274613, 3702363, 1285403, 4306603, 4608723, 4910843]
56, 0x0000000000000000000000000000000de0cc9065355bcbe8bfc9d5887fecebd8, 513
    [1216303, 4581689, 4883809, 3675329, 4279569, 1258369, 3071089, 49889, 3697768, 2466849, 4302008, 1280808, 4604128, 3707384, 4906248, 3708793, 1290424, 1291833, 4311624, 4313033]
57, 0x15561bd38d83a8bc98384352f00bc4ac5ef74757fb16d689cbc7dc2c39c9e4aa, 513
    [4254106, 4254494, 3649866, 3650254, 3045626, 3046014, 4869912, 4870688, 4567792, 4568568, 3661432, 3662208, 2441386, 2441774, 4265672, 4266448, 1232906, 1233294, 3057192, 3057968]
58, 0x3b547a3b8f0a332cc70ff1b2614d5f1133c9811fb85c207bc74da8fddcff0f6b, 513
    [4254112, 4254500, 3649872, 3650260, 3045632, 3046020, 4870694, 4871082, 4568574, 4568962, 3662214, 2441392, 3662602, 2441780, 4266454, 4266842, 1232912, 1233300, 3057974, 3058362]
59, 0x13118958ad8a8c2daf467f9560f6c6da22deee58951d15bbe51b43b36a6c0a5f, 513
    [4254111, 4254499, 3649871, 3650259, 3045631, 3046019, 4870693, 4871081, 4568573, 4568961, 3662213, 2441391, 3662601, 2441779, 4266453, 4266841, 1232911, 1233299, 3057973, 3058361]
60, 0x1533674b056362eeec5899de2b7b339b17746d4d53f88f7f9af5c79beed26db8, 513
    [3038767, 3039387, 3039467, 3039633, 2434527, 2435147, 2435227, 2435393, 1226047, 1226667, 1226747, 1226913, 17567, 3718537, 3719157, 3719237, 3719403, 1301577, 1302197, 1302277]
61, 0x0000000000000000000000000000000250221810de39f751754c4e416aa77ca4, 513
    [3040581, 3041542, 2436341, 2437302, 1227861, 1228822, 3707386, 3707420, 1290426, 1290460, 4311626, 4311660, 4613746, 4613780, 72555, 3720351, 4915866, 4915900, 3721312, 1303391]
62, 0x00000000000000000000000000000000f17d90bf6a6aeac6849d9d5dfd06f026, 513
    [4864091, 4865051, 4561971, 4562931, 3655611, 4259851, 3656571, 4260811, 3051371, 3052331, 1238651, 1239611, 2447131, 2448091, 30171, 31131, 3687144, 41900, 4593504, 4895624]
63, 0x3ffffffffffffffffffffffffffffffdd22480eb2b5ab18c16fa9cdf9558835d, 513
    [4862263, 4560143, 4258023, 3653783, 3049543, 2445303, 1236823, 3687266, 4593626, 4895746, 4291506, 1270306, 3698168, 4302408, 1281208, 4604528, 3707733, 61826, 4906648, 3083026]
64, 0x0441efa485d9d0f997c45e364bf1d41aca69c20483174a2212380e35f582987f, 512
    [4861917, 4861925, 4861957, 4861965, 4559797, 4559805, 4559837, 4559845, 4257677, 4257685, 4257717, 4257725, 3653437, 3653445, 3653477, 3653485, 3049197, 3049205, 3049237, 3049245]
65, 0x1533674b056362eeec5899de2b7b339bb872cdccf03fd6ae9e0985da9781b87c, 512
    [4873067, 4873687, 4873767, 4873933, 4570947, 4571567, 4571647, 4571813, 3664587, 3665207, 3665287, 3665453, 4268827, 4269447, 4269527, 4269693, 3060347, 3060967, 3061047, 3061213]
66, 0x2aeb3141f2e0c0d6a916a4d44df87d0f70a5d18ccdad4827cf9af8102655f03d, 512
    [1215877, 1215957, 1216123, 3707747, 3708367, 3708447, 3708613, 1290787, 1291407, 1291487, 1291653, 4311987, 4312607, 4312687, 4312853, 4614107, 4614727, 4614807, 4614973, 4916227]
67, 0x00000000000000000000000000000003783324194d56f2fa2ff275621ffb3af6, 512
    [4861845, 4861866, 4559725, 4559746, 3041546, 4257605, 4257626, 3653365, 3653386, 3049125, 3049146, 2437306, 1228826, 2444885, 2444906, 1236405, 1236426, 3687278, 4593638, 4895758]
68, 0x00000000000000000000000000000003c5f642fda9abab1a12767577f41bc098, 511
    [1216068, 39918, 3686119, 3687150, 4592479, 4894599, 4290359, 4593510, 4895630, 4291390, 1269159, 1270190, 3698037, 4302277, 1281077, 4604397, 4906517, 3081879, 3708558, 3082910]
69, 0x37212ab08b12ec8882e4719cd9bf4bb096858fcca0c8f7c0a786e5e9e002c172, 510
    [4255264, 3651024, 3046784, 2442544, 1234064, 3682230, 3682618, 36374, 4588590, 4890710, 4891098, 4588978, 4286470, 4286858, 1265270, 1265658, 3694572, 4298812, 4600932, 1277612]
70, 0x02978ddde7b773fbf1dcf4b900d53f92058d7d94e44d8d8419a3b812e2060fa0, 510
    [4255263, 3651023, 3046783, 2442543, 1234063, 3682229, 3682617, 36373, 4588589, 4890709, 4891097, 4588977, 4286469, 4286857, 1265269, 1265657, 3694571, 4298811, 4600931, 1277611]
71, 0x3dfb3abd2f74e545976896739525fbec926958fddd6f02f3ea9987f5582235eb, 510
    [4255272, 3651032, 3046792, 2442552, 1234072, 3682238, 3682626, 36382, 4588598, 4890718, 4891106, 4588986, 4286478, 4286866, 1265278, 1265666, 3694580, 4298820, 4600940, 1277620]
72, 0x071de0dda6d752b404bff943797f862687500d6ac5e5f523134d4572ea2426bc, 510
    [4255271, 3651031, 3046791, 2442551, 1234071, 3682237, 3682625, 36381, 4588597, 4890717, 4891105, 4588985, 4286477, 4286865, 1265277, 1265665, 3694579, 4298819, 4600939, 1277619]
73, 0x1c80ced8c24b134f4a60b8fb49507816a31968fdbde81b94943a9a65cf55b0f9, 510
    [4255269, 3651029, 3046789, 2442549, 1234069, 3682235, 3682623, 36379, 4588595, 4890715, 4891103, 4588983, 4286475, 4286863, 1265275, 1265663, 3694577, 4298817, 4600937, 1277617]
74, 0x33b5e9be7bc9e643016c97b7c4cd2b07b5ba6be0e40b4cbf019a71be7491a5e1, 510
    [4255270, 3651030, 3046790, 2442550, 1234070, 3682236, 3682624, 36380, 4588596, 4890716, 4891104, 4588984, 4286476, 4286864, 1265276, 1265664, 3694578, 4298818, 4600938, 1277618]
75, 0x140f2a4041ecb17c4de1115439ee7463110ac357bbea192a73153a82da10fce8, 510
    [4255273, 3651033, 3046793, 2442553, 1234073, 3682239, 3682627, 36383, 4588599, 4890719, 4891107, 4588987, 4286479, 4286867, 1265279, 1265667, 3694581, 4298821, 4600941, 1277621]
76, 0x1b2e17612a34f16b07f7ffe65e8e35519eef38afe56a4f086febba1877b1aeda, 508
    [3696957, 3697577, 3697657, 3697823, 4301197, 4301817, 4301897, 4302063, 1279997, 4603317, 1280617, 1280697, 4905437, 1280863, 4603937, 4604017, 4604183, 4906057, 4906137, 4906303]
77, 0x0b6bbf9fc27365ec95f6c7957ff958536ee31ed393cb3e3f8f3ad37ccd9ff506, 390
    [4868270, 4868559, 4566150, 4566439, 4871077, 4568957, 10169, 3659790, 3660079, 11036, 4264030, 4264319, 3662597, 4266837, 3055550, 3055839, 3058357, 20959, 1242830, 1243119]
78, 0x21f5b2cd0a8f169bc0ab7a00e9a42582d89cb96a18c12750ba0504f829dcdcfb, 390
    [2430990, 4558172, 2432154, 4256052, 3651812, 1222510, 3047572, 1223674, 14030, 15194, 2443332, 1234852, 25984, 26372, 57966, 58354, 3715000, 3716164, 1298040, 1299204]
79, 0x0a306ef2a03794a302932a6cf776daa76ae300f47c01a4ac30ce267011c72a01, 390
    [2430989, 4558171, 2432153, 4256051, 3651811, 1222509, 3047571, 1223673, 14029, 15193, 2443331, 1234851, 25983, 26371, 57965, 58353, 3714999, 3716163, 1298039, 1299203]
80, 0x3fffffffffffffffffffffffffffff86e03af8217d531f2d6c5e6a5a7231f991, 390
    [2430988, 4558170, 2432152, 4256050, 3651810, 1222508, 3047570, 1223672, 14028, 15192, 2443330, 1234850, 25982, 26370, 57964, 58352, 3714998, 3716162, 1298038, 1299202]
81, 0x3ffffffffffffffffffffffffffffffee049d7fcd1061a7f861f6ea3aea16a75, 388
    [4867683, 4565563, 3659203, 4263443, 3054963, 4878473, 4576353, 3669993, 4581306, 4883426, 3674946, 1242243, 4274233, 2450723, 4279186, 1253033, 3065753, 1257986, 3070706, 44553]
82, 0x1e3f4d947fa5147107a6775fa8404279a65d843b13bcd6afb2bb948531cab549, 388
    [4880320, 4578200, 3671840, 4881484, 4579364, 3673004, 4276080, 4277244, 1254880, 3067600, 1256044, 3684182, 3068764, 4892662, 4590542, 4288422, 46400, 1267222, 47564, 2463360]
83, 0x166a2e60cc0cba3e08a13b4c6f51a91d9d59d5935a12f481d67f6a1f0af3a62a, 388
    [4880319, 4578199, 3671839, 4881483, 4579363, 3673003, 4276079, 4277243, 1254879, 3067599, 1256043, 3684181, 3068763, 4892661, 4590541, 4288421, 46399, 1267221, 47563, 2463359]
84, 0x101c32466c78c107df843c386b40ff86e394cb15ee0cbc42b902da4efea17f12, 387
    [4558167, 4256047, 3649000, 3649289, 3651807, 3044760, 3045049, 3047567, 2440520, 2440809, 1232040, 1232329, 2443327, 1234847, 23560, 23849, 26367, 3724530, 3724819, 3727337]
85, 0x3ffffffffffffffffffffffff86c301b9ef80538807c241760386b7e6d05e1af, 387
    [4869128, 4567008, 3660648, 4264888, 3056408, 4880694, 4578574, 4881082, 4578962, 3672214, 3672602, 1243688, 4276454, 4276842, 2452168, 35208, 1255254, 1255642, 3067974, 3068362]
86, 0x3e4036ca5fda6b08f039633a1a6c4fcb8bd0235dd7bb311e52be6f66b984c7a1, 387
    [4863336, 3040387, 4865041, 4561216, 4562921, 4259096, 3654856, 2436147, 3656561, 4260801, 3050616, 1227667, 3052321, 19187, 1237896, 1239601, 2446376, 2448081, 29416, 31121]
87, 0x1734b0e7d224704284eaccca6139410d4b606bf27fcbd941a7d39f4975ee0a47, 386
    [4873851, 4874001, 4571731, 4571881, 3665371, 3665521, 4269611, 4269761, 3061131, 4884791, 4582671, 3061281, 3676311, 1248411, 1248561, 4280551, 1259351, 2456891, 2457041, 3072071]
88, 0x1e4bf5d6d3ef666bb04783429ce5fa7cc4f76891312d955a33056b6e4d5332e3, 386
    [4869130, 4567010, 3660650, 4264890, 3056410, 4880696, 4578576, 4881084, 4578964, 3672216, 3672604, 1243690, 4276456, 4276844, 2452170, 1255256, 1255644, 3067976, 3068364, 46776]
89, 0x3fffffffffffffffffffffffffaf629d5be7d5ccd5798e172b6dfbc0c8e66f8f, 386
    [4253815, 2431382, 3649575, 3045335, 1222902, 2441095, 14422, 1232615, 24135, 3703826, 1286866, 4308066, 4610186, 3715392, 4912306, 1298432, 3725105, 78386, 4319632, 3099586]
90, 0x2e928f874494be0b3ab2f91308a2418695f33b5802fe7f6604805daebe4e67e6, 386
    [4869129, 4567009, 3660649, 4264889, 3056409, 4880695, 4578575, 4881083, 4578963, 3672215, 3672603, 1243689, 4276455, 4276843, 2452169, 1255255, 1255643, 3067975, 3068363, 46775]
91, 0x09b813dcc5912765f3e12b988130c16b4e3238ceea5337011665fa83099bc26b, 386
    [4873765, 4873774, 4571645, 4571654, 3665285, 3665294, 4269525, 4269534, 3061045, 3061054, 1248325, 1248334, 39845, 39854, 2456805, 2456814, 3697575, 4301815, 1280615, 4603935]
92, 0x000000000000000000000000000000000000000000000000000000000000000a, 386
    [4862237, 3038737, 4560117, 4257997, 2434497, 3653757, 3049517, 1226017, 4873037, 4570917, 3664557, 4268797, 2445277, 1236797, 3060317, 28618, 1247597, 39307, 2456077, 3718507]
93, 0x3d59bc8af09149e6ca16f1ba8e5a12568d02d914848fb40c3c8990b48250a71d, 386
    [4254107, 4254495, 3649867, 3650255, 3045627, 3046015, 4870689, 4568569, 3662209, 2441387, 2441775, 4266449, 1232907, 1233295, 3057969, 20953, 24427, 1245249, 2453729, 3725397]
94, 0x33ab216d954310a2518c9ca20ae68982782e5347087f3ce8c2adddbd263d6d51, 386
    [3039551, 3039701, 2435311, 2435461, 1226831, 1226981, 17730, 18501, 4884681, 3676201, 4582561, 4280441, 1259241, 3071961, 2467721, 3719321, 3719471, 1302361, 1302511, 4323561]
95, 0x21d5eb4a2f37135463d95b3d2b81771e4a7480b50a0b19de7b2504717d515ff3, 385
    [3648707, 3044467, 4867977, 4565857, 3659497, 4263737, 2440227, 1231747, 3055257, 23267, 1242537, 3678476, 4584836, 2451017, 4886956, 4282716, 1261516, 42246, 3074236, 2469996]
96, 0x1533674b056362eeec5899de2b7b339b17746d4d53f88f7f9af5c79beed26dba, 385
    [1216294, 1216827, 4863314, 4561194, 4259074, 3654834, 3050594, 17690, 1237874, 2446354, 3708784, 3709317, 1291824, 1292357, 4313024, 4313557, 4615144, 4615677, 4917264, 4917797]
97, 0x3b9e2fef4c664044d8ec8683aad3772e1f7fb6b4d62e83136637c04b7c4d8e22, 385
    [4254109, 4254497, 3649869, 3650257, 3045629, 3046017, 4870691, 4568571, 3662211, 2441389, 2441777, 4266451, 1232909, 1233297, 3057971, 24429, 1245251, 2453731, 3725399, 3725787]
98, 0x3ffffffffffffffffffffffffffffffdd22480eb2b5ab18c16fa9cdf9558835f, 385
    [3038402, 1216468, 2434162, 1225682, 17202, 28343, 3697993, 4302233, 1281033, 4604353, 4906473, 3708958, 1291998, 3718172, 4313198, 1301212, 4615318, 3093753, 4917438, 4322412]
99, 0x0000000000000000000000000000000000000000000000000000000000000005, 385
    [1216287, 4861912, 4559792, 4257672, 3653432, 3049192, 2444952, 1236472, 3699740, 4303980, 1282780, 3708777, 4606100, 4908220, 1291817, 4313017, 4615137, 4917257, 3095500, 3728962]
4537, 4303980, 4615137, 1282780, 4313017, 1291817, 3699740, 2491260]
