scalars length: 7980043
freq>1000 (count, total, %):        719,    6109809,      76.56%
freq>500  (count, total, %):       1054,    6390855,      80.09%
freq>100  (count, total, %):       3874,    6997672,      87.69%
freq>20   (count, total, %):       4641,    7023900,      88.02%

top 100 values:
 0, 0x0000000000000000000000000000000000000000000000000000000000000000, 1774920
    [2992515, 2992516, 2992517, 2992518, 2992519, 2992520, 2992521, 2992522, 2992523, 2992524, 2992525, 5, 2992526, 2992527, 2992528, 2992529, 2992530, 2992531, 2992532, 2992533]
 1, 0x0000000000000000000000000000000000000000000000000000000000000001, 69859
    [2, 2992539, 2992540, 2992574, 2992575, 2992594, 2992595, 2992600, 2992601, 2992614, 2992615, 2992622, 2992630, 2992643, 2992644, 2992646, 2992648, 2992650, 49, 997672]
 2, 0x1af18bf8b21cf712a700f08f14dbcc588ad948ebc1ff85cc300eea6a581d26bf, 12600
    [498906, 2993390, 499199, 2993683, 2244609, 1995232, 2993976, 499492, 1995525, 499785, 2994269, 2994562, 1995818, 500078, 1996111, 2994855, 500371, 2995148, 1996404, 1001240]
 3, 0x294b6a7f0984f3d0560b3d0d973d20f41186547a1e41c758e2a3348c0141a665, 12600
    [498908, 2993392, 499201, 2993685, 2244611, 1995234, 2993978, 499494, 1995527, 499787, 2994271, 2994564, 1995820, 500080, 1996113, 2994857, 500373, 2995150, 1996406, 1001242]
 4, 0x336293d1250e16ace79c1b9cfdd14e5d80bc7928a947635797fcbc1ebfa512e8, 12600
    [498907, 2993391, 499200, 2993684, 2244610, 1995233, 2993977, 499493, 1995526, 499786, 2994270, 2994563, 1995819, 500079, 1996112, 2994856, 500372, 2995149, 1996405, 1001241]
 5, 0x04943278e947828f315482d004370c011c9acf8706cac544710a26ce111fb11a, 10415
    [2244618, 1995241, 2993985, 499501, 499794, 2994278, 2994571, 500087, 1996120, 2994864, 500380, 1996413, 2995157, 2995450, 1996706, 1001542, 2995743, 1001835, 2996036, 1002128]
 6, 0x2a53d5a36091904f09cd86bd43b07c7961faad8ec81c97c9bd30d3c6e9da1ff2, 10415
    [2244620, 1995243, 2993987, 499503, 499796, 2994280, 2994573, 500089, 1996122, 2994866, 500382, 1996415, 2995159, 2995452, 1996708, 1001544, 2995745, 1001837, 2996038, 1002130]
 7, 0x29dd0402a87d5b40f9d6cfd1b6bafe4b88d3a89d1a2391749fd334313e8bdb08, 10415
    [2244619, 1995242, 2993986, 499502, 499795, 2994279, 2994572, 500088, 1996121, 2994865, 500381, 1996414, 2995158, 2995451, 1996707, 1001543, 2995744, 1001836, 2996037, 1002129]
 8, 0x2b7225a656cccb0e8f58c6f2518f16b3eba8ed34139d6f37673be556a7117c17, 10156
    [498919, 1995245, 2244622, 2993989, 499505, 499798, 2994282, 2994575, 500091, 2994868, 500384, 2995161, 2995454, 1996710, 1001546, 2995747, 1001839, 2996040, 1002132, 2996333]
 9, 0x32f17c6e27f8539b605650b4a9d6f1779f916c7ea33e2b2a6cc7eb84b974f80a, 10156
    [498918, 2244621, 1995244, 2993988, 499504, 499797, 2994281, 2994574, 500090, 2994867, 500383, 2995160, 2995453, 1996709, 1001545, 2995746, 1001838, 2996039, 1002131, 2996332]
10, 0x26b04265765947d12045bcbe58b2e6547bde60b25ddff533f9791fe2170aeb5f, 10156
    [498920, 1995246, 2244623, 2993990, 499506, 499799, 2994283, 2994576, 500092, 2994869, 500385, 2995162, 2995455, 1996711, 1001547, 2995748, 1001840, 2996041, 1002133, 2996334]
11, 0x3d9915702e6d6917088fbf5ec49227abb71c9f9ca4d6172c70a9ce25dd0e2232, 9900
    [1995022, 1995315, 2244692, 499575, 2994059, 499868, 2994352, 2994645, 500161, 2994938, 500454, 2995231, 2995524, 1996780, 1001616, 2995817, 1001909, 2996110, 1002202, 2996403]
12, 0x13beaee586e66013ac301ce9900c6638b403ecc9785e6909978e6c00b35b6313, 9900
    [1995274, 2244651, 2994018, 499534, 499827, 2994311, 2994604, 500120, 2994897, 500413, 2995190, 2995483, 1996739, 1001575, 2995776, 1001868, 2996069, 1002161, 2996362, 1002454]
13, 0x347b87a893948a415c96b08ed45cf81f10cfdb04e73e59c1bb9171dc54088497, 9900
    [498762, 1995088, 1995381, 2244758, 499641, 2994125, 2994418, 499934, 2994711, 500227, 2995004, 500520, 2995297, 2995590, 1996846, 1001682, 2995883, 1001975, 2996176, 1002268]
14, 0x0248041e85e450515a92e0ae351a9a8407591ce0df1b66ef9310a717292b7d38, 9900
    [1995073, 1995366, 2244743, 499626, 2994110, 2994403, 499919, 2994696, 500212, 2994989, 500505, 2995282, 2995575, 1996831, 1001667, 2995868, 1001960, 2996161, 1002253, 2996454]
15, 0x3877d9368961f6173d985f8d4c24d6d02f38ab1cdd0aef5e67358a465b9b4dcd, 9900
    [2244612, 1995235, 2993979, 499495, 499788, 2994272, 2994565, 500081, 2994858, 500374, 2995151, 2995444, 1996700, 1001536, 2995737, 1001829, 2996030, 1002122, 2996323, 1002415]
16, 0x218b76e8974037b1b1c92338cb890c7c75a16a83ef39268bddde4aefa9b1ed52, 9900
    [498896, 1995222, 2244892, 1995515, 499775, 2994259, 2994552, 500068, 2994845, 500361, 500654, 2995138, 2995431, 2995724, 1996980, 1001816, 2996017, 1002109, 2996310, 1002402]
17, 0x3ecfb43ad0f7f43af4db60f930eeaec1492e127df0630a2798013e41dd0d66cb, 9900
    [1995248, 2244625, 2993992, 499508, 499801, 2994285, 2994578, 500094, 2994871, 500387, 2995164, 2995457, 1996713, 1001549, 2995750, 1001842, 2996043, 1002135, 2996336, 1002428]
18, 0x134047ba0e6b6a4c88bcfacb89ea1410018f1a22ca30d84a1c91c140acb0498f, 9900
    [2244631, 1995254, 2993998, 499514, 499807, 2994291, 2994584, 500100, 2994877, 500393, 2995170, 2995463, 1996719, 1001555, 2995756, 1001848, 2996049, 1002141, 2996342, 1002434]
19, 0x259da54635b355e5c80d946e449102c8bad37f3bb9e56c6f4ff76a474cee4a02, 9900
    [1995026, 1995319, 2244696, 499579, 2994063, 2994356, 499872, 2994649, 500165, 2994942, 500458, 2995235, 2995528, 1996784, 1001620, 2995821, 1001913, 2996114, 1002206, 2996407]
20, 0x0fd2377d60726ff8f800922094f30ac55aecaf825ba466cd810c8afb583ca148, 9900
    [498787, 1995113, 1995406, 2244783, 499666, 2994150, 2994443, 499959, 2994736, 500252, 2995029, 500545, 2995322, 2995615, 1996871, 1001707, 2995908, 1002000, 2996201, 1002293]
21, 0x3738d3cafe7fa8612b9bd7a65f2b3f30100f686f5b309ef419ef5887c119e584, 9900
    [498841, 1995167, 1995460, 2244837, 499720, 2994204, 2994497, 500013, 2994790, 500306, 2995083, 500599, 2995376, 2995669, 1996925, 1001761, 2995962, 1002054, 2996255, 1002347]
22, 0x3ee146d71bd53276832582fa70504af9565c7d11e97fb9e8ac99f1a665af6a5d, 9900
    [498884, 1995210, 1995503, 2244880, 499763, 2994247, 2994540, 500056, 2994833, 500349, 500642, 2995126, 2995419, 2995712, 1996968, 1001804, 2996005, 1002097, 2996298, 1002390]
23, 0x016487ab4c9c0170f91f91d99a9e4566b8a61c4a893a55430e95d805ea805217, 9900
    [1995045, 1995338, 2244715, 499598, 2994082, 2994375, 499891, 2994668, 500184, 2994961, 500477, 2995254, 2995547, 1996803, 1001639, 2995840, 1001932, 2996133, 1002225, 2996426]
24, 0x1d2ae60ebf201d120c3531a7f9b616891c12ea08c7f680b5308a3983d9a7b62c, 9900
    [498796, 1995122, 1995415, 2244792, 499675, 2994159, 2994452, 499968, 2994745, 500261, 2995038, 500554, 2995331, 2995624, 1996880, 1001716, 2995917, 1002009, 2996210, 1002302]
25, 0x322aafcacffe775db2ce1c6559d26baf6e68e3471973692d9c2593fd71415e0e, 9900
    [498870, 1995196, 1995489, 2244866, 499749, 2994233, 2994526, 500042, 2994819, 500335, 2995112, 500628, 2995405, 2995698, 1996954, 1001790, 2995991, 1002083, 2996284, 1002376]
26, 0x3652b0072f1cbebc7589537402e965767acf0d4fd078fc323a1d0ebbf9df30b3, 9900
    [1995076, 1995369, 2244746, 499629, 2994113, 2994406, 499922, 2994699, 500215, 2994992, 500508, 2995285, 2995578, 1996834, 1001670, 2995871, 1001963, 2996164, 1002256, 2996457]
27, 0x3804718b8b6c01c72a868443d806becc60c0c038a5afa8b8a54be25135e3c7de, 9900
    [498874, 1995200, 1995493, 2244870, 499753, 2994237, 2994530, 500046, 2994823, 500339, 2995116, 500632, 2995409, 2995702, 1996958, 1001794, 2995995, 1002087, 2996288, 1002380]
28, 0x0e28ca077e65b043beb0af8333215487e05118d641564087e6c83a02aff3e2cc, 9900
    [498812, 1995138, 1995431, 2244808, 499691, 2994175, 2994468, 499984, 2994761, 500277, 2995054, 500570, 2995347, 2995640, 1996896, 1001732, 2995933, 1002025, 2996226, 1002318]
29, 0x19d1f8a0e46f9d7e75fbf17bb7e846f1e87d4a23aff6a6e69a4a7ce66ef49253, 9900
    [498798, 1995124, 1995417, 2244794, 499677, 2994161, 2994454, 499970, 2994747, 500263, 2995040, 500556, 2995333, 2995626, 1996882, 1001718, 2995919, 1002011, 2996212, 1002304]
30, 0x34b3b23dc873bdb58e67d5c1e4b11dc6a7c0a59e33519dcb0ca80d46e6feeece, 9900
    [498763, 1995089, 1995382, 2244759, 499642, 2994126, 2994419, 499935, 2994712, 500228, 2995005, 500521, 2995298, 2995591, 1996847, 1001683, 2995884, 1001976, 2996177, 1002269]
31, 0x3a862b4fb8c4b970080e4a063f95cdfcbbdc7a776b3e0ce9da709ac3f759ec7b, 9900
    [498765, 1995091, 1995384, 2244761, 499644, 2994128, 2994421, 499937, 2994714, 500230, 2995007, 500523, 2995300, 2995593, 1996849, 1001685, 2995886, 1001978, 2996179, 1002271]
32, 0x13bca9a5def42853591544ecfa579ed081067deacc5cb6504c557e3c936e7a36, 9900
    [498890, 1995216, 2244886, 1995509, 499769, 2994253, 2994546, 500062, 2994839, 500355, 500648, 2995132, 2995425, 2995718, 1996974, 1001810, 2996011, 1002103, 2996304, 1002396]
33, 0x2a1cbd558d066fb085e124e33e96c8d8f9e635c2b8e9f904d4eea90edc362625, 9900
    [1995257, 2244634, 2994001, 499517, 499810, 2994294, 2994587, 500103, 2994880, 500396, 2995173, 2995466, 1996722, 1001558, 2995759, 1001851, 2996052, 1002144, 2996345, 1002437]
34, 0x148646516ac6f875440816b85e40c465df0942711759ebd9e779e0b5001083e7, 9900
    [1995299, 2244676, 499559, 2994043, 499852, 2994336, 2994629, 500145, 2994922, 500438, 2995215, 2995508, 1996764, 1001600, 2995801, 1001893, 2996094, 1002186, 2996387, 1002479]
35, 0x2c1459d136bbfd46f2d4999fbf2c9eb366528da31b086bf198a60278ee528e48, 9900
    [1995019, 1995312, 2244689, 499572, 2994056, 499865, 2994349, 2994642, 500158, 2994935, 500451, 2995228, 2995521, 1996777, 1001613, 2995814, 1001906, 2996107, 1002199, 2996400]
36, 0x30fb65ab3bb4c991ea0d11b1aa5b9ceaa83db19888aa1156f75c42df2a71a449, 9900
    [1995039, 1995332, 2244709, 499592, 2994076, 2994369, 499885, 2994662, 500178, 2994955, 500471, 2995248, 2995541, 1996797, 1001633, 2995834, 1001926, 2996127, 1002219, 2996420]
37, 0x04f76fab6a707d979a20523388a8a157215dae54a7720a0e55bb3786f267a8fe, 9900
    [1995296, 2244673, 499556, 2994040, 499849, 2994333, 2994626, 500142, 2994919, 500435, 2995212, 2995505, 1996761, 1001597, 2995798, 1001890, 2996091, 1002183, 2996384, 1002476]
38, 0x2223de5825ba193b12e89bd01bff07aa3438683be996ca7876f8de37804d7880, 9900
    [1995269, 2244646, 2994013, 499529, 499822, 2994306, 2994599, 500115, 2994892, 500408, 2995185, 2995478, 1996734, 1001570, 2995771, 1001863, 2996064, 1002156, 2996357, 1002449]
39, 0x3f64b0bdb33e9b9151a64cb80a3c91728be793c9c24e84cbfeaf68cb21cf6160, 9900
    [2244615, 1995238, 2993982, 499498, 499791, 2994275, 2994568, 500084, 2994861, 500377, 2995154, 2995447, 1996703, 1001539, 2995740, 1001832, 2996033, 1002125, 2996326, 1002418]
40, 0x2cb2960b8474ee25573df05fcbf0abd55617f7210114779438c4de8477b94802, 9900
    [498827, 1995153, 1995446, 2244823, 499706, 2994190, 2994483, 499999, 2994776, 500292, 2995069, 500585, 2995362, 2995655, 1996911, 1001747, 2995948, 1002040, 2996241, 1002333]
41, 0x328a077dda77f5c33bdc32ab33c6d165c653d70b86f792cba52a2d3d17d32b06, 9900
    [498850, 1995176, 1995469, 2244846, 499729, 2994213, 2994506, 500022, 2994799, 500315, 500608, 2995092, 2995385, 2995678, 1996934, 1001770, 2995971, 1002063, 2996264, 1002356]
42, 0x12d56c05cfb287e4762c02745233082840741100cabefc216a8f4e14c323eb0c, 9900
    [1995261, 2244638, 2994005, 499521, 499814, 2994298, 2994591, 500107, 2994884, 500400, 2995177, 2995470, 1996726, 1001562, 2995763, 1001855, 2996056, 1002148, 2996349, 1002441]
43, 0x0b551ddcadc1ceeae93f7de8cd1dcd6cfaf134d1e2fb1937030550a01ac94c47, 9900
    [498771, 1995097, 1995390, 2244767, 499650, 2994134, 2994427, 499943, 2994720, 500236, 2995013, 500529, 2995306, 2995599, 1996855, 1001691, 2995892, 1001984, 2996185, 1002277]
44, 0x1785074b20c64c622c249c7bebdbe7c89e7854502073f97210d3ad3d354d2314, 9900
    [498824, 1995150, 1995443, 2244820, 499703, 2994187, 2994480, 499996, 2994773, 500289, 2995066, 500582, 2995359, 2995652, 1996908, 1001744, 2995945, 1002037, 2996238, 1002330]
45, 0x080d65db99fd2aad9790fea0e44e0d4f1ce8f947f96cff10e56d8cc4bb4d3935, 9900
    [498807, 1995133, 1995426, 2244803, 499686, 2994170, 2994463, 499979, 2994756, 500272, 2995049, 500565, 2995342, 2995635, 1996891, 1001727, 2995928, 1002020, 2996221, 1002313]
46, 0x0167f95a5aff314212ef8fe60920dc24119cf8698dcbb1012b42ed8365f87f78, 9900
    [498772, 1995098, 1995391, 2244768, 499651, 2994135, 2994428, 499944, 2994721, 500237, 2995014, 500530, 2995307, 2995600, 1996856, 1001692, 2995893, 1001985, 2996186, 1002278]
47, 0x2a75591d24a23684984a33bb588bc9f71cecde6364f4fe3facbfb1982cbc651b, 9900
    [498852, 1995178, 1995471, 2244848, 499731, 2994215, 2994508, 500024, 2994801, 500317, 500610, 2995094, 2995387, 2995680, 1996936, 1001772, 2995973, 1002065, 2996266, 1002358]
48, 0x16e93168cb5e5a3f2cfeed718a66699c9f89c853cff3a82104d32d198380dfd0, 9900
    [498885, 1995211, 1995504, 2244881, 499764, 2994248, 2994541, 500057, 2994834, 500350, 500643, 2995127, 2995420, 2995713, 1996969, 1001805, 2996006, 1002098, 2996299, 1002391]
49, 0x0f599002455321c5c9838564607baec2fe3e9f7f6c2dac1e0c790d2021d3d625, 9900
    [498898, 1995224, 2244894, 1995517, 499777, 2994261, 2994554, 500070, 2994847, 500363, 2995140, 500656, 2995433, 2995726, 1996982, 1001818, 2996019, 1002111, 2996312, 1002404]
50, 0x3fe3d44e8e89863e062c3a7595065147ac97de36e11506faeee2c6c98d93aaf8, 9900
    [2244617, 1995240, 2993984, 499500, 499793, 2994277, 2994570, 500086, 2994863, 500379, 2995156, 2995449, 1996705, 1001541, 2995742, 1001834, 2996035, 1002127, 2996328, 1002420]
51, 0x1ed9b68e047334e2a7a61294b20130d253afa143459d2bfddee6e3acf724125a, 9900
    [498769, 1995095, 1995388, 2244765, 499648, 2994132, 2994425, 499941, 2994718, 500234, 2995011, 500527, 2995304, 2995597, 1996853, 1001689, 2995890, 1001982, 2996183, 1002275]
52, 0x33a541a46685b61fc3688e779a5bd0b432407205690f4999eb9fa7828a0d95bf, 9900
    [498887, 1995213, 1995506, 2244883, 499766, 2994250, 2994543, 500059, 2994836, 500352, 500645, 2995129, 2995422, 2995715, 1996971, 1001807, 2996008, 1002100, 2996301, 1002393]
53, 0x2b7f2097e7aaf2808e3f108706d9a15fe02ccaab4991424e1bf3c3919e120a03, 9900
    [1995287, 2244664, 499547, 2994031, 499840, 2994324, 2994617, 500133, 2994910, 500426, 2995203, 2995496, 1996752, 1001588, 2995789, 1001881, 2996082, 1002174, 2996375, 1002467]
54, 0x01bad183ac91361fcf6d370ae6d4484cfcdafd916ab4775a99199eda3c4e7867, 9900
    [498764, 1995090, 1995383, 2244760, 499643, 2994127, 2994420, 499936, 2994713, 500229, 2995006, 500522, 2995299, 2995592, 1996848, 1001684, 2995885, 1001977, 2996178, 1002270]
55, 0x18957ac81789e16481b3a5e33acc9c03506dc72ec5ffad559ebec2f3e397a33f, 9900
    [498859, 1995185, 1995478, 2244855, 499738, 2994222, 2994515, 500031, 2994808, 500324, 2995101, 500617, 2995394, 2995687, 1996943, 1001779, 2995980, 1002072, 2996273, 1002365]
56, 0x1e7742e0f60db8cbc8806bb8ad65f80aa3367a6332da19e76dec713c8f53e6ed, 9900
    [1995302, 2244679, 499562, 2994046, 499855, 2994339, 2994632, 500148, 2994925, 500441, 2995218, 2995511, 1996767, 1001603, 2995804, 1001896, 2996097, 1002189, 2996390, 1002482]
57, 0x3333e76232779a7c2fe7481564e648b5021023dc763535f464d4d2e371238db9, 9900
    [1995265, 2244642, 2994009, 499525, 499818, 2994302, 2994595, 500111, 2994888, 500404, 2995181, 2995474, 1996730, 1001566, 2995767, 1001859, 2996060, 1002152, 2996353, 1002445]
58, 0x081ef4b8aaaf587ad877582b633a84fe0c514c31a6695160a204f11137d2cad1, 9900
    [498785, 1995111, 1995404, 2244781, 499664, 2994148, 2994441, 499957, 2994734, 500250, 2995027, 500543, 2995320, 2995613, 1996869, 1001705, 2995906, 1001998, 2996199, 1002291]
59, 0x2d94a8cd05017e9a6ed75b0c3322d137ce37c891ac452eee86259840308abdc4, 9900
    [498889, 1995215, 2244885, 1995508, 499768, 2994252, 2994545, 500061, 2994838, 500354, 500647, 2995131, 2995424, 2995717, 1996973, 1001809, 2996010, 1002102, 2996303, 1002395]
60, 0x145120beeae1ca8eb254c3e6c440c6044f834824994511dce5ed2f3bb0bba1eb, 9900
    [498900, 1995226, 2244896, 1995519, 499779, 2994263, 2994556, 500072, 2994849, 500365, 500658, 2995142, 2995435, 2995728, 1001820, 1996984, 2996021, 1002113, 2996314, 1002406]
61, 0x076513c1dc3bafde299bb61e69467646b3050c446fc88a81f26f74435a53c257, 9900
    [1995069, 1995362, 2244739, 499622, 2994106, 2994399, 499915, 2994692, 500208, 2994985, 500501, 2995278, 2995571, 1996827, 1001663, 2995864, 1001956, 2996157, 1002249, 2996450]
62, 0x01b68005f9fd46a8e92f495407fdda52942fe46369e6adc2f7fcf8d3c8adbe85, 9900
    [1995291, 2244668, 499551, 2994035, 499844, 2994328, 2994621, 500137, 2994914, 500430, 2995207, 2995500, 1996756, 1001592, 2995793, 1001885, 2996086, 1002178, 2996379, 1002471]
63, 0x3dc90bae66a039f12243c5eb07288cbd18abc4ee0d2d59fa39ca88848bf5e1b3, 9900
    [498758, 1995084, 1995377, 2244754, 499637, 2994121, 2994414, 499930, 2994707, 500223, 2995000, 500516, 2995293, 2995586, 1996842, 1001678, 2995879, 1001971, 2996172, 1002264]
64, 0x2f694c123612b0f0e5a7391cefc3f878e27c1f14e1fe986557bf5cb8eb94f67c, 9900
    [498871, 1995197, 1995490, 2244867, 499750, 2994234, 2994527, 500043, 2994820, 500336, 2995113, 500629, 2995406, 2995699, 1996955, 1001791, 2995992, 1002084, 2996285, 1002377]
65, 0x01c618c353c74f8185ca192f07c4ed545cc7cb6bef18c24891b351001950b931, 9900
    [498830, 1995156, 1995449, 2244826, 499709, 2994193, 2994486, 500002, 2994779, 500295, 2995072, 500588, 2995365, 2995658, 1996914, 1001750, 2995951, 1002043, 2996244, 1002336]
66, 0x29ad760f0007ad6e927d0c06396e7b3a90cf2c128b7747da1e32ef951e55ccc5, 9900
    [1995031, 1995324, 2244701, 499584, 2994068, 2994361, 499877, 2994654, 500170, 2994947, 500463, 2995240, 2995533, 1996789, 1001625, 2995826, 1001918, 2996119, 1002211, 2996412]
67, 0x382aad696cf9169e96c288298a98f30a0ca337a48b2eb1a80a8ef1e89cc0e0bb, 9900
    [1995258, 2244635, 2994002, 499518, 499811, 2994295, 2994588, 500104, 2994881, 500397, 2995174, 2995467, 1996723, 1001559, 2995760, 1001852, 2996053, 1002145, 2996346, 1002438]
68, 0x0d73b5bedc0e87ada3afed5aa6dbc79dc6479096a7f093239b4495497073389c, 9900
    [498773, 1995099, 1995392, 2244769, 499652, 2994136, 2994429, 499945, 2994722, 500238, 2995015, 500531, 2995308, 2995601, 1996857, 1001693, 2995894, 1001986, 2996187, 1002279]
69, 0x1ae1041de3bc7520d4985cfa1ce55a62a9f88c322a9c2f625d8401c6f5215f61, 9900
    [1995052, 1995345, 2244722, 499605, 2994089, 2994382, 499898, 2994675, 500191, 2994968, 500484, 2995261, 2995554, 1996810, 1001646, 2995847, 1001939, 2996140, 1002232, 2996433]
70, 0x0fe3fbe84dae5bd1a7dbedcc410ca1b701ea7faf87ea83396bd464cad8a6bc23, 9900
    [1995247, 2244624, 2993991, 499507, 499800, 2994284, 2994577, 500093, 2994870, 500386, 2995163, 2995456, 1996712, 1001548, 2995749, 1001841, 2996042, 1002134, 2996335, 1002427]
71, 0x080512237a2553e2b520d9aee690ca97718f33a05a3f551780ba695b285046c2, 9900
    [498847, 1995173, 1995466, 2244843, 499726, 2994210, 2994503, 500019, 2994796, 500312, 500605, 2995089, 2995382, 2995675, 1996931, 1001767, 2995968, 1002060, 2996261, 1002353]
72, 0x1ccab453b96ef10d047215d5d319dea2b0f0eeaabb4898663eeb5e6551fc2fc7, 9900
    [1995044, 1995337, 2244714, 499597, 2994081, 2994374, 499890, 2994667, 500183, 2994960, 500476, 2995253, 2995546, 1996802, 1001638, 2995839, 1001931, 2996132, 1002224, 2996425]
73, 0x2092c6b6a6a4a05013e15ef2bb3a5e93274760772754e9e1db25a328f8920f66, 9900
    [498805, 1995131, 1995424, 2244801, 499684, 2994168, 2994461, 499977, 2994754, 500270, 2995047, 500563, 2995340, 2995633, 1996889, 1001725, 2995926, 1002018, 2996219, 1002311]
74, 0x2a813211dfcb2932e9e369ee707d6bef4b0caaf671f839aa40420e854938f4a4, 9900
    [498868, 1995194, 1995487, 2244864, 499747, 2994231, 2994524, 500040, 2994817, 500333, 2995110, 500626, 2995403, 2995696, 1996952, 1001788, 2995989, 1002081, 2996282, 1002374]
75, 0x213194630f89809c63e3e5bc009c6b799e715bb2bb636c534e92d6ec395499fe, 9900
    [498804, 1995130, 1995423, 2244800, 499683, 2994167, 2994460, 499976, 2994753, 500269, 2995046, 500562, 2995339, 2995632, 1996888, 1001724, 2995925, 1002017, 2996218, 1002310]
76, 0x0171bac60c8944d2b6c5688e6b3e20e982f13606dedeb9bae00509bdc8b26f03, 9900
    [498810, 1995136, 1995429, 2244806, 499689, 2994173, 2994466, 499982, 2994759, 500275, 2995052, 500568, 2995345, 2995638, 1996894, 1001730, 2995931, 1002023, 2996224, 1002316]
77, 0x35f0ff4f3b4ea51d0028dd532b809c67f31b44e14b6a2fab1fada9c4d85593eb, 9900
    [2244614, 1995237, 2993981, 499497, 499790, 2994274, 2994567, 500083, 2994860, 500376, 2995153, 2995446, 1996702, 1001538, 2995739, 1001831, 2996032, 1002124, 2996325, 1002417]
78, 0x1260bbb1c4f15a56a68538693498f49a88263df622bdea5fb37b63a4ca5e3015, 9900
    [1995253, 2244630, 2993997, 499513, 499806, 2994290, 2994583, 500099, 2994876, 500392, 2995169, 2995462, 1996718, 1001554, 2995755, 1001847, 2996048, 1002140, 2996341, 1002433]
79, 0x37bf6d973b4ce7e831f510558349e2efe2dcceb99e3bfe81e7d5fa9643828f23, 9900
    [1995013, 1995306, 2244683, 499566, 2994050, 499859, 2994343, 2994636, 500152, 2994929, 500445, 2995222, 2995515, 1996771, 1001607, 2995808, 1001900, 2996101, 1002193, 2996394]
80, 0x2e8aac6905e24e0b3177136c0024df9f80a2e137282ba2d33600b0e245e23040, 9900
    [1995034, 1995327, 2244704, 499587, 2994071, 2994364, 499880, 2994657, 500173, 2994950, 500466, 2995243, 2995536, 1996792, 1001628, 2995829, 1001921, 2996122, 1002214, 2996415]
81, 0x22cc03cc0eaa2e987387c8705530b2a9c056acc695a806c33d8124525525f75b, 9900
    [1995286, 2244663, 499546, 2994030, 499839, 2994323, 2994616, 500132, 2994909, 500425, 2995202, 2995495, 1996751, 1001587, 2995788, 1001880, 2996081, 1002173, 2996374, 1002466]
82, 0x23481865c84c6e543b9b9af7b4f11a17316bbb8630d89b8fd7edcb598cc48620, 9900
    [1995015, 1995308, 2244685, 499568, 2994052, 499861, 2994345, 2994638, 500154, 2994931, 500447, 2995224, 2995517, 1996773, 1001609, 2995810, 1001902, 2996103, 1002195, 2996396]
83, 0x3ba9d988e521187a1dd47bcba82b2209c5d7b65e04ece54bdd137d3312bfe921, 9900
    [498864, 1995190, 1995483, 2244860, 499743, 2994227, 2994520, 500036, 2994813, 500329, 2995106, 500622, 2995399, 2995692, 1996948, 1001784, 2995985, 1002077, 2996278, 1002370]
84, 0x1b02951260c8f824e195f84a43bf06c58ad932a0f7de398d0725c52a7da198e4, 9900
    [1995065, 1995358, 2244735, 499618, 2994102, 2994395, 499911, 2994688, 500204, 2994981, 500497, 2995274, 2995567, 1996823, 1001659, 2995860, 1001952, 2996153, 1002245, 2996446]
85, 0x2a7fe24394acbfa8eabf57959438f7967d1e478704064494a270d4cf6023b180, 9900
    [498756, 1995082, 1995375, 2244752, 499635, 2994119, 2994412, 499928, 2994705, 500221, 2994998, 500514, 2995291, 2995584, 1996840, 1001676, 2995877, 1001969, 2996170, 1002262]
86, 0x06ae9a7dbb883a70bae9b4661e3022df87fc4eb8fe72616e899b11938b827c80, 9900
    [1995053, 1995346, 2244723, 499606, 2994090, 2994383, 499899, 2994676, 500192, 2994969, 500485, 2995262, 2995555, 1996811, 1001647, 2995848, 1001940, 2996141, 1002233, 2996434]
87, 0x1c2c7a59d694907a9a861a390ce975ab894d44d0ef8443b32dac57aa61346ad4, 9900
    [1995054, 1995347, 2244724, 499607, 2994091, 2994384, 499900, 2994677, 500193, 2994970, 500486, 2995263, 2995556, 1996812, 1001648, 2995849, 1001941, 2996142, 1002234, 2996435]
88, 0x2428538601b19d925b0690565a522d89214a166953523207bccf2015c9cc0419, 9900
    [498797, 1995123, 1995416, 2244793, 499676, 2994160, 2994453, 499969, 2994746, 500262, 2995039, 500555, 2995332, 2995625, 1996881, 1001717, 2995918, 1002010, 2996211, 1002303]
89, 0x22e38b3514ba284ca0c9c8b8877c41266ce4643b72342677a4087f6c9be7275a, 9900
    [498873, 1995199, 1995492, 2244869, 499752, 2994236, 2994529, 500045, 2994822, 500338, 2995115, 500631, 2995408, 2995701, 1996957, 1001793, 2995994, 1002086, 2996287, 1002379]
90, 0x3882627b09f9ce60c016e9febbae7ff112b1e96c21ba0ab8c5943eb4b1be0276, 9900
    [498809, 1995135, 1995428, 2244805, 499688, 2994172, 2994465, 499981, 2994758, 500274, 2995051, 500567, 2995344, 2995637, 1996893, 1001729, 2995930, 1002022, 2996223, 1002315]
91, 0x0744f9ba5363fa4b6a6e6f172f8a5c99f41c40120c559b8de9f59da5c17297d1, 9900
    [498854, 1995180, 1995473, 2244850, 499733, 2994217, 2994510, 500026, 2994803, 500319, 2995096, 500612, 2995389, 2995682, 1996938, 1001774, 2995975, 1002067, 2996268, 1002360]
92, 0x19340c9f8427a45d11bb9ef115c6d5500f57814f783d02dd441e16a08e5d01c3, 9900
    [498869, 1995195, 1995488, 2244865, 499748, 2994232, 2994525, 500041, 2994818, 500334, 2995111, 500627, 2995404, 2995697, 1996953, 1001789, 2995990, 1002082, 2996283, 1002375]
93, 0x33f1ea4e48533146b6006e5ce92ae968ff8fd0f7fd442ad2adc18eaa201a6c60, 9900
    [498882, 1995208, 1995501, 2244878, 499761, 2994245, 2994538, 500054, 2994831, 500347, 500640, 2995124, 2995417, 2995710, 1996966, 1001802, 2996003, 1002095, 2996296, 1002388]
94, 0x06ab90ce2ca337ae7287d6a084ae7031fb60d7f40d0c3315f814c404c250150d, 9900
    [498845, 1995171, 1995464, 2244841, 499724, 2994208, 2994501, 500017, 2994794, 500310, 2995087, 500603, 2995380, 2995673, 1996929, 1001765, 2995966, 1002058, 2996259, 1002351]
95, 0x3f29abbce94f7357bfc2b4571ba82d3e465912396a58dd7e3417bf02d75ed1c2, 9900
    [1995072, 1995365, 2244742, 499625, 2994109, 2994402, 499918, 2994695, 500211, 2994988, 500504, 2995281, 2995574, 1996830, 1001666, 2995867, 1001959, 2996160, 1002252, 2996453]
96, 0x1b1066947c5eaa42e4f7361cf3cfba83841b001fd1ea4953b5498b56af295900, 9900
    [498777, 1995103, 1995396, 2244773, 499656, 2994140, 2994433, 499949, 2994726, 500242, 2995019, 500535, 2995312, 2995605, 1996861, 1001697, 2995898, 1001990, 2996191, 1002283]
97, 0x39721a9ccd9e28de12f9d910841c9a98dcaa995488502a21a855dd0be85d8d19, 9900
    [498860, 1995186, 1995479, 2244856, 499739, 2994223, 2994516, 500032, 2994809, 500325, 2995102, 500618, 2995395, 2995688, 1996944, 1001780, 2995981, 1002073, 2996274, 1002366]
98, 0x0b4b273ed135393d903eaf50af9d2e709005a91f89096922bb3f03aabc3bca47, 9900
    [498814, 1995140, 1995433, 2244810, 499693, 2994177, 2994470, 499986, 2994763, 500279, 2995056, 500572, 2995349, 2995642, 1996898, 1001734, 2995935, 1002027, 2996228, 1002320]
99, 0x0c1e8b441749ea731b6142ead3ba5f2ed8537a06e10898adc8d1fadaa458957c, 9900
    [498857, 1995183, 1995476, 2244853, 499736, 2994220, 2994513, 500029, 2994806, 500322, 2995099, 500615, 2995392, 2995685, 1996941, 1001777, 2995978, 1002070, 2996271, 1002363]
[1995074, 1995367, 5986470, 5986763, 1497492, 5987056, 2994111, 1497785, 2994404, 5987349, 1498078, 5987642, 2994697, 5987935, 2994990, 1498371, 1996832, 5988228, 2995283, 2995576]
99, 0x2e2f185a02ded7ffa7d118e19f22edd1abfdf701ff0735f6bbbfa77e1f83f0fc, 9900
    [1995163, 1995456, 5986559, 5986852, 2994200, 1497581, 5987145, 1497874, 5987438, 2994493, 1498167, 5987731, 2994786, 5988024, 2995079, 1498460, 1996921, 5988317, 2995372, 2995665]
