scalars length: 9722443
freq>1000 (count, total, %):         30,    5745598,      59.10%
freq>500  (count, total, %):         74,    5771588,      59.36%
freq>100  (count, total, %):       9962,    7256656,      74.64%
freq>20   (count, total, %):       9962,    7256656,      74.64%

top 100 values:
 0, 0x0000000000000000000000000000000000000000000000000000000000000000, 5636940
    [4861221, 4861222, 4861223, 4861224, 4861225, 4861226, 4861227, 4861228, 4861229, 4861230, 4861231, 4861232, 4861233, 4861234, 4861235, 4861236, 4861237, 4861238, 4861239, 4861240]
 1, 0x0000000000000000000000000000000000000000000000000000000000000001, 16252
    [2, 15, 4861912, 4861924, 4861928, 4861932, 4861964, 4861968, 4861972, 4862216, 4862233, 1216286, 1216289, 1216306, 1216308, 4863233, 4863235, 4863239, 4863251, 610581]
 2, 0x00000000000000000000000000000001e051db534dc6e2c4e2c6519d5ac9ee10, 8145
    [4861847, 4861851, 1216213, 1216215, 1216219, 1216231, 1216299, 1216300, 4862264, 4862270, 4862275, 4862276, 4862830, 4862882, 4862915, 4862978, 4862981, 4863210, 610704, 610956]
 3, 0x00000000000000000000000000000000507f303fce23a3978189df1f5457a563, 7641
    [0, 8, 1609, 1611, 1622, 1643, 1650, 1652, 1672, 1686, 1714, 1716, 1720, 1793, 1820, 1861, 1866, 1879, 2670, 2685]
 4, 0x40000000000000000000000000000000224698fc0994a8dd8c46eb2100000000, 7118
    [4861927, 4861933, 4861967, 4861973, 4862219, 1216287, 1216305, 1216307, 1216309, 1216405, 4863086, 4863236, 4863240, 4863252, 4863270, 4863294, 4863305, 1897, 612047, 612065]
 5, 0x0000000000000000000000000000000128110c086f1cfba8baa62720b553be52, 6721
    [1, 4861844, 4861865, 4861929, 4861969, 4862009, 4862021, 4862049, 4862061, 4862089, 4862101, 4862129, 4862141, 4862169, 4862181, 4862214, 1216302, 4863322, 1585, 610584]
 6, 0x00000000000000000000000000000000507f303fce23a3978189df1f5457a562, 5996
    [1215895, 1215958, 1215961, 1587, 4863910, 4863913, 4863915, 4863951, 1600, 1603, 1624, 1630, 1636, 1640, 1644, 1647, 1731, 1746, 1762, 1773]
 7, 0x00000000000000000000000000000000b840cf4adea9e71c28202a7ca5762fbe, 5816
    [4861841, 4861854, 4861941, 1216814, 1216823, 1216828, 1216858, 1216860, 610721, 610725, 1634, 1653, 1663, 1674, 1675, 1679, 1730, 1742, 1780, 610981]
 8, 0x00000000000000000000000000000000d791dbc8a0f95811391c480160fc18ef, 5076
    [1215939, 4863325, 4863367, 4863375, 4863377, 1592, 1601, 1618, 1633, 1673, 1747, 1768, 1776, 1779, 1786, 1794, 1808, 1813, 1819, 1839]
 9, 0x3fffffffffffffffffffffffffffffffd1c768bc3b7105460abd0c01aba85a9f, 4870
    [1215962, 1216066, 4863911, 4863928, 4863950, 4864132, 611722, 611826, 4864911, 4865062, 4865064, 4865065, 460662, 460766, 2882, 2434194, 309602, 309706, 2436100, 2436140]
10, 0x3ffffffffffffffffffffffffffffffe41f4bda8bbcdc618a9809983a53611f1, 4121
    [1216250, 1216274, 1216285, 4862274, 456406, 456412, 4862896, 4862976, 4862982, 608636, 305346, 305352, 4863142, 4863192, 457576, 306516, 612010, 612034, 612045, 4865027]
11, 0x3fffffffffffffffffffffffffffffff6a05c9b12aeac1c16426c0a45a89d043, 3988
    [1216830, 1216888, 1216889, 610724, 1749, 1750, 7295439, 610982, 459664, 459922, 612590, 612648, 612649, 2908, 461530, 461588, 461589, 7297266, 7297272, 308604]
12, 0x00000000000000000000000000000001e051db534dc6e2c4e2c6519d5ac9ee0f, 3640
    [4863073, 4863074, 4863076, 4863113, 4863114, 4863487, 1595, 1605, 1610, 1641, 1665, 1667, 1736, 1741, 1783, 1788, 1868, 2671, 2676, 2692]
13, 0x0000000000000000000000000000000128110c086f1cfba8baa62720b553be51, 3257
    [4861901, 4861905, 4861907, 1215810, 1215862, 4861981, 1216190, 4862241, 1218008, 1218010, 1593, 610587, 610588, 610591, 1646, 1651, 1655, 1705, 1743, 1754]
14, 0x3fffffffffffffffffffffffffffffff4ab4bd33689b50cc532aa31f9f03e712, 3228
    [2430976, 2430982, 4863326, 4863368, 4863374, 4863378, 4863414, 1809, 2434234, 1222496, 1222502, 2434483, 2435520, 2435544, 2435555, 618256, 618262, 7300484, 467196, 467202]
15, 0x3fffffffffffffffffffffffffffffffd1c768bc3b7105460abd0c01aba85a9e, 2595
    [79, 1912, 5335, 5336, 5345, 5357, 5374, 5375, 5384, 5396, 7300385, 7300406, 7300444, 7300791, 7300802, 7300814, 7301436, 7301516, 7301682, 7301732]
16, 0x000000000000000000000000000000018fd2ab137fa33f2d613c727e067248ad, 2495
    [7292778, 4863306, 4863309, 1594, 1596, 1606, 1617, 1657, 1658, 1685, 1699, 1708, 1724, 1727, 1728, 1735, 1737, 1772, 1785, 1814]
17, 0x3ffffffffffffffffffffffffffffffefa358cf39a77ad34d1a0c4004aac41af, 2308
    [4861845, 4861866, 88, 4862251, 4862262, 610667, 610673, 610707, 610713, 610991, 611002, 459607, 459613, 459647, 459653, 459931, 459942, 2877, 308547, 308553]
18, 0x3ffffffffffffffffffffffffffffffefa358cf39a77ad34d1a0c4004aac41b0, 1667
    [4861904, 1215876, 1215956, 1216122, 1216172, 1218007, 1218009, 1218014, 611014, 611636, 611716, 611882, 611932, 459954, 460576, 460656, 460822, 460872, 613767, 613769]
19, 0x32c18c3e7fb6f6c91b553f566ce012b4d5f92376d9475f49458f5270a57cab51, 1534
    [7300546, 7300586, 7300626, 7300666, 7300706, 4883586, 4883626, 4883666, 4883706, 4883746, 7322046, 7322086, 7322126, 7322166, 7322206, 7322246, 7322286, 653906, 653946, 653986]
20, 0x00000000000000000000000000000000d791dbc8a0f95811391c480160fc18f0, 1476
    [1216053, 1216093, 4863319, 4863320, 1584, 1591, 610684, 1614, 1616, 1623, 1627, 1661, 1664, 1668, 1671, 1677, 1680, 1683, 1687, 1695]
21, 0x0000000000000000000000000000000000000000000000000000000000000002, 1405
    [4861916, 4861956, 4861990, 4863254, 2434160, 1225680, 621440, 4872696, 470380, 17200, 319320, 632236, 632276, 632310, 7311280, 2444956, 2444996, 2445030, 633574, 7313176]
22, 0x0000000000000000000000000000000108bfff8aaccd8ab3a9aa099bf9cdd521, 1342
    [1586, 1590, 1599, 1649, 1659, 1684, 1694, 1696, 1715, 1744, 1758, 1800, 1805, 1875, 2705, 2715, 2735, 2740, 2744, 2814]
23, 0x3ffffffffffffffffffffffffffffffe9273ede889f169b02b0a78a2f98db754, 1287
    [7292777, 7292779, 7292784, 4863425, 2889, 2907, 4873064, 4873686, 4873766, 4873932, 4873982, 4875817, 4875819, 4875824, 7311234, 633745, 2446465, 25582, 25588, 1237985]
24, 0x3ffffffffffffffffffffffffffffffcc3ff29d985af4898a7d5cb1b7c0f9c45, 1283
    [2434236, 7300486, 1225756, 621516, 7302430, 470456, 2440511, 17276, 7306223, 627791, 1232031, 476731, 4883526, 4885470, 23551, 319396, 7313244, 7313382, 7313419, 4889263]
25, 0x3e20d430c548c9f709d5bf7013b5f941d7a743062fe2dc03fdd726282e7432e2, 1280
    [4862006, 4862046, 4862086, 4862126, 4862166, 610746, 610786, 610826, 610866, 610906, 459686, 459726, 459766, 459806, 459846, 308626, 308666, 308706, 308746, 308786]
26, 0x00000000000000000000000000000000a0fe607f9c47472f0313be3ea8af4ac4, 1032
    [4864091, 4865052, 2436096, 2436132, 623376, 623412, 4874119, 1227616, 1227652, 472316, 472352, 19136, 19172, 7311286, 7311320, 7312570, 321256, 321292, 634411, 635372]
27, 0x3ffffffffffffffffffffffffffffffd41435bd08eed0c6cebc6412e6a274109, 1029
    [4861842, 4861855, 610726, 459666, 308606, 7300526, 2436339, 7301802, 623619, 1227859, 472559, 7306801, 19379, 4883566, 4884842, 632162, 632175, 2444882, 2444895, 321499]
28, 0x40000000000000000000000000000000224698fc0994a8dd8c46eb20ffffffff, 1029
    [1216290, 4863262, 612050, 460990, 2434513, 309930, 9506, 1226033, 621793, 4872748, 4874166, 4874186, 470733, 17553, 17660, 319673, 633582, 2446302, 1237822, 28605]
29, 0x000000000000000000000000000000000000000000000000000000000000000c, 1027
    [4861914, 4861954, 4862227, 4862229, 2434158, 2435298, 1225678, 7301628, 621438, 1226818, 622578, 4874147, 470378, 471518, 17198, 17717, 4884668, 319318, 632234, 632274]
30, 0x00000000000000000000000000000002e1033d2b7aa79c70a080a9f295d8bef8, 902
    [610961, 459901, 308841, 2436167, 2436202, 7300761, 2437306, 7301794, 7301798, 623447, 623482, 1227687, 1227722, 624586, 1228826, 472387, 472422, 473526, 19207, 19242]
31, 0x000000000000000000000000000000018fd2ab137fa33f2d613c727e067248ae, 837
    [1588, 610681, 1621, 1656, 1670, 1719, 1760, 1816, 1833, 1850, 1855, 1877, 459621, 2664, 2673, 2680, 2704, 2718, 2719, 2747]
32, 0x3ffffffffffffffffffffffffffffffe7322e16ac7a1f8bb1a0e5b1e3e07ce23, 771
    [4863376, 4863396, 2435603, 7300498, 622883, 1227123, 471823, 18643, 4883538, 320763, 7312643, 633696, 633716, 2446416, 2446436, 1237936, 1237956, 29456, 29476, 482636]
33, 0x274fe657863b0009c92eb0575531eb7072178fac5c55e635d89d28180a651e8a, 768
    [4872756, 4872796, 4872836, 4872876, 4872916, 4872956, 643076, 643116, 643156, 643196, 643236, 643276, 2455796, 2455836, 2455876, 2455916, 2455956, 2455996, 1247316, 1247356]
34, 0x1767c16b0053c4ced80d6cc591359566bb9df341819e300be48d47e3823317ec, 768
    [610710, 610750, 610790, 610830, 610870, 610910, 459650, 459690, 459730, 459770, 459810, 459850, 308590, 308630, 308670, 308710, 308750, 308790, 7332880, 7332920]
35, 0x40000000000000000000000000000000224698fc0994a8dd8c46eb20fffffffd, 650
    [55, 2434096, 4868261, 1225616, 7301634, 621376, 10738, 11605, 470316, 17136, 17723, 21239, 4884674, 319256, 638581, 29524, 32318, 1242821, 2451301, 487521]
36, 0x3ffffffffffffffffffffffffffffffe41f4bda8bbcdc618a9809983a53611f2, 647
    [4863077, 4872717, 4872723, 4873041, 4873052, 20667, 633397, 2446117, 1237637, 28354, 29157, 29222, 29272, 482337, 643037, 643043, 643361, 643372, 331277, 2455757]
37, 0x2e198e059a8dad4e1783ee728460244e2d49d74bd87198e1b0cd5eaebe119f8e, 646
    [7311336, 7311376, 7311416, 7311456, 7311496, 4894376, 4894416, 4894456, 4894496, 4894536, 38836, 38876, 38916, 38956, 38996, 39036, 664696, 664736, 664776, 664816]
38, 0x06c9a7ae1452ad444e553e1b2f2e38ddbb32479f7c1bb2abd8303696b3ac8104, 645
    [2434256, 2434296, 2434336, 2434376, 2434416, 1225776, 1225816, 1225856, 1225896, 1225936, 621536, 621576, 621616, 621656, 621696, 470476, 470516, 470556, 470596, 470636]
39, 0x3fffffffffffffffffffffffffffffff8148387c6d4d61ae89332ce25750b53d, 643
    [4863916, 4864052, 2434208, 1225728, 621488, 470428, 17248, 319368, 634236, 634372, 2446956, 2447092, 1238476, 1238612, 29996, 30132, 483176, 483312, 7323496, 332116]
40, 0x000000000000000000000000000000035e476f2283e56044e471200583f063bc, 642
    [2434471, 1225991, 621751, 7302424, 470691, 17511, 4885464, 319631, 7313247, 7313282, 7314386, 4896287, 4896322, 4897426, 655784, 2468504, 666607, 666642, 1260024, 51544]
41, 0x00000000000000000000000000000008a309b7826ff6d551e181fdd7c18a3ce8, 642
    [1216238, 611998, 460938, 309878, 7300769, 4873838, 4883809, 7312687, 7312722, 644158, 4895727, 4895762, 2456878, 1248398, 39918, 654129, 493098, 342038, 2466849, 7334168]
42, 0x3ffffffffffffffffffffffffffffffeb1c4fa664c40daa53c069627b513a085, 641
    [1216870, 4863329, 610692, 459632, 612630, 461570, 308572, 310510, 7312706, 633649, 2446369, 1237889, 29409, 482589, 4895746, 7323214, 331529, 7332862, 4906254, 7334800]
43, 0x3ffffffffffffffffffffffffffffffee049d7fcd1061a7f861f6ea3aea16a79, 641
    [4863914, 4864089, 2434196, 1225716, 621476, 470416, 17236, 319356, 7312819, 634234, 634409, 2446954, 2447129, 1238474, 1238649, 29994, 30169, 7317591, 483174, 483349]
44, 0x3fffffffffffffffffffffffffffffff4ab4bd33689b50cc532aa31f9f03e711, 641
    [610685, 459625, 1222108, 308565, 617868, 466808, 4872734, 2439939, 627219, 315748, 1231459, 476159, 2442936, 630216, 1234456, 479156, 325099, 643054, 328096, 2455774]
45, 0x12ceb507a5ba3b04b57b0865b019f3de28704f7cbfddf815ac197ffac7f21bcd, 640
    [610762, 610802, 610842, 610882, 610922, 459702, 459742, 459782, 459822, 459862, 308642, 308682, 308722, 308762, 308802, 7332932, 7332972, 7333012, 7333052, 7333092]
46, 0x00000000000000000000000000000000a0fe607f9c47472f0313be3ea8af4ac6, 640
    [7300450, 4874636, 4874672, 4883490, 7311246, 4894286, 644956, 644992, 7322030, 2457676, 2457712, 1249196, 1249232, 653810, 493896, 493932, 4905070, 342836, 342872, 2466530]
47, 0x0000000000000000000000000000000000000000000000000000000000000003, 639
    [1216295, 612055, 460995, 309935, 2437280, 4874178, 624560, 1228800, 473500, 20320, 7313214, 322440, 644498, 4896254, 2457218, 1248738, 7325176, 493438, 342378, 7334225]
48, 0x00000000000000000000000000000003c5f642fda9abab1a12767577f41bc098, 639
    [7301588, 4884628, 7311284, 7311559, 7312590, 4894324, 4894599, 4895630, 7323477, 654948, 4906517, 664644, 2467668, 664919, 665950, 1259188, 352828, 503888, 2477364, 2477639]
49, 0x2ce70d73dc1a84a3d84a7301652c680b226b8e8da51fa9e518d436578c5e3427, 639
    [2435145, 2435225, 2435234, 1226665, 1226745, 1226754, 622425, 622505, 622514, 4874144, 471365, 471445, 471454, 320305, 320385, 320394, 7313179, 644464, 4896219, 2457184]
50, 0x3fffffffffffffffffffffffffffffff198699715cc71e29e29ce18506322ae0, 519
    [2432146, 1220669, 1223666, 2435576, 616429, 2435618, 465369, 619426, 468366, 622856, 622898, 1227096, 1227138, 12189, 15186, 314309, 471796, 471838, 18616, 18658]
51, 0x40000000000000000000000000000000224698fc0994a8dd8c46eb20fffffff5, 517
    [4862235, 4863264, 2434495, 9508, 1226015, 621775, 470715, 17535, 17537, 632555, 319655, 2445275, 633584, 7313222, 2446304, 1236795, 481495, 1237824, 28608, 29532]
52, 0x1b2e17612a34f16b07f7ffe65e8e354fefcb811ea3779ee5fdb32a15b5b97cfc, 516
    [7300817, 7301437, 7301517, 7301683, 4883857, 4884477, 4884557, 4884723, 654177, 654797, 654877, 655043, 2466897, 2467517, 2467597, 2467763, 1258417, 49937, 1259037, 1259117]
53, 0x0000000000000000000000000000000a1ad64d678bb020cead5360108bd12b34, 516
    [4863357, 2434479, 2435510, 1225999, 621759, 622790, 1227030, 4873878, 470699, 471730, 17519, 18550, 319639, 320670, 633677, 2446397, 1237917, 29437, 482617, 644198]
54, 0x128a1f2e11b9f8a0c783bcfbeffd6dc7f441562f3c070eed317723b463c8f0b6, 516
    [2434207, 2434215, 2434253, 7300503, 1225727, 1225735, 1225773, 621487, 621495, 621533, 470427, 470435, 470473, 17247, 17255, 17293, 4883543, 319367, 319375, 319413]
55, 0x36faa47a389a825f44e90bc1864f0dc117eaa556ddd2fb42a56e10d252e7fbdc, 515
    [4873067, 4873687, 4873767, 4873933, 643387, 644007, 644087, 644253, 2456107, 2456727, 2456807, 1247627, 2456973, 1248247, 1248327, 1248493, 39767, 39847, 40013, 492327]
56, 0x124549a0ed82414fa6e5bccc0af742705bd8c3f803d190ce022ff5694710cb13, 515
    [610743, 459683, 308623, 7300497, 7300505, 7300543, 4883537, 4883545, 4883583, 653857, 653865, 653903, 7332913, 2466577, 2466585, 2466623, 1258097, 1258105, 1258143, 49617]
57, 0x0000000000000000000000000000000141fcc0ff388e8e5e06277c7d515e9588, 515
    [4863917, 4863952, 2435605, 622885, 1227125, 471825, 18645, 320765, 7312584, 634237, 634272, 2446957, 2446992, 1238477, 1238512, 29997, 30032, 483177, 483212, 4895624]
58, 0x3ffffffffffffffffffffffffffffff9a7ff4f5a359b88e023256cbf2ed85253, 514
    [7298430, 7300757, 4881470, 4883797, 7309608, 7312730, 4892648, 4895770, 651790, 654117, 2464510, 1256030, 47550, 662968, 2466837, 1258357, 49877, 666090, 349670, 500730]
59, 0x0000000000000000000000000000000286b59359e2ec0833ab54d80422f44acd, 514
    [4863388, 2435504, 622784, 1227024, 471724, 18544, 320664, 633708, 7313421, 2446428, 7314381, 1237948, 29468, 482648, 4896461, 331588, 4897421, 666781, 667741, 2479501]
60, 0x00000000000000000000000000000005a0f591f9e954a84ea852f4d8105dca30, 514
    [2435638, 622918, 1227158, 7303596, 471858, 18678, 7311175, 7311196, 4886636, 320798, 4894215, 4894236, 656956, 664535, 664556, 2469676, 1261196, 52716, 354836, 505896]
61, 0x0000000000000000000000000000000170819e95bd53ce38504054f94aec5f7c, 513
    [4861942, 1216826, 1216864, 610686, 459626, 612586, 612624, 461526, 461564, 308566, 310466, 310504, 632262, 2444982, 1236502, 481202, 28022, 330142, 7332856, 7334756]
62, 0x1533674b056362eeec5899de2b7b339b17746d4d53f88f7f9af5c79beed26db8, 513
    [2434527, 2435147, 2435227, 2435393, 1226047, 621807, 1226667, 1226747, 622427, 622507, 1226913, 622673, 470747, 471367, 471447, 471613, 17567, 319687, 320307, 320387]
63, 0x00000000000000000000000000000000f17d90bf6a6aeac6849d9d5dfd06f026, 512
    [4865056, 2436134, 623414, 1227654, 472354, 19174, 7311549, 321294, 635376, 2448096, 1239616, 31136, 4894589, 484316, 7323508, 333256, 4906548, 664909, 2477629, 362789]
64, 0x001e988cf84423c5956f3eb27973b0abd6554473d564fd022e8a29846014bd70, 512
    [4862277, 4862897, 4862977, 4863143, 632597, 2445317, 633217, 633297, 633463, 2445937, 2446017, 2446183, 1236837, 1237457, 1237537, 1237703, 481537, 482157, 482237, 482403]
65, 0x2aeb3141f2e0c0d6a916a4d44df87d0f70a5d18ccdad4827cf9af8102655f03d, 512
    [1215877, 1215957, 1216123, 611017, 611637, 611717, 611883, 459957, 460577, 460657, 460823, 308897, 309517, 309597, 309763, 7333187, 7333807, 7333887, 7334053, 4916227]
66, 0x0000000000000000000000000000000de0cc9065355bcbe8bfc9d5887fecebd8, 512
    [1216303, 610654, 610694, 459594, 459634, 612063, 461003, 308534, 308574, 309943, 7323168, 7332824, 7332864, 4906208, 7334233, 4915864, 4915904, 4917273, 676528, 686184]
67, 0x0441efa485d9d0f997c45e364bf1d41aca69c20483174a2212380e35f582987f, 512
    [4861917, 4861925, 4861957, 4861965, 632237, 632245, 632277, 632285, 2444957, 2444965, 2444997, 2445005, 1236477, 1236485, 1236517, 1236525, 481177, 481185, 481217, 481225]
68, 0x1d0a430f0bf46beeb7679f0c3d138240959202ef7bada98fd3674487205bd73e, 511
    [7301515, 7301524, 4884555, 4884564, 7312587, 7312589, 4895627, 4895629, 40719, 654875, 654884, 2467595, 2467604, 665947, 665949, 1259115, 1259124, 352755, 352764, 503815]
69, 0x3ffffffffffffffffffffffffffffffc5c5055fe5fe8fdc379d075a90be43f69, 509
    [7311553, 7311565, 7312594, 4894593, 4894605, 4895634, 7323518, 4906558, 664913, 664925, 665954, 2477633, 2477645, 2478674, 362793, 676878, 362805, 1269153, 1269165, 363834]
70, 0x1b2e17612a34f16b07f7ffe65e8e35519eef38afe56a4f086febba1877b1aeda, 508
    [7322397, 7323017, 7323097, 7323263, 4905437, 4906057, 4906137, 4906303, 675757, 676377, 676457, 676623, 2488477, 2489097, 2489177, 2489343, 373637, 374257, 374337, 374503]
71, 0x00f5208be60bcaa87feb0bac5d4ebde5bc3de2ad4c3437c0bdafd1b02aeec8e4, 508
    [7307682, 7308070, 4890722, 4891110, 7320024, 7320412, 4903064, 4903452, 661042, 661430, 2473762, 2474150, 1265282, 1265670, 358922, 509982, 673384, 510370, 359310, 673772]
72, 0x392836157e4a996d56c7914a16e4079c31de7f425288e2f74cdceb1c8ec071cb, 508
    [7307681, 7308069, 4890721, 4891109, 7320023, 7320411, 4903063, 4903451, 661041, 661429, 2473761, 2474149, 1265281, 1265669, 358921, 509981, 673383, 510369, 359309, 673771]
73, 0x3fffffffffffffffffffffffffffffd2dabb75181588a3a4aeb969818eb2f8e1, 508
    [7307680, 7308068, 4890720, 4891108, 7320022, 7320410, 4903062, 4903450, 661040, 661428, 2473760, 2474148, 1265280, 1265668, 358920, 509980, 673382, 510368, 359308, 673770]
74, 0x0000000000000000000000000000000108bfff8aaccd8ab3a9aa099bf9cdd520, 435
    [1608, 1615, 1625, 1639, 1645, 1660, 1662, 1666, 1697, 1700, 1701, 1775, 1795, 1811, 2677, 2697, 2727, 2728, 2739, 2746]
75, 0x0b6bbf9fc27365ec95f6c7957ff958536ee31ed393cb3e3f8f3ad37ccd9ff506, 390
    [4868270, 4868559, 4871077, 10169, 11036, 20959, 638590, 638879, 641397, 31749, 32038, 32616, 1242830, 2451310, 1243119, 2451599, 2454117, 1245637, 487530, 487819]
76, 0x0c54de926abcef5dae73635df519767daa1845b501156bf4c9990d63d9c292b0, 388
    [4862240, 2434500, 1226020, 2437287, 621780, 624567, 470720, 1228807, 17540, 473507, 20327, 632560, 319660, 2445280, 322447, 1236800, 481500, 28621, 330440, 7343950]
77, 0x00000000000000000000000000000003c5f642fda9abab1a12767577f41bc0a4, 387
    [7300448, 4883488, 7311244, 4894284, 7322028, 653808, 4905068, 2466528, 664604, 1258048, 49568, 50708, 351688, 502748, 2477324, 675388, 362484, 1268844, 60679, 513544]
78, 0x3ffffffffffffffffffffffffffffff6df02275d1edde020180fd311d52aedbc, 387
    [2434248, 2435508, 2435514, 1225768, 621528, 622788, 622794, 1227028, 1227034, 470468, 471728, 471734, 17288, 18548, 18554, 319408, 320668, 320674, 7343698, 7344958]
79, 0x0000000000000000000000000000286b59359e2ec0833ab54d80422f44acd000, 387
    [7302422, 4873707, 4873769, 4885462, 644027, 644089, 2456747, 2456809, 1248267, 1248329, 39787, 39849, 492967, 493029, 655782, 341907, 341969, 2468502, 1260022, 51542]
80, 0x33ab216d954310a2518c9ca20ae68982782e5347087f3ce8c2adddbd263d6d51, 387
    [2435311, 2435461, 7301641, 1226831, 622591, 622741, 1226981, 471531, 471681, 17730, 18501, 4884681, 320471, 320621, 39310, 655001, 2467721, 1259241, 352881, 503941]
81, 0x1c92c48677a025aaf14623b54632e0cf50826cf3cbe05e43adbc8c3bdbd91390, 387
    [2432537, 1221250, 1221539, 1224057, 617010, 617299, 465950, 466239, 619817, 468757, 12770, 13059, 15577, 314890, 315179, 317697, 7339180, 7339469, 7341987, 4922220]
82, 0x101c32466c78c107df843c386b40ff86e394cb15ee0cbc42b902da4efea17f12, 387
    [2440520, 2440809, 627800, 628089, 1232040, 476740, 1232329, 477029, 2443327, 630607, 23560, 23849, 479547, 1234847, 26367, 325680, 325969, 328487, 7349970, 7350259]
83, 0x32cb7df83f8adbde2ba42ec3ba6e2812b8f5e373197af9d5e302c376bc965e4a, 387
    [2435653, 2437291, 7301809, 622933, 1227173, 624571, 1228811, 471873, 473511, 18693, 20331, 4884849, 320813, 322451, 655169, 2467889, 1259409, 50929, 353049, 504109]
84, 0x0000000000000000000000000000000000000000000000000000000000000004, 386
    [17, 4874145, 17691, 644465, 7324037, 7324072, 39167, 2457185, 39307, 1248705, 493405, 342345, 4907077, 4907112, 677397, 677432, 2490117, 2490152, 375277, 375312]
85, 0x2011bfa7421f421899d5d0fa816fae5cec6097a4bca091d30abfc7debd28561f, 386
    [7297279, 7298443, 4880319, 4881483, 7309621, 4892661, 650639, 651803, 2463359, 2464523, 1254879, 46399, 1256043, 47563, 662981, 348519, 499579, 349683, 500743, 2475701]
86, 0x14dbcfe8cc7456cfdec24156d3eee130bbafe483683d48904f3977b2eecf6a6f, 386
    [4873765, 4873774, 7312684, 644085, 644094, 4895724, 2456805, 2456814, 1248325, 1248334, 39845, 39854, 493025, 493034, 341965, 341974, 666044, 2478764, 363924, 61804]
87, 0x3fffffffffffffffffffffffffffff987dd1fedeca02a906fa2f0503ed852521, 386
    [7297278, 7298442, 4880318, 4881482, 7309620, 4892660, 650638, 651802, 2463358, 2464522, 1254878, 46398, 1256042, 47562, 662980, 348518, 499578, 349682, 500742, 2475700]
88, 0x3ffffffffffffffffffffffffffffffd02a142d50a4e2a82c9ce0624f31b6ea7, 386
    [4863313, 7300452, 4874278, 4883492, 633633, 2446353, 1237873, 29393, 482573, 644598, 331513, 2457318, 1248838, 653812, 493538, 342478, 2466532, 1258052, 49572, 351692]
89, 0x3ffffffffffffffffffffffffffffef1f43b3a2049b51a1dfcb9029dee6a1701, 386
    [456418, 608642, 305358, 457582, 2432540, 306522, 1224060, 619820, 468760, 15580, 317700, 35990, 7329648, 7330812, 4912688, 4913852, 7341990, 4925030, 683008, 684172]
90, 0x02aff909ce7a6b8f6823a5e6fda5e6489bbcb02118d8dd348692057b76c9ceb3, 386
    [7297280, 7298444, 4880320, 4881484, 7309622, 4892662, 650640, 651804, 2463360, 2464524, 1254880, 46400, 1256044, 47564, 662982, 348520, 499580, 349684, 500744, 2475702]
91, 0x3ffffffffffffffffffffffffffffffdd22480eb2b5ab18c16fa9cdf9558835f, 386
    [4862243, 2434162, 1225682, 621442, 470382, 17202, 319322, 632563, 2445283, 1236803, 481503, 28323, 28343, 330443, 7323433, 4906473, 7343612, 676793, 4926652, 2489513]
92, 0x3ffffffffffffffffffffffffffffffbd0c1bd3ad1993e349b85ec351f3ae18d, 386
    [1216815, 612575, 461515, 310455, 2436161, 4873848, 623441, 1227681, 472381, 19201, 321321, 644168, 2456888, 1248408, 39928, 493108, 342048, 7334745, 4917785, 7345611]
93, 0x31fd43e13cb685876d4b20383889fc3f1cba1b7f44ae3bcbf3b5b908b5a75424, 385
    [4862250, 1218017, 610980, 459920, 613777, 308860, 462717, 311657, 632570, 2445290, 1236810, 481510, 28330, 330450, 7333150, 7335947, 4916190, 4918987, 686510, 689307]
94, 0x20ef469e4e1f80006fca1d46a5e628c2421a345c2c95b3e4394d9a00a89483fc, 385
    [456420, 608644, 305360, 457584, 2432542, 306524, 1224062, 619822, 468762, 15582, 317702, 7329650, 7330814, 4912690, 4913854, 7341992, 4925032, 683010, 684174, 2495730]
95, 0x041d84631cde3eceb582af747de15b994b9df2372f7030e50c8b2d17dca81eee, 385
    [7302437, 4885477, 7312666, 7314371, 4895706, 4897411, 655797, 2468517, 666026, 1260037, 51557, 667731, 353677, 504737, 2478746, 2480451, 363906, 61786, 1270266, 365611]
96, 0x3fffffffffffffffffffffffffffffff8148387c6d4d61ae89332ce25750b53b, 385
    [7300803, 4883843, 7322363, 7322383, 654163, 4905403, 4905423, 2466883, 1258403, 49923, 352043, 503103, 675723, 675743, 2488443, 2488463, 373603, 373623, 1279963, 1279983]
97, 0x40000000000000000000000000000000224698fc0994a8dd8c46eb20ffffff71, 385
    [61, 4870692, 4871080, 2441778, 629058, 1233298, 477998, 641012, 641400, 326938, 2453732, 1245252, 2454120, 1245640, 489952, 490340, 338892, 339280, 7351228, 4934268]
98, 0x1a3e70e50ca2c4e8bf821a172685e0904699f8107ddd5d8870cf6c565259e31f, 385
    [4861955, 4862224, 4874183, 632275, 632544, 2444995, 2445264, 1236515, 1236784, 481215, 481484, 28567, 644503, 330155, 330424, 2457223, 1248743, 493443, 342383, 7354445]
99, 0x3ffffffffffffffffffffffffffffffdd22480eb2b5ab18c16fa9cdf9558835d, 385
    [4862263, 611003, 459943, 308883, 632583, 2445303, 1236823, 481523, 330463, 7323608, 4906648, 7333173, 4916213, 676968, 686533, 2489688, 7354753, 374848, 72553, 72728]
7235f86b2cda, 385
    [4862895, 3654415, 2445935, 1237455, 633215, 180035, 28975, 331095, 4906135, 4906144, 3697655, 3697664, 2489175, 2489184, 1280695, 1280704, 223275, 223284, 676455, 676464]
