scalars length: 7980043
freq>1000 (count, total, %):        719,    6107811,      76.54%
freq>500  (count, total, %):       1054,    6388914,      80.06%
freq>100  (count, total, %):       3874,    6997395,      87.69%
freq>20   (count, total, %):       4641,    7023585,      88.01%

top 100 values:
 0, 0x0000000000000000000000000000000000000000000000000000000000000000, 1774962
    [374067, 374068, 374069, 374070, 5, 16, 19, 31, 40, 45, 46, 48, 50, 51, 52, 53, 54, 55, 56, 57]
 1, 0x0000000000000000000000000000000000000000000000000000000000000001, 69853
    [2, 49, 3992688, 3992689, 3992694, 3992695, 3992696, 3992698, 3992706, 3992715, 3992716, 3992737, 3992738, 3992741, 3992742, 3992755, 3992756, 3992759, 3992760, 3992773]
 2, 0x294b6a7f0984f3d0560b3d0d973d20f41186547a1e41c758e2a3348c0141a665, 12600
    [374073, 124696, 498908, 249531, 1995234, 374366, 124989, 499201, 1995527, 249824, 125282, 374659, 499494, 250117, 125575, 125868, 1995820, 499787, 374952, 126161]
 3, 0x336293d1250e16ace79c1b9cfdd14e5d80bc7928a947635797fcbc1ebfa512e8, 12600
    [374072, 124695, 498907, 249530, 1995233, 374365, 124988, 499200, 1995526, 249823, 125281, 374658, 499493, 250116, 125574, 125867, 1995819, 499786, 374951, 126160]
 4, 0x1af18bf8b21cf712a700f08f14dbcc588ad948ebc1ff85cc300eea6a581d26bf, 12600
    [374071, 124694, 498906, 249529, 1995232, 374364, 124987, 499199, 1995525, 249822, 125280, 374657, 499492, 250115, 125573, 125866, 1995818, 499785, 374950, 126159]
 5, 0x04943278e947828f315482d004370c011c9acf8706cac544710a26ce111fb11a, 10413
    [374080, 498915, 249538, 1995241, 374373, 124996, 499208, 1995534, 249831, 125289, 374666, 499501, 250124, 125582, 125875, 499794, 374959, 126168, 500087, 1996120]
 6, 0x29dd0402a87d5b40f9d6cfd1b6bafe4b88d3a89d1a2391749fd334313e8bdb08, 10413
    [374081, 498916, 249539, 1995242, 374374, 124997, 499209, 1995535, 249832, 125290, 374667, 499502, 250125, 125583, 125876, 499795, 374960, 126169, 500088, 1996121]
 7, 0x2a53d5a36091904f09cd86bd43b07c7961faad8ec81c97c9bd30d3c6e9da1ff2, 10413
    [374082, 498917, 249540, 1995243, 374375, 124998, 499210, 1995536, 249833, 125291, 374668, 499503, 250126, 125584, 125877, 499796, 374961, 126170, 500089, 1996122]
 8, 0x32f17c6e27f8539b605650b4a9d6f1779f916c7ea33e2b2a6cc7eb84b974f80a, 10156
    [374083, 498918, 249541, 1995244, 374376, 124999, 499211, 249834, 125292, 374669, 499504, 250127, 125585, 125878, 499797, 374962, 126171, 500090, 1996123, 375255]
 9, 0x2b7225a656cccb0e8f58c6f2518f16b3eba8ed34139d6f37673be556a7117c17, 10156
    [374084, 498919, 249542, 1995245, 374377, 125000, 499212, 249835, 125293, 374670, 499505, 250128, 125586, 125879, 499798, 374963, 126172, 500091, 1996124, 375256]
10, 0x26b04265765947d12045bcbe58b2e6547bde60b25ddff533f9791fe2170aeb5f, 10156
    [374085, 498920, 249543, 1995246, 374378, 125001, 499213, 249836, 125294, 374671, 499506, 250129, 125587, 125880, 499799, 374964, 126173, 500092, 1996125, 375257]
11, 0x167de255340163ffd4a75adea10746fdc518361913f0cd753ea3195a99375ec4, 9898
    [498838, 249461, 1995164, 374296, 499131, 1995457, 125212, 249754, 499424, 374589, 125505, 250047, 374882, 125798, 499717, 126091, 500010, 375175, 1996336, 126384]
12, 0x12d56c05cfb287e4762c02745233082840741100cabefc216a8f4e14c323eb0c, 9898
    [374100, 498935, 249558, 1995261, 374393, 125016, 499228, 249851, 125309, 374686, 499521, 250144, 125602, 499814, 125895, 374979, 126188, 500107, 1996140, 375272]
13, 0x3dd0b7f6df3a7d67aaa62ee2e752d7eabdf9596bbe50b30c36c99df0140ad34d, 9898
    [374094, 498929, 249552, 1995255, 374387, 125010, 499222, 249845, 125303, 374680, 499515, 250138, 125596, 125889, 499808, 374973, 126182, 500101, 1996134, 375266]
14, 0x3f12fd345df4f111af5cb24c487fe490aa67a14b915e53e37d6ddff14a4f76dd, 9898
    [498779, 249402, 1995105, 374237, 499072, 1995398, 125153, 249695, 374530, 499365, 249988, 125446, 374823, 125739, 499658, 126032, 499951, 375116, 1996277, 126325]
15, 0x2705bcb4d857af7b9851881c4b4aa35b29d013a24676b5ea60864bf30d478395, 9898
    [374122, 498957, 1995283, 374415, 125038, 249580, 499250, 249873, 125331, 374708, 499543, 250166, 125624, 125917, 499836, 375001, 126210, 1996162, 375294, 1996455]
16, 0x2e8aac6905e24e0b3177136c0024df9f80a2e137282ba2d33600b0e245e23040, 9898
    [1995034, 374166, 499001, 1995327, 125082, 249624, 374459, 499294, 249917, 125375, 499587, 374752, 125668, 125961, 499880, 375045, 126254, 1996206, 375338, 126547]
17, 0x3803544eb8ec3b0c6a3cd7cc94df73177bb999d2186bfa0f4b893c72b2381be2, 9898
    [498780, 249403, 1995106, 374238, 499073, 1995399, 125154, 249696, 374531, 499366, 249989, 125447, 374824, 125740, 499659, 126033, 499952, 375117, 1996278, 126326]
18, 0x2a1cbd558d066fb085e124e33e96c8d8f9e635c2b8e9f904d4eea90edc362625, 9898
    [374096, 498931, 249554, 1995257, 374389, 125012, 499224, 249847, 125305, 374682, 499517, 250140, 125598, 125891, 499810, 374975, 126184, 500103, 1996136, 375268]
19, 0x303973ad29fc927f7ca2aff8ae8c1e0983d962e8569c312036049c9cc989740b, 9898
    [498768, 249391, 1995094, 374226, 499061, 1995387, 125142, 249684, 374519, 499354, 249977, 125435, 499647, 374812, 125728, 126021, 499940, 375105, 1996266, 126314]
20, 0x0efb92e6b86c4ff96da33a7b8e62c4340f3667458770f7742d81bf30653ed7f6, 9898
    [498851, 249474, 1995177, 374309, 499144, 1995470, 125225, 249767, 499437, 374602, 125518, 250060, 374895, 125811, 499730, 126104, 500023, 375188, 1996349, 126397]
21, 0x3dc90bae66a039f12243c5eb07288cbd18abc4ee0d2d59fa39ca88848bf5e1b3, 9898
    [249381, 498758, 1995084, 374216, 499051, 1995377, 125132, 249674, 374509, 499344, 249967, 125425, 499637, 374802, 125718, 126011, 499930, 375095, 126304, 1996256]
22, 0x2f601c1966f03814b859f21d09750a5ff03fadd584acb83ba70a70379e18599b, 9898
    [498893, 249516, 1995219, 374351, 499186, 1995512, 249809, 125267, 374644, 499479, 125560, 250102, 125853, 499772, 374937, 126146, 500065, 375230, 126439, 1996391]
23, 0x1e0ccce9e304f5cd7532f7d365031c219eaad8840cab26faa04e582701f5db19, 9898
    [1995027, 374159, 498994, 1995320, 125075, 249617, 374452, 499287, 249910, 125368, 374745, 499580, 125661, 499873, 125954, 375038, 126247, 1996199, 375331, 126540]
24, 0x282c7b2ed38dcb7b4fb8c93e25572ef1e30c5c63dba7a3f947ec444544b87b80, 9898
    [1995041, 374173, 499008, 1995334, 125089, 249631, 374466, 499301, 249924, 125382, 499594, 374759, 125675, 125968, 499887, 375052, 126261, 1996213, 375345, 126554]
25, 0x3cca03ddbff6d6b54dc1ec8cc966f6487ceeb752af1a9299825d058e1d1314b2, 9898
    [1995067, 374199, 499034, 1995360, 125115, 249657, 374492, 499327, 249950, 125408, 499620, 374785, 125701, 125994, 499913, 375078, 126287, 1996239, 375371, 126580]
26, 0x2dcc6b4f338549df100406f2bd83b007711226a16aeb8c9fae26275f41747d1b, 9898
    [498892, 249515, 1995218, 374350, 499185, 1995511, 249808, 125266, 374643, 499478, 125559, 250101, 125852, 499771, 374936, 126145, 500064, 375229, 126438, 1996390]
27, 0x2560d2f2bb56a715c81702a58a803b35cbd1336cf72342bbed372b9ee4158239, 9898
    [1995014, 374146, 498981, 1995307, 125062, 374439, 249604, 499274, 249897, 125355, 374732, 499567, 125648, 499860, 125941, 375025, 250190, 126234, 1996186, 375318]
28, 0x30fb65ab3bb4c991ea0d11b1aa5b9ceaa83db19888aa1156f75c42df2a71a449, 9898
    [1995039, 374171, 499006, 1995332, 125087, 249629, 374464, 499299, 249922, 125380, 499592, 374757, 125673, 125966, 499885, 375050, 126259, 1996211, 375343, 126552]
29, 0x19f6423e7db5f9d1b6411de396c12457cbb987c7c8fb5db18cc24f8c836a00ba, 9898
    [374140, 498975, 1995301, 125056, 374433, 249598, 499268, 249891, 125349, 374726, 499561, 250184, 125642, 125935, 499854, 375019, 126228, 1996180, 375312, 1996473]
30, 0x237ef4ffb1d7d2f3aa7b03811f5a44b5c8228db7c6543655857d3cea5140c70b, 9898
    [498793, 249416, 1995119, 374251, 499086, 1995412, 125167, 249709, 374544, 499379, 250002, 125460, 374837, 125753, 499672, 126046, 499965, 375130, 1996291, 126339]
31, 0x01b68005f9fd46a8e92f495407fdda52942fe46369e6adc2f7fcf8d3c8adbe85, 9898
    [374130, 498965, 1995291, 125046, 374423, 249588, 499258, 249881, 125339, 374716, 499551, 250174, 125632, 125925, 499844, 375009, 126218, 1996170, 375302, 1996463]
32, 0x02102abe0eb0985d9824f33b0298c3c6516dcf54140f082ecfb8febd07d4baaf, 9898
    [498817, 249440, 1995143, 374275, 499110, 1995436, 125191, 249733, 499403, 374568, 250026, 125484, 374861, 125777, 499696, 126070, 499989, 375154, 126363, 1996315]
33, 0x3d05c545f2804f726ef638331b0d281b6cf837457ed0cdbac204fce7c6198567, 9898
    [498776, 249399, 1995102, 374234, 499069, 1995395, 125150, 249692, 374527, 499362, 249985, 125443, 499655, 374820, 125736, 126029, 499948, 375113, 1996274, 126322]
34, 0x14066ddeb69d277ca71dca8bdc75befc385ea9add465a30d16a3568764cca806, 9898
    [374106, 498941, 249564, 1995267, 374399, 125022, 499234, 249857, 125315, 374692, 499527, 250150, 125608, 499820, 125901, 374985, 126194, 500113, 1996146, 375278]
35, 0x357156c051181dba7fd80eeda7b75819920207fa74a42a8fb9c201fc140f9fba, 9898
    [1995042, 374174, 499009, 1995335, 125090, 249632, 374467, 499302, 249925, 125383, 499595, 374760, 125676, 125969, 499888, 375053, 126262, 1996214, 375346, 126555]
36, 0x3191e39763a443c45282ba69bf615edacf646a646e959c5430b96346973e2531, 9898
    [498879, 249502, 1995205, 374337, 499172, 1995498, 249795, 125253, 374630, 499465, 125546, 250088, 374923, 125839, 499758, 126132, 500051, 375216, 1996377, 126425]
37, 0x29595b0a90995252b4bfc012d1ab77f8febc345b1edd7559a0db94d563570735, 9898
    [498886, 249509, 1995212, 374344, 499179, 1995505, 249802, 125260, 374637, 499472, 125553, 250095, 125846, 499765, 374930, 126139, 500058, 375223, 1996384, 126432]
38, 0x085df9e69db3c370ad08b30c78f0b3f57f41f88d153cb9ca4fdd3eaff74f0a22, 9898
    [498799, 249422, 1995125, 374257, 499092, 1995418, 125173, 249715, 499385, 374550, 250008, 125466, 374843, 125759, 499678, 126052, 499971, 375136, 1996297, 126345]
39, 0x13beaee586e66013ac301ce9900c6638b403ecc9785e6909978e6c00b35b6313, 9898
    [374113, 498948, 249571, 1995274, 374406, 125029, 499241, 249864, 125322, 374699, 499534, 250157, 125615, 125908, 499827, 374992, 126201, 1996153, 375285, 1996446]
40, 0x31f0c17161a12d768f71f607e09eafc39f4caee50e6bbc4051777a4eec06415d, 9898
    [498784, 249407, 1995110, 374242, 499077, 1995403, 125158, 249700, 374535, 499370, 249993, 125451, 374828, 125744, 499663, 126037, 499956, 375121, 126330, 1996282]
41, 0x1a4dddfd058ebce3f509c04fdb46c82601f171ac0d14694746bf45cf453bb862, 9898
    [498895, 249518, 1995221, 374353, 499188, 1995514, 249811, 125269, 374646, 499481, 125562, 250104, 125855, 499774, 374939, 126148, 500067, 375232, 126441, 1996393]
42, 0x0435204bd2cea4c94b59e589d4942120e1e2de37d448b399cc3943c78aa945a2, 9898
    [374103, 498938, 249561, 1995264, 374396, 125019, 499231, 249854, 125312, 374689, 499524, 250147, 125605, 499817, 125898, 374982, 126191, 500110, 1996143, 375275]
43, 0x03e4e39d7ac22fe45c6a77f814b7924e51eab5f4e3f2748bcb05ed2a6da6f5da, 9898
    [374078, 498913, 249536, 1995239, 374371, 124994, 499206, 249829, 125287, 374664, 499499, 250122, 125580, 125873, 499792, 374957, 126166, 500085, 1996118, 375250]
44, 0x09fa5354fdc3fa1b5fb75642b89ebdb3b11ba0683469e27a365887cdff4de79d, 9898
    [1995055, 374187, 499022, 1995348, 125103, 249645, 374480, 499315, 249938, 125396, 499608, 374773, 125689, 125982, 499901, 375066, 126275, 1996227, 375359, 126568]
45, 0x3e91279de90107e796d1738b188b2b8c3af109135817a4070716dcef8254ee39, 9898
    [1995057, 374189, 499024, 1995350, 125105, 249647, 374482, 499317, 249940, 125398, 499610, 374775, 125691, 125984, 499903, 375068, 126277, 1996229, 375361, 126570]
46, 0x396cf546de35261edc5d9ca750c06134b4d853e9eca9a4186c3a43e5780bc57b, 9898
    [374089, 498924, 249547, 1995250, 374382, 125005, 499217, 249840, 125298, 374675, 499510, 250133, 125591, 125884, 499803, 374968, 126177, 500096, 1996129, 375261]
47, 0x0d59b92b953942a82b7ff2a68e962f3719e5c9ad6ab58ad6e6c3d2b8011dd654, 9898
    [1995029, 374161, 498996, 1995322, 125077, 249619, 374454, 499289, 249912, 125370, 374747, 499582, 125663, 125956, 499875, 375040, 126249, 1996201, 375333, 126542]
48, 0x265311089ed51076019da107e06beb33731cf4b8a57d4829889cf431e88ba9f4, 9898
    [1995047, 374179, 499014, 1995340, 125095, 249637, 374472, 499307, 249930, 125388, 499600, 374765, 125681, 125974, 499893, 375058, 126267, 1996219, 375351, 126560]
49, 0x0171bac60c8944d2b6c5688e6b3e20e982f13606dedeb9bae00509bdc8b26f03, 9898
    [498810, 249433, 1995136, 374268, 499103, 1995429, 125184, 249726, 499396, 374561, 250019, 125477, 374854, 125770, 499689, 126063, 499982, 375147, 1996308, 126356]
50, 0x1acab73812329dea638c92d1e8cbaa1a85b2d59d3c8720b3664bdc4be5171809, 9898
    [498829, 249452, 1995155, 374287, 499122, 1995448, 125203, 249745, 499415, 374580, 125496, 250038, 374873, 125789, 499708, 126082, 500001, 375166, 126375, 1996327]
51, 0x38caffecd1e179b2aaf9fe93b8b2e2b58448b10ba5528f188bcd752728a527fa, 9898
    [1995012, 374144, 498979, 1995305, 125060, 374437, 249602, 499272, 249895, 125353, 374730, 499565, 125646, 499858, 125939, 375023, 250188, 126232, 1996184, 375316]
52, 0x1d9321a8c4660c95e2f07e69c4089d8f23d2bde43b9be5a1eabfe60430cedb3a, 9898
    [498806, 249429, 1995132, 374264, 499099, 1995425, 125180, 249722, 499392, 374557, 250015, 125473, 374850, 125766, 499685, 126059, 499978, 375143, 1996304, 126352]
53, 0x3d6ff70bfaee83fa6d4357c2320aed694d5cc61407df25065f641b4f848cb809, 9898
    [498897, 249520, 1995223, 374355, 499190, 1995516, 249813, 125271, 374648, 499483, 125564, 250106, 125857, 499776, 374941, 126150, 500069, 375234, 126443, 1996395]
54, 0x2a5c3f807e821ddce9b03cdac25dd36e4ac508b536887dc21e78bb20e102731e, 9898
    [498801, 249424, 1995127, 374259, 499094, 1995420, 125175, 249717, 499387, 374552, 250010, 125468, 374845, 125761, 499680, 126054, 499973, 375138, 1996299, 126347]
55, 0x0c1e8b441749ea731b6142ead3ba5f2ed8537a06e10898adc8d1fadaa458957c, 9898
    [498857, 249480, 1995183, 374315, 499150, 1995476, 249773, 125231, 374608, 499443, 125524, 250066, 374901, 125817, 499736, 126110, 500029, 375194, 1996355, 126403]
56, 0x0744f9ba5363fa4b6a6e6f172f8a5c99f41c40120c559b8de9f59da5c17297d1, 9898
    [498854, 249477, 1995180, 374312, 499147, 1995473, 249770, 125228, 374605, 499440, 125521, 250063, 374898, 125814, 499733, 126107, 500026, 375191, 1996352, 126400]
57, 0x0dd96213f2a761675acfa3180fac7b3dab3b697f09b4763740b38503d4d71e1c, 9898
    [374117, 498952, 249575, 1995278, 374410, 125033, 499245, 249868, 125326, 374703, 499538, 250161, 125619, 125912, 499831, 374996, 126205, 1996157, 375289, 1996450]
58, 0x2de198a482a62dc80e0babb4c861972e813fc2f8d894130a6295e7c861d1aa12, 9898
    [374137, 498972, 1995298, 125053, 374430, 249595, 499265, 249888, 125346, 374723, 499558, 250181, 125639, 125932, 499851, 375016, 126225, 1996177, 375309, 1996470]
59, 0x2092c6b6a6a4a05013e15ef2bb3a5e93274760772754e9e1db25a328f8920f66, 9898
    [498805, 249428, 1995131, 374263, 499098, 1995424, 125179, 249721, 499391, 374556, 250014, 125472, 374849, 125765, 499684, 126058, 499977, 375142, 1996303, 126351]
60, 0x3a862b4fb8c4b970080e4a063f95cdfcbbdc7a776b3e0ce9da709ac3f759ec7b, 9898
    [498765, 249388, 1995091, 374223, 499058, 1995384, 125139, 249681, 374516, 499351, 249974, 125432, 499644, 374809, 125725, 126018, 499937, 375102, 1996263, 126311]
61, 0x0e1cfc0c11b7a7e9b1995edb3bc8cbc204e1d97d32f58a1fa52ba471387f4a87, 9898
    [374101, 498936, 249559, 1995262, 374394, 125017, 499229, 249852, 125310, 374687, 499522, 250145, 125603, 499815, 125896, 374980, 126189, 500108, 1996141, 375273]
62, 0x06bf1c3f07bb8205c5d2b5ceaf5f4d394e171dc0c37e50ab16942793021a6c4a, 9898
    [374105, 498940, 249563, 1995266, 374398, 125021, 499233, 249856, 125314, 374691, 499526, 250149, 125607, 499819, 125900, 374984, 126193, 500112, 1996145, 375277]
63, 0x0fe3fbe84dae5bd1a7dbedcc410ca1b701ea7faf87ea83396bd464cad8a6bc23, 9898
    [374086, 498921, 249544, 1995247, 374379, 125002, 499214, 249837, 125295, 374672, 499507, 250130, 125588, 125881, 499800, 374965, 126174, 500093, 1996126, 375258]
64, 0x10183df541459af8b76548f5af858b582d65182655e342dbf6ed19923c21becf, 9898
    [374109, 498944, 249567, 1995270, 374402, 125025, 499237, 249860, 125318, 374695, 499530, 250153, 125611, 499823, 125904, 374988, 126197, 500116, 1996149, 375281]
65, 0x05b340365cd47c91808cb3b02cf9233a8e28e1faa5061873665eeb377984aa8d, 9898
    [498791, 249414, 1995117, 374249, 499084, 1995410, 125165, 249707, 374542, 499377, 250000, 125458, 374835, 125751, 499670, 126044, 499963, 375128, 1996289, 126337]
66, 0x279429360e4b66352a17f5d86f8f7a9ac7552c34846cbd5e588b4f0d5ce964e0, 9898
    [498846, 249469, 1995172, 374304, 499139, 1995465, 125220, 249762, 499432, 374597, 125513, 250055, 374890, 125806, 499725, 126099, 500018, 375183, 1996344, 126392]
67, 0x02e328ac3324c66439e320eb60137aa84f0677d954a4cecd99917b5def7e66c3, 9898
    [498794, 249417, 1995120, 374252, 499087, 1995413, 125168, 249710, 374545, 499380, 250003, 125461, 374838, 125754, 499673, 126047, 499966, 375131, 1996292, 126340]
68, 0x3333e76232779a7c2fe7481564e648b5021023dc763535f464d4d2e371238db9, 9898
    [374104, 498939, 249562, 1995265, 374397, 125020, 499232, 249855, 125313, 374690, 499525, 250148, 125606, 499818, 125899, 374983, 126192, 500111, 1996144, 375276]
69, 0x3d9915702e6d6917088fbf5ec49227abb71c9f9ca4d6172c70a9ce25dd0e2232, 9898
    [1995022, 374154, 498989, 1995315, 125070, 374447, 249612, 499282, 249905, 125363, 374740, 499575, 125656, 125949, 499868, 375033, 126242, 1996194, 375326, 126535]
70, 0x3804718b8b6c01c72a868443d806becc60c0c038a5afa8b8a54be25135e3c7de, 9898
    [498874, 249497, 1995200, 374332, 499167, 1995493, 249790, 125248, 374625, 499460, 125541, 250083, 374918, 125834, 499753, 126127, 500046, 375211, 1996372, 126420]
71, 0x134047ba0e6b6a4c88bcfacb89ea1410018f1a22ca30d84a1c91c140acb0498f, 9898
    [374093, 498928, 249551, 1995254, 374386, 125009, 499221, 249844, 125302, 374679, 499514, 250137, 125595, 125888, 499807, 374972, 126181, 500100, 1996133, 375265]
72, 0x3738d3cafe7fa8612b9bd7a65f2b3f30100f686f5b309ef419ef5887c119e584, 9898
    [498841, 249464, 1995167, 374299, 499134, 1995460, 125215, 249757, 499427, 374592, 125508, 250050, 374885, 125801, 499720, 126094, 500013, 375178, 1996339, 126387]
73, 0x1fdf8d0b21bfa48bd45dad088c9bd20ebdb4a3af12de34238fcf4ad7a4660a0a, 9898
    [1995011, 374143, 498978, 1995304, 125059, 374436, 249601, 499271, 249894, 125352, 374729, 499564, 125645, 499857, 125938, 375022, 250187, 126231, 1996183, 375315]
74, 0x374cdb8b49b0869adb5599c69069f0696443bccb3675a21166a098982b889c33, 9898
    [1995010, 374142, 498977, 1995303, 125058, 374435, 249600, 499270, 249893, 125351, 374728, 499563, 125644, 499856, 125937, 375021, 250186, 126230, 1996182, 375314]
75, 0x3b2192f05cc761686b42c779265a768b67bb891db1b5896b682cfac3b7b57e90, 9898
    [374123, 498958, 1995284, 125039, 374416, 249581, 499251, 249874, 125332, 374709, 499544, 250167, 125625, 125918, 499837, 375002, 126211, 1996163, 375295, 1996456]
76, 0x1c2c7a59d694907a9a861a390ce975ab894d44d0ef8443b32dac57aa61346ad4, 9898
    [1995054, 374186, 499021, 1995347, 125102, 249644, 374479, 499314, 249937, 125395, 499607, 374772, 125688, 125981, 499900, 375065, 126274, 1996226, 375358, 126567]
77, 0x1375f592710314bc30eabcb2a62e15b57660edcd75b56d28a46ec629c28ba837, 9898
    [1995068, 374200, 499035, 1995361, 125116, 249658, 374493, 499328, 249951, 125409, 499621, 374786, 125702, 125995, 499914, 375079, 126288, 1996240, 375372, 126581]
78, 0x195fffd982c815fd33ea2879ebb3134c5955816d944acac284c5bda32944163e, 9898
    [1995049, 374181, 499016, 1995342, 125097, 249639, 374474, 499309, 249932, 125390, 499602, 374767, 125683, 125976, 499895, 375060, 126269, 1996221, 375353, 126562]
79, 0x0248041e85e450515a92e0ae351a9a8407591ce0df1b66ef9310a717292b7d38, 9898
    [1995073, 374205, 499040, 1995366, 125121, 249663, 374498, 499333, 249956, 125414, 499626, 374791, 125707, 126000, 499919, 375084, 126293, 1996245, 375377, 126586]
80, 0x24ffe3ff130e6c57554b3546fb06fac88c10788e9645958361ae6fafb689d499, 9898
    [498848, 249471, 1995174, 374306, 499141, 1995467, 125222, 249764, 499434, 374599, 125515, 250057, 374892, 125808, 499727, 126101, 500020, 375185, 1996346, 126394]
81, 0x12c397f5ede788a944ad992258570f621174620095b8a1aa3c6e5faa5cb57246, 9898
    [374121, 498956, 1995282, 374414, 125037, 249579, 499249, 249872, 125330, 374707, 499542, 250165, 125623, 125916, 499835, 375000, 126209, 1996161, 375293, 1996454]
82, 0x2b92c9b440deff84fdbb0e9d7196801877d15412866eb5db59fea5a1482babcb, 9898
    [1995023, 374155, 498990, 1995316, 125071, 374448, 249613, 499283, 249906, 125364, 374741, 499576, 125657, 125950, 499869, 375034, 126243, 1996195, 375327, 126536]
83, 0x2a7fe24394acbfa8eabf57959438f7967d1e478704064494a270d4cf6023b180, 9898
    [249379, 498756, 1995082, 374214, 499049, 1995375, 125130, 249672, 374507, 499342, 249965, 125423, 499635, 374800, 125716, 126009, 499928, 375093, 126302, 1996254]
84, 0x2f694c123612b0f0e5a7391cefc3f878e27c1f14e1fe986557bf5cb8eb94f67c, 9898
    [498871, 249494, 1995197, 374329, 499164, 1995490, 249787, 125245, 374622, 499457, 125538, 250080, 374915, 125831, 499750, 126124, 500043, 375208, 126417, 1996369]
85, 0x3bdf13fd09599ff48fb61dc8fe578f9e8b11868e79c1636e80a68f750aa020b2, 9898
    [498792, 249415, 1995118, 374250, 499085, 1995411, 125166, 249708, 374543, 499378, 250001, 125459, 374836, 125752, 499671, 126045, 499964, 375129, 1996290, 126338]
86, 0x259da54635b355e5c80d946e449102c8bad37f3bb9e56c6f4ff76a474cee4a02, 9898
    [1995026, 374158, 498993, 1995319, 125074, 249616, 374451, 499286, 249909, 125367, 374744, 499579, 125660, 499872, 125953, 375037, 126246, 1996198, 375330, 126539]
87, 0x1a09a2c77d1cc5be78a53af07b3822783ef9efb6c7abb11f306bf14cacb3661f, 9898
    [498832, 249455, 1995158, 374290, 499125, 1995451, 125206, 249748, 499418, 374583, 125499, 250041, 374876, 125792, 499711, 126085, 500004, 375169, 126378, 1996330]
88, 0x05091de0a9abeaf53eec6c2e7d9898e089018ccd89bed6258ff5440824edbd49, 9898
    [498843, 249466, 1995169, 374301, 499136, 1995462, 125217, 249759, 499429, 374594, 125510, 250052, 374887, 125803, 499722, 126096, 500015, 375180, 1996341, 126389]
89, 0x03c18747006c56bf5bd10a3127d1b132b67f3453d5dad0849ad7d2e549bef036, 9898
    [1995037, 374169, 499004, 1995330, 125085, 249627, 374462, 499297, 249920, 125378, 499590, 374755, 125671, 125964, 499883, 375048, 126257, 1996209, 375341, 126550]
90, 0x34f7d70674e67315309372e47e583295f15dc8467d91d79422248f0a04340444, 9898
    [498820, 249443, 1995146, 374278, 499113, 1995439, 125194, 249736, 499406, 374571, 250029, 125487, 374864, 125780, 499699, 126073, 499992, 375157, 126366, 1996318]
91, 0x2a813211dfcb2932e9e369ee707d6bef4b0caaf671f839aa40420e854938f4a4, 9898
    [498868, 249491, 1995194, 374326, 499161, 1995487, 249784, 125242, 374619, 499454, 125535, 250077, 374912, 125828, 499747, 126121, 500040, 375205, 126414, 1996366]
92, 0x2dbc540a8596f8dba973a03280afed888af0ad1863f66e2e5aaf84742f939b60, 9898
    [498825, 249448, 1995151, 374283, 499118, 1995444, 125199, 249741, 499411, 374576, 250034, 125492, 374869, 125785, 499704, 126078, 499997, 375162, 126371, 1996323]
93, 0x2395bd44c865cb17114f527d992d4361c0d2573877020a00d5c9450a160a5b62, 9898
    [498866, 249489, 1995192, 374324, 499159, 1995485, 249782, 125240, 374617, 499452, 125533, 250075, 374910, 125826, 499745, 126119, 500038, 375203, 126412, 1996364]
94, 0x12cf4a1b977d11d74d0f496bd2480703a830f1845f8819f71e68fa926e9406d2, 9898
    [374133, 498968, 1995294, 125049, 374426, 249591, 499261, 249884, 125342, 374719, 499554, 250177, 125635, 125928, 499847, 375012, 126221, 1996173, 375305, 1996466]
95, 0x172c3150c8d615fa3a64018738b35fa6f4f4ab12bee635c6bb410db1d1dc0a19, 9898
    [498803, 249426, 1995129, 374261, 499096, 1995422, 125177, 249719, 499389, 374554, 250012, 125470, 374847, 125763, 499682, 126056, 499975, 375140, 1996301, 126349]
96, 0x22e38b3514ba284ca0c9c8b8877c41266ce4643b72342677a4087f6c9be7275a, 9898
    [498873, 249496, 1995199, 374331, 499166, 1995492, 249789, 125247, 374624, 499459, 125540, 250082, 374917, 125833, 499752, 126126, 500045, 375210, 1996371, 126419]
97, 0x11dd0418bb466198b47e4e30408ca9896ef9d73cabe0cf980d8804efc2834a65, 9898
    [498815, 249438, 1995141, 374273, 499108, 1995434, 125189, 249731, 499401, 374566, 250024, 125482, 374859, 125775, 499694, 126068, 499987, 375152, 126361, 1996313]
98, 0x3cae4d11ea0573b4701d502fb20494e5e482d92fd48e6396f12c24d5d3cb703b, 9898
    [498835, 249458, 1995161, 374293, 499128, 1995454, 125209, 249751, 499421, 374586, 125502, 250044, 374879, 125795, 499714, 126088, 500007, 375172, 126381, 1996333]
99, 0x22cc03cc0eaa2e987387c8705530b2a9c056acc695a806c33d8124525525f75b, 9898
    [374125, 498960, 1995286, 125041, 374418, 249583, 499253, 249876, 125334, 374711, 499546, 250169, 125627, 125920, 499839, 375004, 126213, 1996165, 375297, 1996458]
