scalars length: 9722443
freq>1000 (count, total, %):         33,    5389407,      55.43%
freq>500  (count, total, %):         83,    5420868,      55.76%
freq>100  (count, total, %):      10742,    7041614,      72.43%
freq>20   (count, total, %):      10746,    7041955,      72.43%

top 100 values:
 0, 0x0000000000000000000000000000000000000000000000000000000000000000, 5279669
    [2430610, 2430611, 4861221, 4861222, 4861223, 4861224, 4861225, 4861226, 4861227, 4861228, 4861229, 4861230, 4861231, 4861232, 4861233, 4861234, 4861235, 4861236, 4861237, 4861238]
 1, 0x0000000000000000000000000000000000000000000000000000000000000001, 13444
    [2, 15, 4861912, 4861924, 4861928, 4861932, 4861944, 4861964, 4861968, 4861972, 4862216, 4862225, 4862233, 1216286, 1216289, 1216308, 4863233, 4863235, 4863239, 4863251]
 2, 0x00000000000000000000000000000000d791dbc8a0f95811391c480160fc18ef, 5513
    [1215939, 4863325, 4863367, 4863375, 4863377, 4863400, 1592, 1601, 1633, 1673, 1747, 1776, 1786, 1794, 1808, 1813, 1851, 1872, 2736, 2742]
 3, 0x0000000000000000000000000000000224cb3c9416eaea535dbe69e988c1bc6a, 5502
    [4862959, 1216890, 1216893, 1216895, 1216931, 1217031, 1217056, 1217068, 1628, 1654, 1703, 1707, 1717, 1765, 1787, 1789, 1792, 1804, 1842, 1853]
 4, 0x40000000000000000000000000000000224698fc0994a8dd8c46eb2100000000, 5442
    [4861927, 4861933, 4861945, 4861967, 4861973, 4862219, 1216307, 1216405, 4863236, 4863240, 4863252, 4863270, 4863294, 4863305, 1897, 612067, 612165, 4116, 4117, 4126]
 5, 0x00000000000000000000000000000000507f303fce23a3978189df1f5457a562, 5231
    [1215895, 1215958, 1215961, 1216056, 4863910, 4863913, 4863915, 4863951, 4864051, 4864076, 4864088, 1587, 1600, 4865040, 4865050, 4865063, 1624, 1647, 1876, 2698]
 6, 0x00000000000000000000000000000000507f303fce23a3978189df1f5457a563, 5021
    [0, 8, 1609, 1611, 1622, 1643, 1650, 1714, 1716, 1720, 1820, 1866, 2685, 2763, 2776, 2848, 2852, 2879, 2889, 2892]
 7, 0x00000000000000000000000000000000b840cf4adea9e71c28202a7ca5762fbe, 4971
    [4861841, 4861854, 1216814, 1216815, 1216823, 1216858, 1216860, 1634, 1653, 1674, 1679, 1730, 1742, 1856, 2669, 2696, 2710, 2722, 2737, 2754]
 8, 0x3fffffffffffffffffffffffffffffffd1c768bc3b7105460abd0c01aba85a9f, 4867
    [1215962, 1216057, 1216078, 4863928, 4863950, 4864132, 4864911, 4865062, 4865064, 4865065, 1737, 2916, 611722, 611817, 611838, 309602, 309697, 309718, 2436100, 2436140]
 9, 0x0000000000000000000000000000000044796140c924078e7af8184c2df7ce5a, 4712
    [4862915, 4862978, 1216213, 1216215, 1216216, 1216219, 1216231, 4863076, 1216299, 1216300, 1669, 1676, 1726, 1728, 1755, 1806, 1857, 2675, 2687, 2690]
10, 0x0000000000000000000000000000000128110c086f1cfba8baa62720b553be52, 4328
    [1, 4861844, 4861865, 4861929, 4861969, 4862009, 4862021, 4862049, 4862061, 4862089, 4862101, 4862129, 4862141, 4862169, 4862181, 4862214, 1216302, 4863322, 1597, 1626]
11, 0x3fffffffffffffffffffffffffffffff4ab4bd33689b50cc532aa31f9f03e712, 4126
    [2430976, 2430982, 4863326, 4863368, 4863374, 4863378, 4863414, 1796, 1809, 3649280, 1826736, 1826742, 2434195, 2434217, 2434223, 2434483, 2435520, 2435544, 2435555, 2435575]
12, 0x00000000000000000000000000000001e051db534dc6e2c4e2c6519d5ac9ee10, 3951
    [4861847, 4861851, 4862264, 4862270, 4862275, 4862276, 4862830, 4862882, 4863210, 4865028, 1638, 1689, 1693, 1706, 1733, 1739, 1745, 1807, 1843, 1844]
13, 0x3fffffffffffffffffffffffffffffffddcd37bb4070a14f114ed2d4d20831a7, 3606
    [1216232, 1216250, 4863077, 1216274, 1216285, 4863086, 305346, 305352, 608636, 306516, 610724, 2828, 2829, 610973, 1825770, 611992, 612010, 612034, 612045, 308604]
14, 0x3ffffffffffffffffffffffffffffffdfd7b5c67f2a9be8a2e888137773e4397, 3466
    [1216908, 1216930, 1217112, 1217891, 1218042, 1218044, 1218045, 612668, 612690, 612872, 613651, 613802, 613804, 613805, 310548, 310570, 310752, 4869516, 4869522, 311531]
15, 0x00000000000000000000000000000001d44c0c5448c746bbdc348aca346a1707, 3380
    [1652, 1672, 1686, 1793, 1861, 1879, 2670, 2689, 2691, 2769, 2840, 2853, 2869, 2930, 2434191, 5430, 5472, 5484, 5493, 5749]
16, 0x0000000000000000000000000000000128110c086f1cfba8baa62720b553be51, 3302
    [1215810, 1215862, 4861901, 4861905, 4861907, 4861981, 4862241, 1216190, 1593, 1646, 1705, 1743, 1754, 1834, 1218008, 610587, 610588, 610591, 2686, 2711]
17, 0x3fffffffffffffffffffffffffffffff6a05c9b12aeac1c16426c0a45a89d043, 3220
    [1216830, 1216888, 1216889, 1749, 1750, 1751, 1797, 610684, 2870, 2908, 308564, 612590, 612648, 612649, 2436178, 2436200, 2436382, 2437161, 2437312, 2437314]
18, 0x00000000000000000000000000000001e051db534dc6e2c4e2c6519d5ac9ee0f, 2787
    [4863487, 1595, 1605, 1667, 1736, 1783, 1868, 2671, 2676, 2692, 2707, 2716, 2842, 2910, 2955, 5405, 5445, 5492, 5701, 5742]
19, 0x0000000000000000000000000000000224cb3c9416eaea535dbe69e988c1bc69, 2670
    [1698, 1782, 1870, 2702, 2703, 2723, 2764, 2811, 2816, 2822, 2844, 2929, 2940, 2942, 2434094, 2434100, 2434115, 2434179, 2434219, 2434259]
20, 0x000000000000000000000000000000018fd2ab137fa33f2d613c727e067248ad, 2539
    [4863306, 4863309, 1594, 1617, 1658, 1685, 1699, 1708, 1772, 1785, 1817, 2712, 2713, 2732, 2738, 2753, 2762, 2777, 2849, 2904]
21, 0x00000000000000000000000000000000fcba308ba7cdeeaaa31842c8d36dfe18, 2397
    [1585, 1598, 1613, 1620, 1648, 1721, 1734, 1826, 2709, 2720, 610664, 2782, 2859, 2900, 2936, 2947, 308544, 2434151, 2434155, 5413]
22, 0x3fffffffffffffffffffffffffffffffd1c768bc3b7105460abd0c01aba85a9e, 2218
    [79, 1821, 1912, 5335, 5336, 5345, 5357, 5374, 5375, 5384, 5396, 4874097, 4874215, 3665617, 3665735, 2457137, 2457255, 4883425, 4883446, 4883484]
23, 0x0000000000000000000000000000000000000000000000000000000000000002, 1788
    [4861916, 4861956, 4861990, 4863254, 2434527, 2435147, 2435227, 2435393, 1830287, 3653436, 3653476, 3653510, 1830907, 1830987, 1831153, 3654774, 1226047, 1226667, 1226747, 1226913]
24, 0x3ffffffffffffffffffffffffffffffe41f4bda8bbcdc618a9809983a53611f1, 1546
    [4862274, 4862896, 4862976, 4863142, 4863192, 4865027, 4865029, 2435675, 3653794, 3654416, 3654496, 1831435, 3654662, 3654712, 3656547, 3656549, 1227195, 622955, 2445314, 2445936]
25, 0x3ffffffffffffffffffffffffffffffe9273ede889f169b02b0a78a2f98db754, 1415
    [4863307, 4863425, 3654827, 3654945, 4873064, 4873686, 4873766, 4873932, 4873982, 4875817, 4875819, 4875824, 2446347, 2446465, 1842107, 1842225, 3664584, 3665206, 3665286, 3665452]
26, 0x3ffffffffffffffffffffffffffffffefa358cf39a77ad34d1a0c4004aac41b0, 1414
    [1215876, 4861904, 1215956, 1216122, 1216172, 1218007, 1218009, 611014, 611636, 611716, 611882, 611932, 2434177, 2434183, 308894, 613767, 613769, 309516, 309596, 309762]
27, 0x3fffffffffffffffffffffffffffffff258c687061c6ba32e92ea8582c9201e9, 1281
    [2434154, 1829914, 1225674, 621434, 17194, 319314, 3687315, 4895795, 2478835, 1874595, 4905434, 4906056, 3696954, 4906136, 4906302, 4906352, 3697576, 666115, 1270355, 3697656]
28, 0x3e20d430c548c9f709d5bf7013b5f941d7a743062fe2dc03fdd726282e7432e2, 1280
    [4862006, 4862046, 4862086, 4862126, 4862166, 610746, 610786, 610826, 610866, 610906, 308626, 308666, 308706, 308746, 308786, 3653526, 3653566, 3653606, 3653646, 3653686]
29, 0x3ffffffffffffffffffffffffffffffd41435bd08eed0c6cebc6412e6a274109, 1158
    [4861842, 4861855, 1216870, 610686, 308566, 612630, 2436164, 2436302, 2436339, 3653362, 3653375, 310510, 1831924, 1832062, 1832099, 1227684, 1227822, 1227859, 623444, 623582]
30, 0x000000000000000000000000000000016c8a6d4938410337359e3f6ce34b8cac, 1104
    [4861941, 1663, 1675, 1780, 1825, 1830, 1838, 2667, 2684, 2729, 610721, 2850, 2874, 610981, 2926, 2933, 308601, 308861, 5427, 5433]
31, 0x00000000000000000000000000000000a0fe607f9c47472f0313be3ea8af4ac4, 1030
    [4864091, 4865052, 2434200, 2436096, 2436132, 1829960, 1831856, 1831892, 3655611, 3656572, 1225720, 621480, 1227616, 1227652, 623376, 623412, 2447131, 2448092, 1842891, 17240]
32, 0x00000000000000000000000000000001af23b79141f2b02272389002c1f831de, 1029
    [2434206, 2434240, 2435490, 1829966, 1830000, 1831250, 1225726, 1225760, 1227010, 621486, 621520, 622770, 17246, 17280, 18530, 319366, 319400, 320650, 4885426, 4885462]
33, 0x0000000000000000000000000000000108bfff8aaccd8ab3a9aa099bf9cdd521, 989
    [1586, 1649, 1684, 1744, 1800, 1875, 2705, 2740, 2744, 2814, 2937, 5423, 5511, 5670, 5733, 5804, 5805, 5861, 5881, 5972]
34, 0x3ffffffffffffffffffffffffffffffefa358cf39a77ad34d1a0c4004aac41af, 900
    [4861845, 4861866, 88, 4862251, 4862262, 610644, 2876, 610991, 611002, 308524, 308871, 308882, 3653365, 3653386, 3653771, 3653782, 2444885, 2444906, 2445291, 2445302]
35, 0x0000000000000000000000000000000044796140c924078e7af8184c2df7ce5b, 861
    [4863073, 4863113, 1610, 1641, 1665, 1741, 1788, 1790, 2699, 2725, 2743, 2750, 2823, 2860, 2896, 2931, 5429, 5454, 5479, 5504]
36, 0x40000000000000000000000000000000224698fc0994a8dd8c46eb20ffffffff, 774
    [1216293, 4863262, 612053, 309933, 3654782, 4874143, 4874166, 4874186, 2446302, 1842062, 17660, 3665663, 3665686, 3665706, 1237822, 633582, 2457183, 2457206, 2457226, 28605]
37, 0x0000000000000000000000000000000111e5850324901e39ebe06130b7df3968, 772
    [1216234, 1216238, 610961, 611994, 611998, 308841, 309874, 309878, 4885497, 4885532, 3677017, 3677052, 4886636, 3678156, 2468537, 2468572, 2469676, 39091, 1864297, 1864332]
38, 0x3ffffffffffffffffffffffffffffffe41f4bda8bbcdc618a9809983a53611f2, 772
    [4872717, 4872723, 4872757, 4872763, 4873041, 4873052, 3664237, 3664243, 3664277, 3664283, 3664561, 3664572, 2455757, 2455763, 2455797, 2455803, 2456081, 2456092, 1851517, 1851523]
39, 0x3fffffffffffffffffffffffffffffff106113f8e5048aa3a06689f04820c699, 770
    [1216242, 610726, 1825481, 612002, 308606, 309882, 1221241, 617001, 12761, 314881, 4885669, 3677189, 2468709, 1864469, 3685732, 3685745, 4894212, 4894225, 1260229, 2477252]
40, 0x0000000000000000000000000000000000000000000000000000000000000004, 769
    [1216295, 612055, 2434098, 2434515, 309935, 1829858, 1830275, 1225618, 1226035, 621378, 621795, 17138, 17555, 17690, 319258, 319675, 39167, 4907077, 4907112, 3698597]
41, 0x000000000000000000000000000000000000000000000000000000000000000c, 769
    [4861914, 4861954, 4862227, 4862229, 2435298, 3653434, 3653474, 3653747, 3653749, 1831058, 1226818, 622578, 2444954, 2444994, 2445267, 2445269, 1840714, 1840754, 1841027, 1841029]
42, 0x178b3f779391eb0fc3ee038c2b719f2c1eaeec279c1ffc2edf1801d278ced53f, 768
    [4872760, 4872800, 4872840, 4872880, 4872920, 4872960, 3664280, 3664320, 3664360, 3664400, 3664440, 3664480, 2455800, 2455840, 2455880, 2455920, 2455960, 2456000, 1851560, 1851600]
43, 0x00000000000000000000000000000003c5f642fda9abab1a12767577f41bc098, 766
    [1216068, 611828, 309708, 4884628, 3676148, 2467668, 1863428, 3685844, 3686117, 3686119, 1259188, 4894324, 4894597, 4894599, 654948, 2477364, 2477637, 2477639, 1873124, 1873397]
44, 0x267ecbd9eb8ab9ae39e773cbd9bf95b908e28d7cda762def7b0d69ff01a966f9, 762
    [4905126, 4905166, 4905206, 4905246, 4905286, 4905326, 3696646, 3696686, 3696726, 3696766, 3696806, 3696846, 1883926, 1883966, 1884006, 1884046, 1884086, 1884126, 2488166, 2488206]
45, 0x000000000000000000000000000000014d3960cb75f1924224a221e827c5a37a, 742
    [1216053, 1216093, 1623, 1661, 1664, 1668, 1695, 1709, 1740, 1757, 1769, 1770, 1846, 1858, 2674, 2708, 2790, 2807, 2808, 2834]
46, 0x000000000000000000000000000000018fd2ab137fa33f2d613c727e067248ae, 738
    [1588, 1621, 1656, 1719, 1855, 2664, 2673, 2747, 610681, 2778, 2779, 2788, 2789, 2939, 2944, 2949, 308561, 5411, 5416, 5421]
47, 0x24664e532d6dd820af4d0a47693e4fad6c47a69d704c863a00ee5f42e95f2940, 648
    [4861940, 4861980, 1216292, 4863253, 612052, 309932, 3653460, 3653500, 3654773, 2444980, 2445020, 2446293, 1840740, 1840780, 1842053, 17599, 17639, 17653, 17669, 1236500]
48, 0x1276b06a56ef033306e7750717716f900162d0582e0d31af5c259ab7f3799145, 645
    [2434256, 2434296, 2434336, 2434376, 2434416, 1830016, 1830056, 1830096, 1830136, 1830176, 1225776, 1225816, 1225856, 1225896, 1225936, 621536, 621576, 621616, 621656, 621696]
49, 0x32c18c3e7fb6f6c91b553f566ce012b4d5f92376d9475f49458f5270a57cab51, 645
    [4883586, 4883626, 4883666, 4883706, 4883746, 3675106, 3675146, 3675186, 3675226, 3675266, 2466626, 2466666, 2466706, 2466746, 2466786, 1862386, 1862426, 1862466, 1862506, 1862546]
50, 0x2e198e059a8dad4e1783ee728460244e2d49d74bd87198e1b0cd5eaebe119f8e, 645
    [38876, 38916, 38956, 38996, 39036, 3685896, 3685936, 3685976, 3686016, 3686056, 4894376, 4894416, 4894456, 4894496, 4894536, 2477416, 2477456, 2477496, 2477536, 2477576]
51, 0x3fffffffffffffffffffffffffffffff9953d67a774c99c09656ba88a410634d, 644
    [4863094, 2435626, 1831386, 3654614, 1227146, 622906, 4872742, 4874680, 2446134, 1841894, 3664262, 18666, 3666200, 1237654, 320786, 633414, 2455782, 2457720, 1851542, 29174]
52, 0x0000000000000000000000000000000a1ad64d678bb020cead5360108bd12b34, 644
    [1216028, 4863357, 611788, 2434204, 2434479, 309668, 2435510, 1829964, 1830239, 1831270, 3654877, 1225724, 1225999, 1227030, 621484, 621759, 622790, 2446397, 1842157, 17244]
53, 0x3ffffffffffffffffffffffffffffffdfd7b5c67f2a9be8a2e888137773e4398, 644
    [2434501, 2434512, 2435577, 4867689, 1830261, 1830272, 1831337, 1226021, 1226032, 4870686, 1227097, 621781, 621792, 622857, 3659209, 3662206, 17541, 17552, 2450729, 18617]
54, 0x00000000000000000000000000000002e1033d2b7aa79c70a080a9f295d8bef8, 644
    [1216864, 612624, 2436167, 2436202, 2437306, 310504, 1831927, 1831962, 1833066, 1227687, 1227722, 623447, 623482, 1228826, 624586, 19207, 19242, 20346, 321327, 321362]
55, 0x3ffffffffffffffffffffffffffffffe7322e16ac7a1f8bb1a0e5b1e3e07ce23, 643
    [4863376, 4863396, 3654896, 3654916, 2446416, 2446436, 1842176, 1842196, 1237936, 1237956, 633696, 633716, 4883538, 29456, 29476, 3675058, 2466578, 331576, 331596, 1862338]
56, 0x2bb651823ced3936a9d7c0efb8556938d34647e0c07d6dfba5abf6ca2ae92229, 643
    [4872812, 4872852, 4872892, 4872932, 4872972, 3664332, 3664372, 3664412, 3664452, 3664492, 2455852, 2455892, 2455932, 2455972, 2456012, 1851612, 1851652, 1851692, 1851732, 1851772]
57, 0x3ffffffffffffffffffffffffffffffeb1c4fa664c40daa53c069627b513a085, 642
    [4863329, 610698, 308578, 3654849, 2446369, 1842129, 1237889, 633649, 4884933, 29409, 3676453, 331529, 2467973, 1863733, 1259493, 3687266, 3687286, 4895746, 4895766, 655253]
58, 0x3fffffffffffffffffffffffffffffff8148387c6d4d61ae89332ce25750b53d, 641
    [4863916, 4864052, 3655436, 3655572, 2446956, 2447092, 1842716, 1842852, 1238476, 1238612, 634236, 634372, 29996, 30132, 332116, 332252, 40180, 3687152, 4895632, 2478672]
59, 0x274fe657863b0009c92eb0575531eb7072178fac5c55e635d89d28180a651e8a, 640
    [4872796, 4872836, 4872876, 4872916, 4872956, 3664316, 3664356, 3664396, 3664436, 3664476, 2455836, 2455876, 2455916, 2455956, 2455996, 1851596, 1851636, 1851676, 1851716, 1851756]
60, 0x3ffffffffffffffffffffffffffffffe4dfa8ca7c0cd6221b0126056cb95e8fa, 634
    [3686967, 4895447, 2478487, 1874247, 4905087, 4905093, 3696607, 3696613, 4905411, 4905422, 3696931, 3696942, 665767, 1270007, 1883887, 1883893, 1884211, 1884222, 2488127, 2488133]
61, 0x40000000000000000000000000000000224698fc0994a8dd8c46eb20fffffffd, 518
    [1216309, 612069, 309949, 4868261, 10738, 11605, 3659781, 17723, 2451301, 1847061, 21239, 638581, 1242821, 4884674, 3676194, 32318, 2467714, 1863474, 336461, 1259234]
62, 0x1b2e17612a34f16b07f7ffe65e8e354fefcb811ea3779ee5fdb32a15b5b97cfc, 516
    [4883857, 4884477, 4884557, 4884723, 3675377, 3675997, 3676077, 3676243, 2466897, 2467517, 2467597, 2467763, 1862657, 1863277, 1863357, 1863523, 1258417, 1259037, 1259117, 1259283]
63, 0x3ffffffffffffffffffffffffffffffeb5bc2bb2d153a5a656a8abb41cb47355, 516
    [4878479, 4881476, 3669999, 3672996, 4884906, 4884948, 2461519, 3676426, 3676468, 2464516, 1857279, 1253039, 2467946, 2467988, 1860276, 648799, 1256036, 1863706, 1863748, 651796]
64, 0x3ffffffffffffffffffffffffffffff607704b947de4880edef38b10742ed4cd, 516
    [4863398, 2434473, 2434485, 2435514, 1830233, 1830245, 1831274, 3654918, 1225993, 1226005, 1227034, 621753, 621765, 622794, 2446438, 1842198, 17513, 17525, 18554, 319633]
65, 0x36faa47a389a825f44e90bc1864f0dc117eaa556ddd2fb42a56e10d252e7fbdc, 515
    [4873067, 4873687, 4873767, 4873933, 3664587, 3665207, 3665287, 3665453, 2456107, 2456727, 2456807, 2456973, 1851867, 1852487, 1852567, 1852733, 1247627, 643387, 1248247, 1248327]
66, 0x0000000000000000000000000000000228c26de09bfdb55478607f75f0628f3a, 515
    [2436341, 2437301, 1832101, 1833061, 1227861, 623621, 1228821, 624581, 19381, 20341, 321501, 322461, 4884834, 3676354, 2467874, 1863634, 1259394, 3687278, 4895758, 655154]
67, 0x40000000000000000000000000000000224698fc0994a8dd8c46eb20fffffff5, 515
    [4862235, 1216297, 4863264, 612057, 309937, 3653755, 3654784, 9508, 2445275, 2446304, 1841035, 1842064, 1236795, 632555, 1237824, 633584, 28608, 29532, 330435, 331464]
68, 0x0000000000000000000000000000000286b59359e2ec0833ab54d80422f44acd, 515
    [4863388, 2434469, 1830229, 3654908, 1225989, 621749, 2446428, 1842188, 17509, 319629, 1237948, 633708, 29468, 4885464, 3676984, 331588, 2468504, 1864264, 1260024, 3688946]
69, 0x124549a0ed82414fa6e5bccc0af742705bd8c3f803d190ce022ff5694710cb13, 515
    [610703, 308583, 4883537, 4883545, 4883583, 3675057, 3675065, 3675103, 2466577, 2466585, 2466623, 1862337, 1862345, 1862383, 1258097, 1258105, 1258143, 653857, 653865, 653903]
70, 0x0000000000000000000000000000000335b08f096db05aadc3a12392279dac38, 515
    [610969, 308849, 2435607, 2435642, 1831367, 1831402, 1227127, 1227162, 622887, 622922, 18647, 18682, 320767, 320802, 40128, 4906208, 3697728, 1885008, 2489248, 4916179]
71, 0x000000000000000000000000000000035e476f2283e56044e471200583f063bc, 514
    [2435504, 1831264, 1227024, 622784, 18544, 320664, 4884935, 3676455, 2467975, 1863735, 1259495, 3687807, 3687842, 4896287, 4896322, 655255, 2479327, 2479362, 1875087, 1875122]
72, 0x3fc6c359dd8236d3642f198adef0d71fdac1d949dcaf354742b855e65ce1b708, 514
    [1215955, 1215964, 611715, 611724, 309595, 309604, 2435507, 2435509, 1831267, 1831269, 1227027, 1227029, 622787, 622789, 18547, 18549, 320667, 320669, 4916925, 4916934]
73, 0x3ffffffffffffffffffffffffffffffdba022db4f75064db398e10736249bed7, 514
    [608630, 306510, 2432528, 610957, 308837, 1828288, 2435650, 1831410, 1224048, 619808, 1227170, 622930, 15568, 18690, 317688, 320810, 4913840, 1892640, 4916167, 2496880]
74, 0x00000000000000000000000000000008a309b7826ff6d551e181fdd7c18a3ce8, 514
    [4883809, 4884840, 3675329, 3676360, 2466849, 2467880, 1862609, 1863640, 1258369, 1259400, 3687247, 654129, 4895727, 655160, 2478767, 1874527, 4906248, 666047, 1270287, 3697768]
75, 0x3ffffffffffffffffffffffffffffffcc3ff29d985af4898a7d5cb1b7c0f9c45, 514
    [3648991, 2440511, 1836271, 1232031, 627791, 23551, 4883526, 325671, 3675046, 2466566, 1862326, 1258086, 653846, 3687804, 3687979, 4896284, 4896459, 2479324, 2479499, 1875084]
76, 0x3ffffffffffffffffffffffffffffffee049d7fcd1061a7f861f6ea3aea16a79, 513
    [1216074, 4863914, 4864089, 611834, 309714, 3655434, 3655609, 2446954, 2447129, 1842714, 1842889, 1238474, 1238649, 634234, 634409, 29994, 30169, 332114, 332289, 3692151]
77, 0x001e988cf84423c5956f3eb27973b0abd6554473d564fd022e8a29846014bd70, 512
    [4862277, 4862897, 4862977, 4863143, 3653797, 3654417, 3654497, 3654663, 2445317, 2445937, 2446017, 2446183, 1841077, 1841697, 1841777, 1841943, 1236837, 1237457, 1237537, 1237703]
78, 0x2aeb3141f2e0c0d6a916a4d44df87d0f70a5d18ccdad4827cf9af8102655f03d, 512
    [1215877, 1215957, 1216123, 611017, 611637, 611717, 611883, 308897, 309517, 309597, 309763, 4916227, 4916847, 4916927, 4917093, 1895027, 1895647, 1895727, 2499267, 1895893]
79, 0x0441efa485d9d0f997c45e364bf1d41aca69c20483174a2212380e35f582987f, 512
    [4861917, 4861925, 4861957, 4861965, 3653437, 3653445, 3653477, 3653485, 2444957, 2444965, 2444997, 2445005, 1840717, 1840725, 1840757, 1840765, 1236477, 1236485, 1236517, 1236525]
80, 0x1d0a430f0bf46beeb7679f0c3d138240959202ef7bada98fd3674487205bd73e, 512
    [2436099, 1831859, 1227619, 623379, 19139, 321259, 4884555, 4884564, 3676075, 3676084, 2467595, 2467604, 1863355, 1863364, 1259115, 1259124, 654875, 654884, 4906514, 3698034]
81, 0x1504eb22e0e276721a3e2d8d94635318e913ee0cfed0d691a952e22e3a3dd483, 512
    [4905437, 4906057, 3696957, 4906137, 4906303, 3697577, 3697657, 1884237, 3697823, 1884857, 1884937, 2488477, 1885103, 2489097, 2489177, 2489343, 675757, 676377, 1279997, 676457]
82, 0x1228bbdb62cf73ca4ce10ba7e4dd43116e624ffb09fe00680cca805f6491158b, 508
    [3686167, 3686787, 3686867, 3687033, 4894647, 4895267, 4895347, 4895513, 2477687, 2478307, 2478387, 2478553, 1873447, 1874067, 1874147, 1874313, 1269207, 664967, 1269827, 665587]
83, 0x0000000000000000000000000000000108bfff8aaccd8ab3a9aa099bf9cdd520, 481
    [1625, 1645, 1700, 1701, 1795, 2677, 2697, 2727, 2728, 2746, 2880, 2886, 2893, 2925, 2956, 5404, 5434, 5456, 5461, 5466]
84, 0x00000000000000000000000000000000d791dbc8a0f95811391c480160fc18f0, 476
    [4863319, 4863320, 1584, 1591, 1614, 1616, 1627, 1671, 1677, 1680, 1683, 1687, 1854, 2678, 2783, 2792, 2801, 2898, 2950, 5410]
85, 0x0b6bbf9fc27365ec95f6c7957ff958536ee31ed393cb3e3f8f3ad37ccd9ff506, 390
    [4868270, 4868559, 10169, 4871077, 11036, 3659790, 3660079, 3662597, 2451310, 2451599, 20959, 1847070, 1847359, 2454117, 638590, 1849877, 1242830, 638879, 1243119, 641397]
86, 0x0000000000000000000000000000000088f2c28192480f1cf5f030985bef9cb4, 388
    [4872736, 4874636, 4874674, 3664256, 3666156, 3666194, 2455776, 2457676, 2457714, 1851536, 1853436, 1853474, 1247296, 643056, 1249196, 1249234, 644956, 644994, 38816, 40716]
87, 0x165a16a00f0122db1cfe292bf1bcc1dd4c6681fc9bf416f85332cb6ea724a87e, 387
    [4879060, 4879349, 3670580, 4881867, 3670869, 3673387, 2462100, 2462389, 2464907, 1857860, 1858149, 1253620, 1253909, 1860667, 649380, 649669, 1256427, 652187, 45140, 45429]
88, 0x3ffffffffffffffffffffffffffffff8377db0c47847baa7d2e517c5e3ebf2d7, 387
    [4883578, 4884838, 4884844, 3675098, 3676358, 3676364, 2466618, 2467878, 2467884, 1862378, 1863638, 1863644, 1258138, 1259398, 1259404, 653898, 655158, 655164, 351778, 49658]
89, 0x3fffffffffffffffffffffffffffffff30c9083c9f29be1707a94dc302f90fdb, 387
    [2436144, 1831904, 1227664, 623424, 4872632, 4872645, 3664152, 3664165, 19184, 321304, 2455672, 2455685, 1851432, 1851445, 1247192, 1247205, 642952, 642965, 38712, 38725]
90, 0x33ab216d954310a2518c9ca20ae68982782e5347087f3ce8c2adddbd263d6d51, 387
    [2435311, 2435461, 1831071, 1831221, 1226831, 1226981, 622591, 622741, 17730, 18501, 320471, 320621, 4884681, 3676201, 2467721, 39310, 1863481, 1259241, 655001, 352881]
91, 0x3fffffffffffffffffffffffffffffff8148387c6d4d61ae89332ce25750b53b, 387
    [4874100, 3665620, 2457140, 4883843, 1852900, 3675363, 1248660, 644420, 2466883, 1862643, 1258403, 654163, 342300, 4905118, 3696638, 1883918, 2488158, 352043, 49923, 675438]
92, 0x0c54de926abcef5dae73635df519767daa1845b501156bf4c9990d63d9c292b0, 387
    [4862240, 2434114, 1829874, 2437287, 3653760, 1833047, 1225634, 621394, 1228807, 624567, 2445280, 1841040, 17154, 20327, 1236800, 319274, 632560, 322447, 28621, 330440]
93, 0x19117fde940229470e7690c9c63124010aaa6fd046963ad7719a41d9ddf2f005, 387
    [4863369, 4863387, 2434230, 1829990, 3654889, 3654907, 1225750, 621510, 2446409, 2446427, 1842169, 1842187, 17270, 319390, 1237929, 1237947, 633689, 633707, 29449, 29467]
94, 0x39c752199760fd302bb80576ab89e10e1e2aae04d9a8619231bd2a53cb4b94ef, 387
    [2432537, 1825490, 1825779, 1828297, 1221250, 1221539, 617010, 617299, 1224057, 619817, 12770, 13059, 314890, 15577, 315179, 317697, 4922220, 4922509, 4925027, 1901020]
95, 0x101c32466c78c107df843c386b40ff86e394cb15ee0cbc42b902da4efea17f12, 387
    [3649000, 3649289, 3651807, 2440520, 2440809, 2443327, 1836280, 1836569, 1839087, 1232040, 1232329, 627800, 628089, 1234847, 630607, 23560, 23849, 26367, 325680, 325969]
96, 0x0bd5808a504937d85e5c90bd8afcfcc84eed75bf7af12429833a145255ae3d2c, 386
    [1216249, 612009, 309889, 4884983, 3676503, 4886621, 3678141, 2468023, 2469661, 1863783, 1865421, 1259543, 1261181, 655303, 656941, 51063, 353183, 52701, 354821, 4917219]
97, 0x16c9f485c6841a74b5757f6e495a9ba268df32d345c7208adb5301a6bc3f6b64, 386
    [4862975, 4862984, 3654495, 3654504, 2446015, 2446024, 1841775, 1841784, 1237535, 1237544, 633295, 633304, 29055, 29064, 331175, 331184, 3686785, 4895265, 2478305, 1874065]
98, 0x00000000000000000000000000000000f17d90bf6a6aeac6849d9d5dfd06f026, 386
    [4865056, 2436134, 1831894, 3656576, 1227654, 623414, 2448096, 1843856, 19174, 1239616, 321294, 635376, 31136, 333256, 40185, 4906548, 3698068, 1885348, 2489588, 676868]
99, 0x3ffffffffffffffffffffffffffffffe876e517752bc7b86aa765957ec3129e5, 386
    [4874625, 3666145, 2457665, 1853425, 4885491, 3677011, 1249185, 644945, 2468531, 40705, 1864291, 1260051, 655811, 342825, 4906218, 3697738, 1885018, 2489258, 51571, 353691]
281108]
