scalars length: 7980043
freq>1000 (count, total, %):        719,    6111157,      76.58%
freq>500  (count, total, %):       1054,    6392171,      80.10%
freq>100  (count, total, %):       3874,    6998060,      87.69%
freq>20   (count, total, %):       4640,    7024240,      88.02%

top 100 values:
 0, 0x0000000000000000000000000000000000000000000000000000000000000000, 1775008
    [5985032, 5985033, 5985034, 5985035, 5985036, 5985037, 5985038, 5985039, 5985040, 5985041, 5985042, 5985043, 5985044, 5985045, 5985046, 5985047, 5985048, 5985049, 5985050, 5985051]
 1, 0x0000000000000000000000000000000000000000000000000000000000000001, 69854
    [2, 5985063, 5985064, 5985085, 5985086, 5985095, 5985096, 5985191, 5985192, 5985226, 5985227, 5985246, 5985247, 5985252, 5985253, 5985266, 5985267, 5985282, 5985297, 5985298]
 2, 0x294b6a7f0984f3d0560b3d0d973d20f41186547a1e41c758e2a3348c0141a665, 12600
    [498908, 249531, 1995234, 5986044, 1995527, 1995820, 249824, 499201, 5986337, 1996113, 5986630, 250117, 499494, 1996406, 5986923, 499787, 250410, 1996699, 5987216, 250703]
 3, 0x1af18bf8b21cf712a700f08f14dbcc588ad948ebc1ff85cc300eea6a581d26bf, 12600
    [498906, 249529, 1995232, 5986042, 1995525, 1995818, 249822, 499199, 5986335, 1996111, 5986628, 250115, 499492, 1996404, 5986921, 499785, 250408, 1996697, 5987214, 250701]
 4, 0x336293d1250e16ace79c1b9cfdd14e5d80bc7928a947635797fcbc1ebfa512e8, 12600
    [498907, 249530, 1995233, 5986043, 1995526, 1995819, 249823, 499200, 5986336, 1996112, 5986629, 250116, 499493, 1996405, 5986922, 499786, 250409, 1996698, 5987215, 250702]
 5, 0x2a53d5a36091904f09cd86bd43b07c7961faad8ec81c97c9bd30d3c6e9da1ff2, 10416
    [498917, 249540, 1995243, 1995536, 1995829, 249833, 5986346, 1996122, 5986639, 250126, 1996415, 5986932, 499796, 250419, 1996708, 5987225, 250712, 500089, 251005, 5987518]
 6, 0x29dd0402a87d5b40f9d6cfd1b6bafe4b88d3a89d1a2391749fd334313e8bdb08, 10416
    [498916, 249539, 1995242, 1995535, 1995828, 249832, 5986345, 1996121, 5986638, 250125, 1996414, 5986931, 499795, 250418, 1996707, 5987224, 250711, 500088, 251004, 5987517]
 7, 0x04943278e947828f315482d004370c011c9acf8706cac544710a26ce111fb11a, 10416
    [498915, 249538, 1995241, 1995534, 1995827, 249831, 5986344, 1996120, 5986637, 250124, 1996413, 5986930, 499794, 250417, 1996706, 5987223, 250710, 500087, 251003, 5987516]
 8, 0x26b04265765947d12045bcbe58b2e6547bde60b25ddff533f9791fe2170aeb5f, 10158
    [498920, 249543, 1995246, 1995539, 1995832, 249836, 5986349, 1996125, 5986642, 250129, 1996418, 5986935, 250422, 1996711, 5987228, 250715, 251008, 5987521, 5987814, 500385]
 9, 0x2b7225a656cccb0e8f58c6f2518f16b3eba8ed34139d6f37673be556a7117c17, 10158
    [498919, 249542, 1995245, 1995538, 1995831, 249835, 5986348, 1996124, 5986641, 250128, 1996417, 5986934, 250421, 1996710, 5987227, 250714, 251007, 5987520, 5987813, 500384]
10, 0x32f17c6e27f8539b605650b4a9d6f1779f916c7ea33e2b2a6cc7eb84b974f80a, 10158
    [498918, 249541, 1995244, 1995537, 1995830, 249834, 5986347, 1996123, 5986640, 250127, 1996416, 5986933, 250420, 1996709, 5987226, 250713, 251006, 5987519, 5987812, 500383]
11, 0x368f144c4ff9cd94d7cf855d3a557818d1f1dc21e249f4ca9a572df39701b01b, 9902
    [498761, 249384, 1995087, 499054, 1995380, 1995673, 249677, 1995966, 249970, 5986483, 1996259, 250263, 5986776, 1996552, 5987069, 250556, 1996845, 5987362, 250849, 251142]
12, 0x35bc899738b0763de7f3c34325d9fcf5517efe94f718597e6b1e9aed2c4f4ad9, 9902
    [1995038, 499005, 249628, 1995331, 1995624, 1995917, 249921, 5986434, 1996210, 250214, 5986727, 1996503, 5987020, 250507, 1996796, 5987313, 250800, 251093, 5987606, 5987899]
13, 0x26554af9ec4de2129deb73a63ee572c792a732e94f877974230a030df342c31d, 9902
    [1995050, 499017, 249640, 1995343, 1995636, 1995929, 249933, 5986446, 1996222, 250226, 5986739, 1996515, 5987032, 250519, 1996808, 5987325, 250812, 251105, 5987618, 5987911]
14, 0x02102abe0eb0985d9824f33b0298c3c6516dcf54140f082ecfb8febd07d4baaf, 9902
    [498817, 249440, 1995143, 1995436, 499110, 249733, 1995729, 1996022, 250026, 5986539, 1996315, 5986832, 250319, 1996608, 5987125, 250612, 1996901, 250905, 5987418, 5987711]
15, 0x2940de3f12a04f04f6323d5f88bfb1032bdd729a1d17af6f3a53d2d8bbdf5dbd, 9902
    [498781, 249404, 1995107, 499074, 1995400, 1995693, 249697, 1995986, 249990, 1996279, 5986503, 5986796, 250283, 1996572, 5987089, 250576, 1996865, 5987382, 250869, 5987675]
16, 0x2a55bd4306ff160d21be5a9a0f4ba72e0a9c4e0d72324963d950cdbdcea37b4e, 9902
    [498840, 249463, 1995166, 1995459, 499133, 249756, 1995752, 1996045, 250049, 5986562, 1996338, 5986855, 250342, 1996631, 5987148, 250635, 1996924, 250928, 5987441, 5987734]
17, 0x06ae9a7dbb883a70bae9b4661e3022df87fc4eb8fe72616e899b11938b827c80, 9902
    [1995053, 499020, 249643, 1995346, 1995639, 1995932, 249936, 5986449, 1996225, 250229, 5986742, 1996518, 5987035, 250522, 1996811, 5987328, 250815, 251108, 5987621, 5987914]
18, 0x0e1cfc0c11b7a7e9b1995edb3bc8cbc204e1d97d32f58a1fa52ba471387f4a87, 9902
    [498936, 249559, 1995262, 1995555, 1995848, 249852, 5986365, 1996141, 5986658, 250145, 1996434, 5986951, 250438, 1996727, 5987244, 250731, 251024, 5987537, 5987830, 500401]
19, 0x0c0c37b98f8d25753cedfb64fa93ba9050c41cc196547268e14589c5c7cd35e7, 9902
    [498867, 249490, 1995193, 1995486, 499160, 249783, 1995779, 1996072, 250076, 5986589, 1996365, 5986882, 250369, 1996658, 5987175, 250662, 1996951, 250955, 5987468, 5987761]
20, 0x11dd0418bb466198b47e4e30408ca9896ef9d73cabe0cf980d8804efc2834a65, 9902
    [498815, 249438, 1995141, 1995434, 499108, 249731, 1995727, 1996020, 250024, 5986537, 1996313, 5986830, 250317, 1996606, 5987123, 250610, 1996899, 250903, 5987416, 5987709]
21, 0x134047ba0e6b6a4c88bcfacb89ea1410018f1a22ca30d84a1c91c140acb0498f, 9902
    [498928, 249551, 1995254, 1995547, 1995840, 249844, 5986357, 1996133, 5986650, 250137, 1996426, 5986943, 250430, 1996719, 5987236, 250723, 251016, 5987529, 5987822, 500393]
22, 0x3ea67f7d5368d6c2018505dc648c89e6ad845a3eb4b73b6c272ee18d58a22709, 9902
    [1995051, 499018, 249641, 1995344, 1995637, 1995930, 249934, 5986447, 1996223, 250227, 5986740, 1996516, 5987033, 250520, 1996809, 5987326, 250813, 251106, 5987619, 5987912]
23, 0x347b87a893948a415c96b08ed45cf81f10cfdb04e73e59c1bb9171dc54088497, 9902
    [498762, 249385, 1995088, 499055, 1995381, 1995674, 249678, 1995967, 249971, 5986484, 1996260, 250264, 5986777, 1996553, 5987070, 250557, 1996846, 5987363, 250850, 251143]
24, 0x06ab90ce2ca337ae7287d6a084ae7031fb60d7f40d0c3315f814c404c250150d, 9902
    [498845, 249468, 1995171, 1995464, 499138, 249761, 1995757, 1996050, 250054, 5986567, 1996343, 5986860, 250347, 1996636, 5987153, 250640, 1996929, 250933, 5987446, 5987739]
25, 0x0d59b92b953942a82b7ff2a68e962f3719e5c9ad6ab58ad6e6c3d2b8011dd654, 9902
    [1995029, 498996, 249619, 1995322, 1995615, 1995908, 249912, 5986425, 1996201, 250205, 5986718, 1996494, 5987011, 250498, 1996787, 5987304, 250791, 251084, 5987597, 5987890]
26, 0x32e1402d9b4f043d03a3666501cd5b542c858ffc088ec1994042edd76b150f3d, 9902
    [498795, 249418, 1995121, 1995414, 499088, 1995707, 249711, 1996000, 250004, 5986517, 1996293, 5986810, 250297, 1996586, 5987103, 250590, 1996879, 5987396, 250883, 5987689]
27, 0x3ba9d988e521187a1dd47bcba82b2209c5d7b65e04ece54bdd137d3312bfe921, 9902
    [498864, 249487, 1995190, 1995483, 499157, 249780, 1995776, 1996069, 250073, 5986586, 1996362, 5986879, 250366, 1996655, 5987172, 250659, 1996948, 250952, 5987465, 5987758]
28, 0x3441a37c6fc0bca9be5c15426a9d94e6e6f47585c6a7115b3579990f09ef0faa, 9902
    [498853, 249476, 1995179, 1995472, 499146, 249769, 1995765, 1996058, 250062, 5986575, 1996351, 5986868, 250355, 1996644, 5987161, 250648, 1996937, 250941, 5987454, 5987747]
29, 0x2d076d13d999d76da26830640cb80f67993ad92a5680a8512f6c49907c774b1b, 9902
    [498823, 249446, 1995149, 1995442, 499116, 249739, 1995735, 1996028, 250032, 5986545, 1996321, 5986838, 250325, 1996614, 5987131, 250618, 1996907, 250911, 5987424, 5987717]
30, 0x12c397f5ede788a944ad992258570f621174620095b8a1aa3c6e5faa5cb57246, 9902
    [498956, 249579, 1995282, 1995575, 1995868, 249872, 5986385, 1996161, 5986678, 250165, 1996454, 5986971, 250458, 1996747, 5987264, 250751, 251044, 5987557, 5987850, 500421]
31, 0x076513c1dc3bafde299bb61e69467646b3050c446fc88a81f26f74435a53c257, 9902
    [1995069, 499036, 249659, 1995362, 1995655, 1995948, 5986465, 249952, 1996241, 250245, 5986758, 1996534, 5987051, 250538, 1996827, 5987344, 250831, 251124, 5987637, 5987930]
32, 0x374cdb8b49b0869adb5599c69069f0696443bccb3675a21166a098982b889c33, 9902
    [1995010, 498977, 249600, 1995303, 1995596, 1995889, 249893, 5986406, 1996182, 250186, 5986699, 1996475, 5986992, 250479, 1996768, 5987285, 250772, 251065, 5987578, 5987871]
33, 0x328a077dda77f5c33bdc32ab33c6d165c653d70b86f792cba52a2d3d17d32b06, 9902
    [498850, 249473, 1995176, 1995469, 499143, 249766, 1995762, 1996055, 250059, 5986572, 1996348, 5986865, 250352, 1996641, 5987158, 250645, 1996934, 250938, 5987451, 5987744]
34, 0x0cdae7e49b3d41c886b2eedc37e3e821276b9320893a2da7374faf834d2dcce4, 9902
    [1995064, 499031, 249654, 1995357, 1995650, 1995943, 5986460, 249947, 1996236, 250240, 5986753, 1996529, 5987046, 250533, 1996822, 5987339, 250826, 251119, 5987632, 5987925]
35, 0x2f601c1966f03814b859f21d09750a5ff03fadd584acb83ba70a70379e18599b, 9902
    [498893, 249516, 1995219, 1995512, 1995805, 249809, 499186, 1996098, 5986615, 250102, 1996391, 5986908, 250395, 1996684, 5987201, 250688, 1996977, 250981, 5987494, 5987787]
36, 0x03e4e39d7ac22fe45c6a77f814b7924e51eab5f4e3f2748bcb05ed2a6da6f5da, 9902
    [498913, 249536, 1995239, 1995532, 1995825, 249829, 5986342, 1996118, 5986635, 250122, 1996411, 5986928, 250415, 1996704, 5987221, 250708, 251001, 5987514, 5987807, 500378]
37, 0x3dd0b7f6df3a7d67aaa62ee2e752d7eabdf9596bbe50b30c36c99df0140ad34d, 9902
    [498929, 249552, 1995255, 1995548, 1995841, 249845, 5986358, 1996134, 5986651, 250138, 1996427, 5986944, 250431, 1996720, 5987237, 250724, 251017, 5987530, 5987823, 500394]
38, 0x0aeb70fa9c19bcdc113b739a516245af0d675d46cab8a70bb46de63872dbf2ae, 9902
    [498783, 249406, 1995109, 499076, 1995402, 1995695, 249699, 1995988, 249992, 1996281, 5986505, 5986798, 250285, 1996574, 5987091, 250578, 1996867, 5987384, 250871, 5987677]
39, 0x19d37b305e14ca7e037a74673b32809e61bf5a66fdae0c40580625ab0117a48d, 9902
    [498937, 249560, 1995263, 1995556, 1995849, 249853, 5986366, 1996142, 5986659, 250146, 1996435, 5986952, 250439, 1996728, 5987245, 250732, 251025, 5987538, 5987831, 500402]
40, 0x0fd2377d60726ff8f800922094f30ac55aecaf825ba466cd810c8afb583ca148, 9902
    [498787, 249410, 1995113, 499080, 1995406, 1995699, 249703, 1995992, 249996, 1996285, 5986509, 5986802, 250289, 1996578, 5987095, 250582, 1996871, 5987388, 250875, 5987681]
41, 0x3cae4d11ea0573b4701d502fb20494e5e482d92fd48e6396f12c24d5d3cb703b, 9902
    [498835, 249458, 1995161, 1995454, 499128, 249751, 1995747, 1996040, 250044, 5986557, 1996333, 5986850, 250337, 1996626, 5987143, 250630, 1996919, 250923, 5987436, 5987729]
42, 0x3ae08940ad8cf9a078ced0ba4d6659e2b8e3f4e08d6b6a18c1aaa74cfaf5ca45, 9902
    [498856, 249479, 1995182, 1995475, 499149, 249772, 1995768, 1996061, 250065, 5986578, 1996354, 5986871, 250358, 1996647, 5987164, 250651, 1996940, 250944, 5987457, 5987750]
43, 0x306a50c5299a7259f6b6759b76d58b6b3de9c96eb8fedf3769a37bd8ae254c87, 9902
    [498766, 249389, 1995092, 499059, 1995385, 1995678, 249682, 1995971, 249975, 5986488, 1996264, 250268, 5986781, 1996557, 5987074, 250561, 1996850, 5987367, 250854, 251147]
44, 0x00605543a7344fb940eae1d3979b43a6e38b1384b18e944f484fa954faf5c288, 9902
    [498816, 249439, 1995142, 1995435, 499109, 249732, 1995728, 1996021, 250025, 5986538, 1996314, 5986831, 250318, 1996607, 5987124, 250611, 1996900, 250904, 5987417, 5987710]
45, 0x00a1a6534bc4e04dc62008eff24b3cc3a9a440e40b21a6b3fa73722b7106f854, 9902
    [498833, 249456, 1995159, 1995452, 499126, 249749, 1995745, 1996038, 250042, 5986555, 1996331, 5986848, 250335, 1996624, 5987141, 250628, 1996917, 250921, 5987434, 5987727]
46, 0x1e7742e0f60db8cbc8806bb8ad65f80aa3367a6332da19e76dec713c8f53e6ed, 9902
    [498976, 249599, 1995302, 1995595, 1995888, 249892, 5986405, 1996181, 250185, 5986698, 1996474, 5986991, 250478, 1996767, 5987284, 250771, 251064, 5987577, 5987870, 500441]
47, 0x09fa5354fdc3fa1b5fb75642b89ebdb3b11ba0683469e27a365887cdff4de79d, 9902
    [1995055, 499022, 249645, 1995348, 1995641, 1995934, 249938, 5986451, 1996227, 250231, 5986744, 1996520, 5987037, 250524, 1996813, 5987330, 250817, 251110, 5987623, 5987916]
48, 0x2d102f9778e069dff275cdbaff7fae2ab7d1d6c2b8552ddb2ed3b4da60ba6011, 9902
    [1995035, 499002, 249625, 1995328, 1995621, 1995914, 249918, 5986431, 1996207, 250211, 5986724, 1996500, 5987017, 250504, 1996793, 5987310, 250797, 251090, 5987603, 5987896]
49, 0x322dd71a8b18a433e1f6bb0421e208c96e842490fea1885f005211d335f9bea8, 9902
    [1995025, 498992, 249615, 1995318, 1995611, 1995904, 249908, 5986421, 1996197, 250201, 5986714, 1996490, 5987007, 250494, 1996783, 5987300, 250787, 251080, 5987593, 5987886]
50, 0x132894430d32a8dea1e8bf6b732d8d1aaccb2e422f67a55bcf46d465d6d81c7c, 9902
    [498953, 249576, 1995279, 1995572, 1995865, 249869, 5986382, 1996158, 5986675, 250162, 1996451, 5986968, 250455, 1996744, 5987261, 250748, 251041, 5987554, 5987847, 500418]
51, 0x0a072cf09ef99b78a4865aba40075a3ef638389284dfb4ede08cc3b235d98c01, 9902
    [1995016, 498983, 249606, 1995309, 1995602, 1995895, 249899, 5986412, 1996188, 250192, 5986705, 1996481, 5986998, 250485, 1996774, 5987291, 250778, 251071, 5987584, 5987877]
52, 0x24d94d85b79c80ef6bacb7c9125de67d44407f05db0e6820c76aae3f0686dc9a, 9902
    [498808, 249431, 1995134, 1995427, 499101, 1995720, 249724, 1996013, 250017, 5986530, 1996306, 5986823, 250310, 1996599, 5987116, 250603, 1996892, 250896, 5987409, 5987702]
53, 0x00518a46c3fe44a7b575d830a24466e18bc515b3a4150e0705bfe6b477aa32a1, 9902
    [1995032, 498999, 249622, 1995325, 1995618, 1995911, 249915, 5986428, 1996204, 250208, 5986721, 1996497, 5987014, 250501, 1996790, 5987307, 250794, 251087, 5987600, 5987893]
54, 0x0dd96213f2a761675acfa3180fac7b3dab3b697f09b4763740b38503d4d71e1c, 9902
    [498952, 249575, 1995278, 1995571, 1995864, 249868, 5986381, 1996157, 5986674, 250161, 1996450, 5986967, 250454, 1996743, 5987260, 250747, 251040, 5987553, 5987846, 500417]
55, 0x34b3b23dc873bdb58e67d5c1e4b11dc6a7c0a59e33519dcb0ca80d46e6feeece, 9902
    [498763, 249386, 1995089, 499056, 1995382, 1995675, 249679, 1995968, 249972, 5986485, 1996261, 250265, 5986778, 1996554, 5987071, 250558, 1996847, 5987364, 250851, 251144]
56, 0x3b7bd986b1c38787e3f8a448f84c8d55a07f5faa5204628654d693a5b5865591, 9902
    [498974, 249597, 1995300, 1995593, 1995886, 249890, 5986403, 1996179, 250183, 5986696, 1996472, 5986989, 250476, 1996765, 5987282, 250769, 251062, 5987575, 5987868, 500439]
57, 0x2e8aac6905e24e0b3177136c0024df9f80a2e137282ba2d33600b0e245e23040, 9902
    [1995034, 499001, 249624, 1995327, 1995620, 1995913, 249917, 5986430, 1996206, 250210, 5986723, 1996499, 5987016, 250503, 1996792, 5987309, 250796, 251089, 5987602, 5987895]
58, 0x328a4d65084cb5e05b6d0e49f1e469b5b5843c9e3537bb8862a4801fe000fe6e, 9902
    [498828, 249451, 1995154, 1995447, 499121, 249744, 1995740, 1996033, 250037, 5986550, 1996326, 5986843, 250330, 1996619, 5987136, 250623, 1996912, 250916, 5987429, 5987722]
59, 0x0171bac60c8944d2b6c5688e6b3e20e982f13606dedeb9bae00509bdc8b26f03, 9902
    [498810, 249433, 1995136, 1995429, 499103, 1995722, 249726, 1996015, 250019, 5986532, 1996308, 5986825, 250312, 1996601, 5987118, 250605, 1996894, 250898, 5987411, 5987704]
60, 0x3738d3cafe7fa8612b9bd7a65f2b3f30100f686f5b309ef419ef5887c119e584, 9902
    [498841, 249464, 1995167, 1995460, 499134, 249757, 1995753, 1996046, 250050, 5986563, 1996339, 5986856, 250343, 1996632, 5987149, 250636, 1996925, 250929, 5987442, 5987735]
61, 0x3c7f99275e83a4ffbf752c64099ad2ac2f5dbec412e72a3a29f4329e2dd308e0, 9902
    [498855, 249478, 1995181, 1995474, 499148, 249771, 1995767, 1996060, 250064, 5986577, 1996353, 5986870, 250357, 1996646, 5987163, 250650, 1996939, 250943, 5987456, 5987749]
62, 0x1acab73812329dea638c92d1e8cbaa1a85b2d59d3c8720b3664bdc4be5171809, 9902
    [498829, 249452, 1995155, 1995448, 499122, 249745, 1995741, 1996034, 250038, 5986551, 1996327, 5986844, 250331, 1996620, 5987137, 250624, 1996913, 250917, 5987430, 5987723]
63, 0x15f669608026427f95707503736187aa2b69463afe640f45a0b4a414fb326df7, 9902
    [498949, 249572, 1995275, 1995568, 1995861, 249865, 5986378, 1996154, 5986671, 250158, 1996447, 5986964, 250451, 1996740, 5987257, 250744, 251037, 5987550, 5987843, 500414]
64, 0x09369a70eca24c8913d25a225e0df34f2ef6b008342f52a267f29918056b1256, 9902
    [498947, 249570, 1995273, 1995566, 1995859, 249863, 5986376, 1996152, 5986669, 250156, 1996445, 5986962, 250449, 1996738, 5987255, 250742, 251035, 5987548, 5987841, 500412]
65, 0x03f4cc78001f65fa6c0ee4f5bec0683f1725cc1a4f14c699330e6e51a03c98f6, 9902
    [498826, 249449, 1995152, 1995445, 499119, 249742, 1995738, 1996031, 250035, 5986548, 1996324, 5986841, 250328, 1996617, 5987134, 250621, 1996910, 250914, 5987427, 5987720]
66, 0x016487ab4c9c0170f91f91d99a9e4566b8a61c4a893a55430e95d805ea805217, 9902
    [1995045, 499012, 249635, 1995338, 1995631, 1995924, 249928, 5986441, 1996217, 250221, 5986734, 1996510, 5987027, 250514, 1996803, 5987320, 250807, 251100, 5987613, 5987906]
67, 0x3f29abbce94f7357bfc2b4571ba82d3e465912396a58dd7e3417bf02d75ed1c2, 9902
    [1995072, 499039, 249662, 1995365, 1995658, 1995951, 5986468, 249955, 1996244, 250248, 5986761, 1996537, 5987054, 250541, 1996830, 5987347, 250834, 251127, 5987640, 5987933]
68, 0x1e4707d0c2fb8641ed212c0ec48fbbe362ac8946221ac336baf595e27289ab09, 9902
    [498842, 249465, 1995168, 1995461, 499135, 249758, 1995754, 1996047, 250051, 5986564, 1996340, 5986857, 250344, 1996633, 5987150, 250637, 1996926, 250930, 5987443, 5987736]
69, 0x35b508e6e6287b2d8e0dd285a27351682565976c7c5905242fa1fe18d6c5ac6a, 9902
    [1995060, 499027, 249650, 1995353, 1995646, 1995939, 249943, 5986456, 1996232, 250236, 5986749, 1996525, 5987042, 250529, 1996818, 5987335, 250822, 251115, 5987628, 5987921]
70, 0x0d0820aadfcd4878489fe44ec9b15d2ccc0bd7e061dee4d5f808420d7d685ab9, 9902
    [498880, 249503, 1995206, 1995499, 1995792, 249796, 499173, 1996085, 5986602, 250089, 1996378, 5986895, 250382, 1996671, 5987188, 250675, 1996964, 250968, 5987481, 5987774]
71, 0x1edee266680b8a406a6327cea44aea6ec05a726065c17dba1bb7405a26c24a80, 9902
    [498964, 249587, 1995290, 1995583, 1995876, 249880, 5986393, 1996169, 250173, 5986686, 1996462, 5986979, 250466, 1996755, 5987272, 250759, 251052, 5987565, 5987858, 500429]
72, 0x126d3c994bb1227357377418b313a775b2772109fad4c298a458535bb57edfab, 9902
    [498933, 249556, 1995259, 1995552, 1995845, 249849, 5986362, 1996138, 5986655, 250142, 1996431, 5986948, 250435, 1996724, 5987241, 250728, 251021, 5987534, 5987827, 500398]
73, 0x1b99b1acd29227df50b2f5b896c1b052b5fef25e994822a38b588bde16a0d6c1, 9902
    [498901, 249524, 1995227, 1995520, 1995813, 249817, 499194, 1996106, 5986623, 250110, 1996399, 5986916, 250403, 1996692, 5987209, 250696, 250989, 1996985, 5987502, 5987795]
74, 0x1fdf8d0b21bfa48bd45dad088c9bd20ebdb4a3af12de34238fcf4ad7a4660a0a, 9902
    [1995011, 498978, 249601, 1995304, 1995597, 1995890, 249894, 5986407, 1996183, 250187, 5986700, 1996476, 5986993, 250480, 1996769, 5987286, 250773, 251066, 5987579, 5987872]
75, 0x218b76e8974037b1b1c92338cb890c7c75a16a83ef39268bddde4aefa9b1ed52, 9902
    [498896, 249519, 1995222, 1995515, 1995808, 249812, 499189, 1996101, 5986618, 250105, 1996394, 5986911, 250398, 1996687, 5987204, 250691, 1996980, 250984, 5987497, 5987790]
76, 0x0e1ecd6a5796186637619622a4ccce14ecf1baabb08c0159e2d974ef3454c492, 9902
    [498752, 1995078, 499045, 249668, 1995371, 1995664, 1995957, 5986474, 249961, 1996250, 250254, 5986767, 1996543, 5987060, 250547, 1996836, 5987353, 250840, 251133, 5987646]
77, 0x19d1f8a0e46f9d7e75fbf17bb7e846f1e87d4a23aff6a6e69a4a7ce66ef49253, 9902
    [498798, 249421, 1995124, 1995417, 499091, 1995710, 249714, 1996003, 250007, 5986520, 1996296, 5986813, 250300, 1996589, 5987106, 250593, 1996882, 250886, 5987399, 5987692]
78, 0x3882627b09f9ce60c016e9febbae7ff112b1e96c21ba0ab8c5943eb4b1be0276, 9902
    [498809, 249432, 1995135, 1995428, 499102, 1995721, 249725, 1996014, 250018, 5986531, 1996307, 5986824, 250311, 1996600, 5987117, 250604, 1996893, 250897, 5987410, 5987703]
79, 0x18957ac81789e16481b3a5e33acc9c03506dc72ec5ffad559ebec2f3e397a33f, 9902
    [498859, 249482, 1995185, 1995478, 499152, 249775, 1995771, 1996064, 250068, 5986581, 1996357, 5986874, 250361, 1996650, 5987167, 250654, 1996943, 250947, 5987460, 5987753]
80, 0x191073e0ada7cc8209e8466f7b63ab804e64b74a4cf99645c67a9b46108315d1, 9902
    [498934, 249557, 1995260, 1995553, 1995846, 249850, 5986363, 1996139, 5986656, 250143, 1996432, 5986949, 250436, 1996725, 5987242, 250729, 251022, 5987535, 5987828, 500399]
81, 0x3c8f406ed69a4c7b49be128c047f8cfd90ee61bde3c2ec11702ecff21c0c3311, 9902
    [498923, 249546, 1995249, 1995542, 1995835, 249839, 5986352, 1996128, 5986645, 250132, 1996421, 5986938, 250425, 1996714, 5987231, 250718, 251011, 5987524, 5987817, 500388]
82, 0x092630d43be98537d84fd7126052b3e6646cb943b4d3e9a995506d1aa2a38778, 9902
    [498844, 249467, 1995170, 1995463, 499137, 249760, 1995756, 1996049, 250053, 5986566, 1996342, 5986859, 250346, 1996635, 5987152, 250639, 1996928, 250932, 5987445, 5987738]
83, 0x357156c051181dba7fd80eeda7b75819920207fa74a42a8fb9c201fc140f9fba, 9902
    [1995042, 499009, 249632, 1995335, 1995628, 1995921, 249925, 5986438, 1996214, 250218, 5986731, 1996507, 5987024, 250511, 1996800, 5987317, 250804, 251097, 5987610, 5987903]
84, 0x057172d3dfd1deffbc8cb16dbf7cadca42458e04801372d9f0960ea691dcc890, 9902
    [498757, 249380, 1995083, 499050, 249673, 1995376, 1995669, 1995962, 5986479, 249966, 1996255, 250259, 5986772, 1996548, 5987065, 250552, 1996841, 5987358, 250845, 251138]
85, 0x33a541a46685b61fc3688e779a5bd0b432407205690f4999eb9fa7828a0d95bf, 9902
    [498887, 249510, 1995213, 1995506, 1995799, 249803, 499180, 1996092, 5986609, 250096, 1996385, 5986902, 250389, 1996678, 5987195, 250682, 1996971, 250975, 5987488, 5987781]
86, 0x1e5fc14b6f810a6144ef82e25986f0933d7a20286421c2c35c2cb93e11bf0e4f, 9902
    [1995061, 499028, 249651, 1995354, 1995647, 1995940, 249944, 5986457, 1996233, 250237, 5986750, 1996526, 5987043, 250530, 1996819, 5987336, 250823, 251116, 5987629, 5987922]
87, 0x22cc03cc0eaa2e987387c8705530b2a9c056acc695a806c33d8124525525f75b, 9902
    [498960, 249583, 1995286, 1995579, 1995872, 249876, 5986389, 1996165, 5986682, 250169, 1996458, 5986975, 250462, 1996751, 5987268, 250755, 251048, 5987561, 5987854, 500425]
88, 0x3bdf13fd09599ff48fb61dc8fe578f9e8b11868e79c1636e80a68f750aa020b2, 9902
    [498792, 249415, 1995118, 499085, 1995411, 1995704, 249708, 1995997, 250001, 1996290, 5986514, 5986807, 250294, 1996583, 5987100, 250587, 1996876, 5987393, 250880, 5987686]
89, 0x23481865c84c6e543b9b9af7b4f11a17316bbb8630d89b8fd7edcb598cc48620, 9902
    [1995015, 498982, 249605, 1995308, 1995601, 1995894, 249898, 5986411, 1996187, 250191, 5986704, 1996480, 5986997, 250484, 1996773, 5987290, 250777, 251070, 5987583, 5987876]
90, 0x3d4104b4f14ee8f2e6d13828dcccccd916010cee3315ca6137e0b022ce90c4fc, 9902
    [498849, 249472, 1995175, 1995468, 499142, 249765, 1995761, 1996054, 250058, 5986571, 1996347, 5986864, 250351, 1996640, 5987157, 250644, 1996933, 250937, 5987450, 5987743]
91, 0x16a5ea7131f30aa0730b8f30b6ae5120bd1062eb59f729efaeaca3efa7acd344, 9902
    [498818, 249441, 1995144, 1995437, 499111, 249734, 1995730, 1996023, 250027, 5986540, 1996316, 5986833, 250320, 1996609, 5987126, 250613, 1996902, 250906, 5987419, 5987712]
92, 0x0c1e8b441749ea731b6142ead3ba5f2ed8537a06e10898adc8d1fadaa458957c, 9902
    [498857, 249480, 1995183, 1995476, 499150, 249773, 1995769, 1996062, 250066, 5986579, 1996355, 5986872, 250359, 1996648, 5987165, 250652, 1996941, 250945, 5987458, 5987751]
93, 0x015236eb4794b4f23d54c3ba8bf610c445a2c9cdd79d9d6274e2538d33490f2b, 9902
    [1995017, 498984, 249607, 1995310, 1995603, 1995896, 249900, 5986413, 1996189, 250193, 5986706, 1996482, 5986999, 250486, 1996775, 5987292, 250779, 251072, 5987585, 5987878]
94, 0x15009ce8d3b5bd113ea72040b6625f2bfbdebadc5ea8de8f8af2be4e375dcdd4, 9902
    [498969, 249592, 1995295, 1995588, 1995881, 249885, 5986398, 1996174, 250178, 5986691, 1996467, 5986984, 250471, 1996760, 5987277, 250764, 251057, 5987570, 5987863, 500434]
95, 0x237ef4ffb1d7d2f3aa7b03811f5a44b5c8228db7c6543655857d3cea5140c70b, 9902
    [498793, 249416, 1995119, 499086, 1995412, 1995705, 249709, 1995998, 250002, 1996291, 5986515, 5986808, 250295, 1996584, 5987101, 250588, 1996877, 5987394, 250881, 5987687]
96, 0x0f98c3971500316563f6e8e207165a3e281d1116e2b24e47fded59a21b2e4906, 9902
    [498966, 249589, 1995292, 1995585, 1995878, 249882, 5986395, 1996171, 250175, 5986688, 1996464, 5986981, 250468, 1996757, 5987274, 250761, 251054, 5987567, 5987860, 500431]
97, 0x3ecfb43ad0f7f43af4db60f930eeaec1492e127df0630a2798013e41dd0d66cb, 9902
    [498922, 249545, 1995248, 1995541, 1995834, 249838, 5986351, 1996127, 5986644, 250131, 1996420, 5986937, 250424, 1996713, 5987230, 250717, 251010, 5987523, 5987816, 500387]
98, 0x2c1459d136bbfd46f2d4999fbf2c9eb366528da31b086bf198a60278ee528e48, 9902
    [1995019, 498986, 249609, 1995312, 1995605, 1995898, 5986415, 249902, 1996191, 250195, 5986708, 1996484, 5987001, 250488, 1996777, 5987294, 250781, 251074, 5987587, 5987880]
99, 0x1785074b20c64c622c249c7bebdbe7c89e7854502073f97210d3ad3d354d2314, 9902
    [498824, 249447, 1995150, 1995443, 499117, 249740, 1995736, 1996029, 250033, 5986546, 1996322, 5986839, 250326, 1996615, 5987132, 250619, 1996908, 250912, 5987425, 5987718]
c6638b403ecc9785e6909978e6c00b35b6313, 9902
    [498948, 748325, 1995274, 1995567, 624369, 1995860, 1996153, 1996446, 500413, 1996739, 3994227, 3994520, 1001868, 3994813, 3995106, 1002161, 1002454, 3995399, 3995692, 1002747]
