scalars length: 9722443
freq>1000 (count, total, %):         41,    5084142,      52.29%
freq>500  (count, total, %):         94,    5116344,      52.62%
freq>100  (count, total, %):      12118,    6949481,      71.48%
freq>20   (count, total, %):      12139,    6950457,      71.49%

top 100 values:
 0, 0x0000000000000000000000000000000000000000000000000000000000000000, 4973668
    [1215305, 1215306, 1215307, 1215308, 1215309, 1215310, 1215311, 1215312, 1215313, 1215314, 1215315, 1215316, 1215317, 1215318, 1215319, 1215320, 1215321, 1215322, 1215323, 1215324]
 1, 0x0000000000000000000000000000000000000000000000000000000000000001, 10575
    [2, 15, 4861964, 4861985, 912701, 4862216, 1216308, 912710, 912714, 4863233, 4863235, 4863236, 4863239, 4863251, 4863260, 914188, 1631, 1635, 1692, 1882]
 2, 0x00000000000000000000000000000000b840cf4adea9e71c28202a7ca5762fbe, 5440
    [4861841, 4861850, 4861854, 912805, 1216814, 1216823, 1216828, 1216858, 1216860, 4863328, 914694, 914703, 914708, 914738, 914740, 1679, 1730, 1742, 1856, 2669]
 3, 0x00000000000000000000000000000000507f303fce23a3978189df1f5457a562, 5181
    [1215895, 1215958, 1215961, 1216056, 913775, 913838, 913841, 913936, 4863910, 4863913, 4863915, 4863951, 4864051, 4864076, 4864088, 1600, 1624, 4865040, 4865050, 4865063]
 4, 0x0000000000000000000000000000000044796140c924078e7af8184c2df7ce5a, 4924
    [1216213, 1216214, 1216215, 1216216, 1216219, 1216231, 1216242, 912824, 912845, 913076, 4862915, 4862978, 4862981, 914093, 914094, 914095, 914096, 914099, 914111, 914122]
 5, 0x00000000000000000000000000000000d791dbc8a0f95811391c480160fc18ef, 4812
    [1215939, 4863325, 4863367, 913819, 4863375, 4863392, 1592, 1633, 1747, 1786, 1794, 1808, 1813, 1872, 2434214, 2434218, 2434222, 2434466, 2434483, 460639]
 6, 0x00000000000000000000000000000000e861ba50a4eac0a05d411fe03dde36df, 4428
    [1216890, 1216893, 1216895, 1216931, 1217031, 1217056, 1217068, 4862959, 1218020, 1218030, 1218032, 1218043, 914770, 914773, 914775, 914811, 914911, 914936, 914948, 1628]
 7, 0x3fffffffffffffffffffffffffffffff4ab4bd33689b50cc532aa31f9f03e712, 4380
    [1216038, 2430976, 2430982, 4863326, 4863368, 913918, 4863374, 4863414, 1809, 2434217, 2434223, 2434469, 460738, 1222496, 1222502, 611798, 2435486, 2435490, 2435502, 2435520]
 8, 0x3fffffffffffffffffffffffffffffff6a05c9b12aeac1c16426c0a45a89d043, 4118
    [912804, 1216830, 1216870, 1216888, 1216889, 4863327, 914710, 914750, 914768, 914769, 1748, 1750, 2908, 610684, 459624, 308564, 461530, 461570, 461588, 461589]
 9, 0x3fffffffffffffffffffffffffffffffd1c768bc3b7105460abd0c01aba85a9f, 4101
    [1215962, 1216057, 913842, 913937, 4863911, 4863928, 4863950, 4864132, 4864911, 4865062, 4865064, 4865065, 2434194, 460662, 460757, 611722, 611817, 309602, 2436094, 2436100]
10, 0x40000000000000000000000000000000224698fc0994a8dd8c46eb2100000000, 3650
    [4861984, 1216307, 4862233, 4863270, 4863294, 4863305, 914187, 1827, 1897, 2846, 4116, 4117, 4126, 4138, 4155, 4156, 4165, 4177, 2435213, 461007]
11, 0x000000000000000000000000000000030d2cf6e4bbd5aaf3baff89c9c69ff349, 3522
    [1216347, 1216355, 914227, 914235, 4863834, 4863843, 4863878, 4863880, 1602, 1604, 1711, 1756, 1845, 2755, 2781, 2786, 2435165, 2435228, 461047, 461055]
12, 0x3fffffffffffffffffffffffffffffff39e4deab64a9e83d2f05cb40c221c922, 3345
    [1216908, 1216930, 1217112, 1217891, 1218042, 1218044, 1218045, 914788, 914810, 914992, 915771, 915922, 915924, 915925, 461608, 461630, 461812, 612668, 612690, 462591]
13, 0x3fffffffffffffffffffffffffffffffddcd37bb4070a14f114ed2d4d20831a7, 3219
    [1216250, 1216274, 1216285, 912844, 913093, 456406, 456412, 4862982, 914130, 914154, 914165, 305346, 305352, 2889, 610724, 459664, 1221530, 459913, 610973, 308604]
14, 0x000000000000000000000000000000018fd2ab137fa33f2d613c727e067248ad, 2619
    [4863306, 4863309, 1658, 1685, 1708, 2732, 2738, 2762, 2777, 2904, 5448, 5797, 5847, 5918, 5951, 5952, 5971, 5992, 6465, 6491]
15, 0x00000000000000000000000000000001d44c0c5448c746bbdc348aca346a1707, 2581
    [1672, 1686, 1879, 2689, 2691, 2840, 2869, 5472, 5493, 5757, 6483, 6500, 6512, 6628, 6774, 7298, 7422, 7654, 7696, 7700]
16, 0x00000000000000000000000000000000fcba308ba7cdeeaaa31842c8d36dfe18, 2488
    [912784, 1585, 1598, 1620, 1648, 1721, 1734, 1826, 2720, 2434151, 2434155, 2434157, 2900, 2901, 2947, 610664, 459604, 308544, 5413, 5450]
17, 0x0000000000000000000000000000000128110c086f1cfba8baa62720b553be52, 2484
    [1, 912704, 1216302, 1216303, 1216357, 912725, 912765, 912789, 912829, 912869, 912881, 912909, 912921, 912949, 912961, 912989, 913001, 913029, 913041, 913074]
18, 0x0000000000000000000000000000000128110c086f1cfba8baa62720b553be51, 2475
    [1215810, 1215862, 4861901, 1216190, 912707, 912708, 912711, 913124, 913125, 913130, 913135, 913136, 913690, 913742, 1218008, 914070, 1593, 1705, 1754, 915888]
19, 0x00000000000000000000000000000002bcadc6a4edb2075c3975aaaa72484de6, 2378
    [1622, 1650, 1716, 1820, 2685, 2848, 2852, 2879, 2922, 2954, 5406, 5437, 5467, 5485, 5488, 5669, 5947, 5948, 5969, 5980]
20, 0x00000000000000000000000000000001e51beadc4cb8af4b005962a9114c34f7, 2359
    [4861844, 4861865, 4861928, 4861929, 4861932, 4861969, 4862009, 4862021, 4862049, 4862061, 4862089, 4862101, 4862129, 4862141, 4862169, 4862181, 4862214, 4863322, 1777, 1831]
21, 0x3ffffffffffffffffffffffffffffffd1519a2174dbefde9d147615739600cb8, 2318
    [1216354, 1216394, 304380, 914234, 914274, 4863850, 4863908, 4863909, 461054, 461094, 612114, 612154, 309994, 310034, 4874718, 4874740, 4874922, 4875701, 4875852, 4875854]
22, 0x00000000000000000000000000000000507f303fce23a3978189df1f5457a563, 2254
    [0, 8, 1609, 1611, 1643, 1714, 1720, 1866, 2763, 2776, 2892, 2938, 5329, 5332, 5360, 5368, 5371, 5399, 5422, 5457]
23, 0x000000000000000000000000000000012cdb1b916e0ec82ed839382c6bd60539, 2230
    [4861847, 4861848, 4861851, 4862264, 4862265, 4862270, 4862275, 4862276, 4862830, 4862882, 4863210, 1638, 1733, 1739, 4865028, 1844, 1869, 2666, 2731, 2752]
24, 0x00000000000000000000000000000001e051db534dc6e2c4e2c6519d5ac9ee0f, 2226
    [1595, 1605, 1667, 2692, 2716, 2842, 5492, 5701, 5767, 5799, 5812, 5911, 5938, 6048, 6459, 6550, 6646, 6803, 7357, 7478]
25, 0x00000000000000000000000000000001e051db534dc6e2c4e2c6519d5ac9ee10, 2104
    [1689, 1693, 1706, 1745, 1807, 1843, 1859, 2679, 2843, 2863, 2866, 2873, 5470, 5475, 5477, 5491, 5686, 5725, 5816, 5838]
26, 0x0000000000000000000000000000000224cb3c9416eaea535dbe69e988c1bc69, 2098
    [1698, 1782, 2723, 2434094, 2764, 2816, 2434115, 2434179, 2434219, 2434259, 2434271, 2929, 2434299, 2434311, 2434339, 2434351, 2434379, 2434391, 2434419, 2434431]
27, 0x000000000000000000000000000000030d2cf6e4bbd5aaf3baff89c9c69ff348, 1978
    [4861924, 1216286, 1216289, 914166, 914169, 1607, 1702, 1710, 1860, 1873, 2714, 2717, 2434097, 2434101, 2787, 2897, 2434514, 2434520, 2434525, 2434526]
28, 0x0000000000000000000000000000000224cb3c9416eaea535dbe69e988c1bc6a, 1847
    [912761, 1654, 1703, 1707, 1787, 1789, 1804, 2745, 2759, 610641, 459581, 308521, 5728, 5743, 5802, 5807, 5955, 5960, 6001, 6046]
29, 0x3ffffffffffffffffffffffffffffffe9273ede889f169b02b0a78a2f98db754, 1414
    [4863425, 2907, 4873064, 4873686, 4873766, 4873932, 4873982, 4875817, 4875819, 2446465, 935865, 1237985, 4883507, 4883513, 331625, 29505, 2456104, 2456726, 2456806, 945504]
30, 0x3fffffffffffffffffffffffffffffff258c687061c6ba32e92ea8582c9201e9, 1410
    [1828, 2434154, 1225674, 923554, 319314, 17194, 621434, 470374, 4895677, 4895795, 4905434, 4906056, 4906136, 4906302, 4906352, 4908187, 4908189, 4908194, 968117, 968235]
31, 0x3ffffffffffffffffffffffffffffffefa358cf39a77ad34d1a0c4004aac41b0, 1409
    [1215876, 1215956, 1216122, 1216172, 913134, 1218007, 1218009, 913756, 913836, 914002, 914052, 915887, 915889, 1836, 2434177, 2434183, 459954, 611014, 460576, 460656]
32, 0x3fffffffffffffffffffffffffffffffd1c768bc3b7105460abd0c01aba85a9e, 1308
    [79, 1912, 5335, 5336, 5345, 5357, 5374, 5375, 5384, 5396, 4874215, 4883854, 4884476, 4884556, 4884722, 4884772, 4886607, 4886609, 2457255, 946655]
33, 0x3ffffffffffffffffffffffffffffffef56b7d6a9b85e0aeb40db2f49429fac8, 1287
    [4862274, 4862896, 4862976, 4863142, 4863192, 4865027, 4865029, 4865034, 2435675, 1227195, 925075, 320835, 2445314, 18715, 2445936, 2446016, 2446182, 2446232, 622955, 1236834]
34, 0x3fffffffffffffffffffffffffffffff106113f8e5048aa3a06689f04820c699, 1158
    [912846, 610726, 1221241, 459666, 308606, 919121, 465941, 314881, 617001, 4872736, 12761, 4874680, 4885494, 4885632, 4885669, 2455776, 945176, 2457720, 947120, 1247296]
35, 0x3ffffffffffffffffffffffffffffffd1519a2174dbefde9d147615739600cb9, 1156
    [1216405, 914285, 2434524, 2435146, 2435226, 2435232, 2435392, 2435442, 461105, 612165, 310045, 2437277, 2437279, 1226044, 1226666, 1226746, 1226752, 1226912, 1226962, 1228797]
36, 0x00000000000000000000000000000001e51beadc4cb8af4b005962a9114c34f8, 1084
    [4861981, 4862241, 1646, 1743, 2686, 2711, 2804, 2913, 5443, 2435323, 2435324, 2435326, 5518, 2435363, 2435364, 5680, 5709, 5859, 6011, 6022]
37, 0x00000000000000000000000000000001af23b79141f2b02272389002c1f831de, 1030
    [2434206, 2434240, 2435504, 1225726, 1225760, 1227024, 923606, 923640, 924904, 319366, 319400, 17246, 17280, 320664, 621486, 621520, 18544, 470426, 470460, 622784]
38, 0x0000000000000000000000000000000170819e95bd53ce38504054f94aec5f7c, 1030
    [1216826, 1216862, 4863329, 914706, 914742, 461526, 461562, 612586, 612622, 2436341, 2437302, 310466, 310502, 1227861, 1228822, 925741, 926702, 321501, 322462, 19381]
39, 0x00000000000000000000000000000000a0fe607f9c47472f0313be3ea8af4ac4, 1030
    [4864091, 4865051, 4865052, 2434200, 2436134, 1225720, 1227654, 923600, 925534, 319360, 17240, 621480, 321294, 19174, 470420, 623414, 2447131, 2448091, 2448092, 936531]
40, 0x3ffffffffffffffffffffffffffffffdfd7b5c67f2a9be8a2e888137773e4397, 1024
    [4885005, 4894644, 4895266, 4895346, 4895512, 4895562, 4897397, 4897399, 957445, 2468045, 1259565, 967084, 2477684, 967706, 967786, 2478306, 967952, 2478386, 2478552, 968002]
41, 0x00000000000000000000000000000002c8b395a3f2b1a3654007717d98a824ee, 808
    [1216305, 4863073, 4863113, 914185, 1641, 1665, 1788, 2699, 2725, 2896, 5454, 461005, 5738, 5836, 5865, 612065, 6054, 6455, 6607, 6642]
42, 0x0000000000000000000000000000000138e0ea90730e6437decafeff9235dc42, 802
    [1652, 1793, 1861, 2670, 2769, 2853, 2434191, 2930, 5430, 5484, 5749, 5766, 5866, 5945, 6008, 6025, 6027, 6492, 6630, 6664]
43, 0x3ffffffffffffffffffffffffffffffc80bfafb975e9a65c17426ba008872485, 773
    [1217069, 914949, 2434092, 2434105, 461769, 612829, 310709, 1225612, 1225625, 923492, 923505, 4872776, 4874052, 319252, 319265, 17132, 17145, 4879051, 621372, 621385]
44, 0x0000000000000000000000000000000a1ad64d678bb020cead5360108bd12b34, 773
    [1216028, 4863357, 913908, 2434204, 2434477, 2434479, 460728, 611788, 309668, 1225724, 1225997, 1225999, 923604, 923877, 923879, 4873878, 319364, 319637, 319639, 17244]
45, 0x00000000000000000000000000000003a186e94293ab028175047f80f778db7c, 771
    [1216897, 1216932, 1218036, 914777, 914812, 915916, 461597, 461632, 612657, 612692, 462736, 310537, 310572, 613796, 311676, 4873011, 4874044, 4874048, 2456051, 945451]
46, 0x00000000000000000000000000000000a0fe607f9c47472f0313be3ea8af4ac6, 771
    [4883857, 4884477, 4884557, 4884723, 4894286, 956297, 956917, 956997, 957163, 2466897, 2467517, 2467597, 2467763, 4905066, 1258417, 1259037, 1259117, 1259283, 966726, 2477326]
47, 0x3ffffffffffffffffffffffffffffffe4dfa8ca7c0cd6221b0126056cb95e8fa, 762
    [4905087, 4905093, 4905127, 4905133, 4905411, 4905422, 2488127, 2488133, 2488167, 2488173, 977527, 977533, 977567, 977573, 2488451, 2488462, 977851, 977862, 675407, 675413]
48, 0x3665efc47b605c8992a841ef3903db4ce8f5aecdf047055a86772f93e00ef5e1, 762
    [4905130, 4905170, 4905210, 4905250, 4905290, 4905330, 2488170, 2488210, 2488250, 2488290, 2488330, 2488370, 977570, 977610, 977650, 977690, 977730, 977770, 675450, 675490]
49, 0x000000000000000000000000000000018fd2ab137fa33f2d613c727e067248ae, 694
    [912801, 1588, 1621, 2673, 2779, 2788, 2789, 2939, 2944, 2949, 610681, 459621, 308561, 5411, 5416, 5421, 5820, 5885, 5954, 5993]
50, 0x000000000000000000000000000000014d3960cb75f1924224a221e827c5a37a, 691
    [1216053, 1216093, 913933, 913973, 1623, 1661, 1695, 1709, 1770, 1846, 2674, 2708, 2807, 2434231, 2434491, 460753, 460793, 5515, 5698, 5753]
51, 0x00000000000000000000000000000002046cf75a0f0820401155802dccd21e28, 679
    [1649, 1744, 2705, 5804, 5972, 6449, 6450, 6463, 6469, 6567, 6580, 6584, 6690, 6728, 6838, 6848, 7266, 7278, 7578, 7611]
52, 0x000000000000000000000000000000016c8a6d4938410337359e3f6ce34b8cac, 677
    [4861941, 912841, 913101, 1663, 1675, 1825, 1830, 1838, 2729, 2850, 2874, 2926, 610721, 459661, 459921, 610981, 308601, 5433, 5469, 5486]
53, 0x40000000000000000000000000000000224698fc0994a8dd8c46eb20fffffffd, 646
    [4861986, 4868261, 10738, 11605, 4874186, 2445026, 1236546, 934426, 21239, 2451301, 4884674, 940701, 330186, 29524, 1242821, 2457226, 632306, 946626, 32318, 336461]
54, 0x2e198e059a8dad4e1783ee728460244e2d49d74bd87198e1b0cd5eaebe119f8e, 645
    [4894376, 4894416, 4894456, 4894496, 4894536, 38876, 38916, 38956, 38996, 39036, 966816, 966856, 966896, 966936, 966976, 2477416, 2477456, 2477496, 2477536, 2477576]
55, 0x3881313519a946a5aaa0cbc06458870662bf5319d9fe1faf2ab49c9851764196, 645
    [4883586, 4883626, 4883666, 4883706, 4883746, 956026, 956066, 956106, 956146, 956186, 2466626, 2466666, 2466706, 2466746, 2466786, 1258146, 1258186, 1258226, 1258266, 1258306]
56, 0x1276b06a56ef033306e7750717716f900162d0582e0d31af5c259ab7f3799145, 645
    [2434256, 2434296, 2434336, 2434376, 2434416, 1225776, 1225816, 1225856, 1225896, 1225936, 923656, 923696, 923736, 923776, 923816, 319416, 319456, 319496, 319536, 319576]
57, 0x0000000000000000000000000000000111e5850324901e39ebe06130b7df3968, 644
    [913081, 610961, 459901, 308841, 4874674, 4885497, 4885532, 4886636, 2457714, 947114, 1249234, 342874, 40754, 957937, 957972, 959076, 2468537, 2468572, 644994, 2469676]
58, 0x00000000000000000000000000000008a309b7826ff6d551e181fdd7c18a3ce8, 644
    [4873838, 4883534, 4883809, 4884840, 2456878, 946278, 1248398, 4895727, 955974, 39918, 342038, 956249, 2466574, 2466849, 957280, 2467880, 644158, 1258094, 1258369, 1259400]
59, 0x3ffffffffffffffffffffffffffffffe7322e16ac7a1f8bb1a0e5b1e3e07ce23, 643
    [4863376, 4863396, 2435512, 1227032, 924912, 320672, 18552, 2446416, 2446436, 622792, 471732, 935816, 935836, 1237936, 1237956, 331576, 331596, 29456, 29476, 633696]
60, 0x3fffffffffffffffffffffffffffffff9953d67a774c99c09656ba88a410634d, 643
    [1216333, 914213, 461033, 612093, 2435626, 2435646, 309973, 1227146, 1227166, 4872748, 925026, 925046, 320786, 320806, 18666, 18686, 622906, 622926, 471846, 471866]
61, 0x3ffffffffffffffffffffffffffffffeb1c4fa664c40daa53c069627b513a085, 642
    [912818, 610698, 459638, 308578, 2436166, 2436302, 1227686, 1227822, 925566, 925702, 321326, 321462, 19206, 19342, 623446, 623582, 472386, 472522, 4895746, 4895766]
62, 0x3ffffffffffffffffffffffffffffffe5183245abfbf279cd1c4ab6084439243, 642
    [2435579, 1227099, 924979, 320739, 18619, 622859, 471799, 4884956, 4895464, 957396, 2467996, 4905112, 4907050, 1259516, 967904, 2478504, 655276, 353156, 51036, 504216]
63, 0x3e20d430c548c9f709d5bf7013b5f941d7a743062fe2dc03fdd726282e7432e2, 640
    [912866, 912906, 912946, 912986, 913026, 610746, 610786, 610826, 459686, 610866, 459726, 610906, 459766, 459806, 459846, 308626, 308666, 308706, 308746, 308786]
64, 0x2d21e942d4177377bc204ba6bd82a0796111338a8362a2f4726cc8e0c87eba05, 640
    [4862006, 4862046, 4862086, 4862126, 4862166, 2445046, 2445086, 2445126, 2445166, 2445206, 1236566, 1236606, 1236646, 1236686, 1236726, 934446, 934486, 934526, 934566, 934606]
65, 0x274fe657863b0009c92eb0575531eb7072178fac5c55e635d89d28180a651e8a, 640
    [4872796, 4872836, 4872876, 4872916, 4872956, 2455836, 2455876, 2455916, 2455956, 2455996, 945236, 945276, 945316, 945356, 945396, 1247356, 1247396, 1247436, 1247476, 1247516]
66, 0x00000000000000000000000000000003c5f642fda9abab1a12767577f41bc098, 639
    [1216068, 913948, 460768, 611828, 309708, 4884628, 4894324, 4894597, 4894599, 957068, 2467668, 1259188, 966764, 967037, 967039, 2477364, 2477637, 2477639, 352828, 654948]
67, 0x3fffffffffffffffffffffffffffffff8148387c6d4d61ae89332ce25750b53d, 638
    [2436140, 1227660, 925540, 321300, 19180, 623420, 472360, 4895632, 40183, 4906513, 4906536, 4906556, 968072, 2478672, 2489553, 2489576, 2489596, 978953, 978976, 978996]
68, 0x267ecbd9eb8ab9ae39e773cbd9bf95b908e28d7cda762def7b0d69ff01a966f9, 635
    [4905166, 4905206, 4905246, 4905286, 4905326, 2488206, 2488246, 2488286, 2488326, 2488366, 977606, 977646, 977686, 977726, 977766, 675486, 675526, 675566, 675606, 675646]
69, 0x25c43672ad780ea3fa46a79983a54f1cd3fcee4315d0b561897154468686f9a2, 635
    [4905182, 4905222, 4905262, 4905302, 4905342, 2488222, 2488262, 2488302, 2488342, 2488382, 977622, 977662, 977702, 977742, 977782, 675502, 675542, 675582, 675622, 675662]
70, 0x3ffffffffffffffffffffffffffffffefa358cf39a77ad34d1a0c4004aac41af, 517
    [88, 1216358, 912764, 913111, 913122, 914238, 2876, 2877, 610644, 459584, 459931, 459942, 610991, 611002, 308524, 461058, 308871, 308882, 612118, 309998]
71, 0x3ffffffffffffffffffffffffffffffdfd7b5c67f2a9be8a2e888137773e4398, 517
    [2434095, 2434116, 2434501, 2434512, 1225615, 1225636, 1226021, 1226032, 923495, 923516, 923901, 923912, 319255, 319276, 319661, 319672, 17135, 17156, 17541, 17552]
72, 0x3ff01c64d3c33748c354d261e25bd02a2a7d343b16539ffa337019fedc50327e, 516
    [2434527, 2435147, 2435227, 2435393, 1226047, 1226667, 1226747, 1226913, 923927, 924547, 924627, 924793, 319687, 320307, 320387, 320553, 17567, 18187, 18267, 18433]
73, 0x14dbcfe8cc7456cfdec24156d3eee130bbafe483683d48904f3977b2eecf6a6f, 516
    [4873765, 4873774, 4884837, 4884839, 2456805, 2456814, 946205, 946214, 1248325, 1248334, 39845, 39854, 341965, 341974, 957277, 957279, 2467877, 2467879, 644085, 644094]
74, 0x0000000000000000000000000000000ae494bbc7bb0107845f0d7e82e66a9274, 516
    [4863048, 4873019, 2446088, 1237608, 935488, 4884937, 4884972, 331248, 29128, 2456059, 945459, 633368, 1247579, 482308, 341219, 39099, 957377, 957412, 2467977, 2468012]
75, 0x36faa47a389a825f44e90bc1864f0dc117eaa556ddd2fb42a56e10d252e7fbdc, 515
    [4873067, 4873687, 4873767, 4873933, 2456107, 2456727, 2456807, 945507, 2456973, 946127, 946207, 946373, 1247627, 1248247, 1248327, 1248493, 341267, 39767, 341887, 39847]
76, 0x3ffffffffffffffffffffffffffffffe41f4bda8bbcdc618a9809983a53611f1, 515
    [4894215, 4894236, 4894621, 4894632, 38774, 39121, 39132, 966655, 966676, 967061, 967072, 2477255, 2477276, 2477661, 2477672, 664535, 664556, 362415, 362436, 1268775]
77, 0x3ffffffffffffffffffffffffffffff77f3ce179999dd38baac4ed493e75c319, 515
    [4883803, 4883815, 4884844, 4895768, 956243, 956255, 2466843, 2466855, 957284, 2467884, 1258363, 1258375, 1259404, 352003, 352015, 654123, 654135, 968208, 2478808, 49883]
78, 0x00000000000000000000000000000000cd6c23c25b6c16ab70e848e489e76b0e, 515
    [1216234, 914114, 460934, 611994, 2435638, 309874, 1227158, 925038, 320798, 18678, 622918, 471858, 4885671, 4886631, 958111, 959071, 2468711, 2469671, 1260231, 1261191]
79, 0x0000000000000000000000000000000335b08f096db05aadc3a12392279dac38, 514
    [1216240, 913089, 4863088, 914120, 459909, 610969, 460940, 308849, 612000, 2435607, 309880, 1227127, 925007, 320767, 18647, 2446128, 622887, 1237648, 935528, 471827]
80, 0x000000000000000000000000000000000000000000000000000000000000000c, 514
    [4862229, 4863258, 4874147, 2445269, 2446298, 1236789, 934669, 935698, 1237818, 4884668, 330429, 28610, 331458, 2457187, 946587, 632549, 633578, 481489, 1248707, 482518]
81, 0x3ec5c83b094508f7e1adc46a852153a4d56664b50b364667369e7eaf7d92f1a2, 514
    [4862277, 4862897, 4862977, 4863143, 2445317, 2445937, 2446017, 2446183, 1236837, 1237457, 1237537, 934717, 935337, 935417, 1237703, 935583, 330477, 331097, 331177, 331343]
82, 0x3fc6c359dd8236d3642f198adef0d71fdac1d949dcaf354742b855e65ce1b708, 514
    [1215955, 1215964, 4863354, 913835, 913844, 460655, 460664, 611715, 611724, 309595, 309604, 2446394, 935794, 1237914, 4885429, 331554, 29434, 633674, 482614, 957869]
83, 0x3ffffffffffffffffffffffffffffffd41435bd08eed0c6cebc6412e6a274109, 514
    [912806, 610686, 459626, 308566, 2436164, 2436339, 1227684, 1227859, 925564, 925739, 321324, 321499, 19204, 19379, 623444, 623619, 472384, 472559, 4889841, 962281]
84, 0x3ffffffffffffffffffffffffffffffcc3ff29d985af4898a7d5cb1b7c0f9c45, 514
    [2440511, 4873884, 1232031, 929911, 325671, 23551, 627791, 476731, 2456924, 946324, 1248444, 4896284, 4896459, 39964, 342084, 644204, 493144, 968724, 968899, 2479324]
85, 0x0000000000000000000000000000000228c26de09bfdb55478607f75f0628f3a, 514
    [1216864, 914744, 461564, 612624, 310504, 2437306, 1228826, 926706, 322466, 20346, 624586, 4883799, 473526, 4895758, 956239, 2466839, 1258359, 351999, 654119, 968198]
86, 0x3b7d84997c64f18fcab905d99d17a5fdbdad0b5d9384abaa4ba71bb538136121, 513
    [912817, 912825, 912863, 610697, 610705, 610743, 459637, 459645, 459683, 308577, 308585, 308623, 4872753, 2455793, 945193, 1247313, 340953, 38833, 643073, 492013]
87, 0x3ffffffffffffffffffffffffffffffe3d2aae1fbcdbf9928bed8877eeb3cb0a, 513
    [4861927, 4861933, 4862251, 4862262, 2444967, 2444973, 2445291, 18367, 2445302, 1236487, 1236493, 1236811, 1236822, 934367, 934373, 934691, 934702, 330127, 330133, 330451]
88, 0x3ffffffffffffffffffffffffffffffee049d7fcd1061a7f861f6ea3aea16a79, 513
    [1216074, 913954, 4864089, 460774, 611834, 309714, 4874119, 2447129, 936529, 1238649, 332289, 30169, 2457159, 946559, 634409, 1248679, 483349, 40199, 342319, 4900631]
89, 0x0000000000000000000000000000000000000000000000000000000000000004, 512
    [4862221, 4863254, 17727, 2445261, 2446294, 1236781, 934661, 935694, 1237814, 330421, 28565, 331454, 632541, 633574, 481481, 482514, 4907077, 4907112, 2490117, 2490152]
90, 0x1504eb22e0e276721a3e2d8d94635318e913ee0cfed0d691a952e22e3a3dd483, 512
    [4905437, 4906057, 4906137, 4906303, 2488477, 977877, 2489097, 2489177, 2489343, 978497, 978577, 978743, 675757, 676377, 676457, 676623, 373637, 1279997, 71517, 374257]
91, 0x2aeb3141f2e0c0d6a916a4d44df87d0f70a5d18ccdad4827cf9af8102655f03d, 512
    [1215877, 1215957, 1216123, 913137, 913757, 913837, 914003, 459957, 611017, 460577, 460657, 460823, 611637, 611717, 611883, 308897, 309517, 309597, 309763, 4916227]
92, 0x0000000000000000000000000000000000000000000000000000000000000002, 510
    [17586, 17690, 4894320, 4896254, 4907251, 4908212, 966760, 2477360, 968694, 2479294, 664640, 362520, 1268880, 2490291, 979691, 2491252, 666574, 980652, 1270814, 364454]
93, 0x1228bbdb62cf73ca4ce10ba7e4dd43116e624ffb09fe00680cca805f6491158b, 508
    [4894647, 4895267, 4895347, 4895513, 967087, 2477687, 967707, 967787, 2478307, 967953, 2478387, 2478553, 664967, 362847, 1269207, 665587, 665667, 363467, 665833, 363547]
94, 0x00000000000000000000000000000000d791dbc8a0f95811391c480160fc18f0, 434
    [4863319, 4863320, 4863848, 1584, 1591, 1614, 1616, 1680, 1687, 1854, 2678, 2801, 2916, 2950, 5410, 5520, 5673, 5691, 5721, 5724]
95, 0x000000000000000000000000000000011c0b3d096a1d5f9fb414604d8ef3e749, 428
    [1590, 1599, 1659, 1694, 1696, 1715, 1758, 2815, 2817, 2870, 5510, 5760, 5809, 5839, 5843, 5907, 2435569, 2435570, 6508, 6560]
96, 0x0b6bbf9fc27365ec95f6c7957ff958536ee31ed393cb3e3f8f3ad37ccd9ff506, 390
    [4868270, 4868559, 10169, 4871077, 11036, 20959, 2451310, 2451599, 940710, 940999, 2454117, 943517, 1242830, 1243119, 31749, 32038, 32616, 336470, 1245637, 336759]
97, 0x3ffffffffffffffffffffffffffffffd6598d2571be2a18152d140768db7b21b, 389
    [4883831, 4883842, 4884907, 956271, 956282, 2466871, 2466882, 957347, 2467947, 1258391, 1258402, 1259467, 352031, 352042, 654151, 654162, 49911, 49922, 353107, 655227]
98, 0x40000000000000000000000000000000224698fc0994a8dd8c46eb20ffffffff, 389
    [4861952, 4874166, 2444992, 17660, 17723, 1236512, 934392, 330152, 28605, 29529, 2457206, 632272, 946606, 481212, 1248726, 4896260, 39240, 342366, 644486, 493426]
99, 0x0000000000000000000000000000000141fcc0ff388e8e5e06277c7d515e9588, 388
    [4863917, 4863952, 4865060, 2446957, 2446992, 2448100, 936357, 936392, 937500, 1238477, 1238512, 1239620, 332117, 332152, 29997, 30032, 333260, 31140, 634237, 634272]
30122a, 388
    [7298818, 7301940, 4873007, 4881858, 4884980, 2456047, 643327, 3664527, 1247567, 341207, 36760, 652178, 2464898, 39087, 2468020, 655300, 1256418, 350058, 3673378, 1259540]
