scalars length: 7980043
freq>1000 (count, total, %):        719,    6108460,      76.55%
freq>500  (count, total, %):       1054,    6389576,      80.07%
freq>100  (count, total, %):       3874,    6998368,      87.70%
freq>20   (count, total, %):       4640,    7024530,      88.03%

top 100 values:
 0, 0x0000000000000000000000000000000000000000000000000000000000000000, 1774928
    [5, 1496257, 1496258, 1496259, 1496260, 1496261, 1496262, 1496263, 1496264, 1496265, 1496266, 1496267, 1496270, 16, 1496271, 1496272, 1496273, 1496276, 1496277, 1496278]
 1, 0x0000000000000000000000000000000000000000000000000000000000000001, 69884
    [2, 8, 1496268, 1496269, 1496274, 1496275, 1496283, 1496288, 1496289, 1496296, 1496304, 1496317, 1496318, 1496319, 1496320, 1496321, 1496322, 1496323, 1496325, 1496350]
 2, 0x294b6a7f0984f3d0560b3d0d973d20f41186547a1e41c758e2a3348c0141a665, 12600
    [748285, 498908, 1497066, 1497359, 1995234, 1745857, 499201, 1497652, 1995527, 499494, 1746150, 1497945, 1995820, 1746443, 1498238, 499787, 1996113, 1498531, 1746736, 500080]
 3, 0x1af18bf8b21cf712a700f08f14dbcc588ad948ebc1ff85cc300eea6a581d26bf, 12600
    [748283, 498906, 1497064, 1497357, 1995232, 1745855, 499199, 1497650, 1995525, 499492, 1746148, 1497943, 1995818, 1746441, 1498236, 499785, 1996111, 1498529, 1746734, 500078]
 4, 0x336293d1250e16ace79c1b9cfdd14e5d80bc7928a947635797fcbc1ebfa512e8, 12600
    [748284, 498907, 1497065, 1497358, 1995233, 1745856, 499200, 1497651, 1995526, 499493, 1746149, 1497944, 1995819, 1746442, 1498237, 499786, 1996112, 1498530, 1746735, 500079]
 5, 0x2a53d5a36091904f09cd86bd43b07c7961faad8ec81c97c9bd30d3c6e9da1ff2, 10413
    [748294, 498917, 1497368, 1995243, 1745866, 499210, 1497661, 1995536, 1746159, 1497954, 1995829, 1746452, 1498247, 499796, 1996122, 1498540, 1746745, 500089, 1498833, 1996415]
 6, 0x04943278e947828f315482d004370c011c9acf8706cac544710a26ce111fb11a, 10413
    [748292, 498915, 1497366, 1995241, 1745864, 499208, 1497659, 1995534, 1746157, 1497952, 1995827, 1746450, 1498245, 499794, 1996120, 1498538, 1746743, 500087, 1498831, 1996413]
 7, 0x29dd0402a87d5b40f9d6cfd1b6bafe4b88d3a89d1a2391749fd334313e8bdb08, 10413
    [748293, 498916, 1497367, 1995242, 1745865, 499209, 1497660, 1995535, 1746158, 1497953, 1995828, 1746451, 1498246, 499795, 1996121, 1498539, 1746744, 500088, 1498832, 1996414]
 8, 0x32f17c6e27f8539b605650b4a9d6f1779f916c7ea33e2b2a6cc7eb84b974f80a, 10157
    [748295, 498918, 1497369, 1995244, 1745867, 1497662, 1995537, 1746160, 1497955, 1995830, 1746453, 1498248, 499797, 1996123, 1498541, 1746746, 500090, 1498834, 1996416, 1747039]
 9, 0x26b04265765947d12045bcbe58b2e6547bde60b25ddff533f9791fe2170aeb5f, 10157
    [748297, 498920, 1497371, 1995246, 1745869, 1497664, 1995539, 1746162, 1497957, 1995832, 1746455, 1498250, 499799, 1996125, 1498543, 1746748, 500092, 1498836, 1996418, 1747041]
10, 0x2b7225a656cccb0e8f58c6f2518f16b3eba8ed34139d6f37673be556a7117c17, 10157
    [748296, 498919, 1497370, 1995245, 1745868, 1497663, 1995538, 1746161, 1497956, 1995831, 1746454, 1498249, 499798, 1996124, 1498542, 1746747, 500091, 1498835, 1996417, 1747040]
11, 0x02e328ac3324c66439e320eb60137aa84f0677d954a4cecd99917b5def7e66c3, 9899
    [498794, 748171, 1995120, 1745743, 748464, 499087, 1497538, 1995413, 1746036, 1497831, 1995706, 1498124, 1746329, 1995999, 1746622, 1498417, 499966, 1996292, 1746915, 1498710]
12, 0x1ed983f4e6e6317b0fe1d3dc5887a305e00e1dc5a910e22d13f535baf352c577, 9899
    [1497405, 748331, 498954, 1995280, 1745903, 1497698, 1995573, 1746196, 1497991, 1995866, 1746489, 1498284, 499833, 1996159, 1746782, 1498577, 500126, 1498870, 1996452, 1747075]
13, 0x0d59b92b953942a82b7ff2a68e962f3719e5c9ad6ab58ad6e6c3d2b8011dd654, 9899
    [1745652, 1995029, 1497447, 748373, 498996, 1995322, 1745945, 1497740, 1995615, 1746238, 1498033, 1995908, 1746531, 1498326, 499875, 1996201, 1746824, 1498619, 500168, 1498912]
14, 0x2f601c1966f03814b859f21d09750a5ff03fadd584acb83ba70a70379e18599b, 9899
    [498893, 748270, 1995219, 748563, 1745842, 499186, 1497637, 1995512, 1746135, 1497930, 1995805, 1746428, 1498223, 1996098, 1498516, 1746721, 500065, 1498809, 1747014, 1996391]
15, 0x3652b0072f1cbebc7589537402e965767acf0d4fd078fc323a1d0ebbf9df30b3, 9899
    [1745699, 1995076, 748420, 499043, 1497494, 1995369, 1745992, 1497787, 1995662, 1746285, 1498080, 1995955, 1746578, 1498373, 499922, 1996248, 1746871, 1498666, 500215, 1498959]
16, 0x3191e39763a443c45282ba69bf615edacf646a646e959c5430b96346973e2531, 9899
    [498879, 748256, 1995205, 748549, 1745828, 499172, 1497623, 1995498, 1746121, 1497916, 1995791, 1746414, 1498209, 1996084, 1498502, 1746707, 500051, 1498795, 1747000, 1996377]
17, 0x353225c6bf91019d46a5115239f57f1d5965d6c57343732aafcdf6b754f2725e, 9899
    [1497402, 748328, 498951, 1995277, 1745900, 1497695, 1995570, 1746193, 1497988, 1995863, 1746486, 1498281, 499830, 1996156, 1746779, 1498574, 500123, 1498867, 1996449, 1747072]
18, 0x3ecfb43ad0f7f43af4db60f930eeaec1492e127df0630a2798013e41dd0d66cb, 9899
    [748299, 498922, 1497373, 1995248, 1745871, 1497666, 1995541, 1746164, 1497959, 1995834, 1746457, 1498252, 499801, 1996127, 1498545, 1746750, 500094, 1498838, 1996420, 1747043]
19, 0x2223de5825ba193b12e89bd01bff07aa3438683be996ca7876f8de37804d7880, 9899
    [1497394, 748320, 498943, 1995269, 1745892, 1497687, 1995562, 1746185, 1497980, 1995855, 1746478, 1498273, 499822, 1996148, 1746771, 1498566, 500115, 1498859, 1996441, 1747064]
20, 0x0b4b273ed135393d903eaf50af9d2e709005a91f89096922bb3f03aabc3bca47, 9899
    [498814, 748191, 1995140, 748484, 1745763, 499107, 1497558, 1995433, 1746056, 1497851, 1995726, 1498144, 1746349, 1996019, 1746642, 1498437, 499986, 1996312, 1498730, 1746935]
21, 0x3c95f4f92fe5cea2dab2dc42c08eadc37cd804ec45b229aad2df61c57f7ae3d7, 9899
    [498786, 748163, 1995112, 1745735, 748456, 499079, 1497530, 1995405, 1746028, 1497823, 1995698, 1498116, 1746321, 1995991, 1746614, 1498409, 499958, 1996284, 1746907, 1498702]
22, 0x12d56c05cfb287e4762c02745233082840741100cabefc216a8f4e14c323eb0c, 9899
    [1497386, 748312, 498935, 1995261, 1745884, 1497679, 1995554, 1746177, 1497972, 1995847, 1746470, 1498265, 499814, 1996140, 1746763, 1498558, 500107, 1498851, 1996433, 1747056]
23, 0x1260bbb1c4f15a56a68538693498f49a88263df622bdea5fb37b63a4ca5e3015, 9899
    [1497378, 748304, 498927, 1995253, 1745876, 1497671, 1995546, 1746169, 1497964, 1995839, 1746462, 1498257, 499806, 1996132, 1746755, 1498550, 500099, 1498843, 1996425, 1747048]
24, 0x1785074b20c64c622c249c7bebdbe7c89e7854502073f97210d3ad3d354d2314, 9899
    [498824, 748201, 1995150, 748494, 1745773, 499117, 1497568, 1995443, 1746066, 1497861, 1995736, 1498154, 1746359, 1996029, 1746652, 1498447, 499996, 1498740, 1746945, 1996322]
25, 0x35b508e6e6287b2d8e0dd285a27351682565976c7c5905242fa1fe18d6c5ac6a, 9899
    [1745683, 1995060, 748404, 499027, 1497478, 1995353, 1745976, 1497771, 1995646, 1746269, 1498064, 1995939, 1746562, 1498357, 499906, 1996232, 1746855, 1498650, 500199, 1498943]
26, 0x172c3150c8d615fa3a64018738b35fa6f4f4ab12bee635c6bb410db1d1dc0a19, 9899
    [498803, 748180, 1995129, 1745752, 748473, 499096, 1497547, 1995422, 1746045, 1497840, 1995715, 1498133, 1746338, 1996008, 1746631, 1498426, 499975, 1996301, 1498719, 1746924]
27, 0x1ed9b68e047334e2a7a61294b20130d253afa143459d2bfddee6e3acf724125a, 9899
    [748146, 498769, 1745718, 1995095, 748439, 499062, 1497513, 1995388, 1746011, 1497806, 1995681, 1498099, 1746304, 1995974, 1746597, 1498392, 499941, 1996267, 1746890, 1498685]
28, 0x1fdf8d0b21bfa48bd45dad088c9bd20ebdb4a3af12de34238fcf4ad7a4660a0a, 9899
    [1745634, 1995011, 1497429, 748355, 498978, 1995304, 1745927, 1497722, 1995597, 1746220, 1498015, 1995890, 1746513, 1498308, 499857, 1746806, 1996183, 1498601, 500150, 1498894]
29, 0x34f7d70674e67315309372e47e583295f15dc8467d91d79422248f0a04340444, 9899
    [498820, 748197, 1995146, 748490, 1745769, 499113, 1497564, 1995439, 1746062, 1497857, 1995732, 1498150, 1746355, 1996025, 1746648, 1498443, 499992, 1498736, 1746941, 1996318]
30, 0x3016d2cc488641b7d824bfae6c04ecc317c06cb5f4e664fd8744d812fcf99851, 9899
    [498800, 748177, 1995126, 1745749, 748470, 499093, 1497544, 1995419, 1746042, 1497837, 1995712, 1498130, 1746335, 1996005, 1746628, 1498423, 499972, 1996298, 1746921, 1498716]
31, 0x17a1b5cd73778d46a40170dcf35cf1bcb67525faa6bca633599c2e8cfe2e0a70, 9899
    [1745682, 1995059, 748403, 499026, 1497477, 1995352, 1745975, 1497770, 1995645, 1746268, 1498063, 1995938, 1746561, 1498356, 499905, 1996231, 1746854, 1498649, 500198, 1498942]
32, 0x1b1066947c5eaa42e4f7361cf3cfba83841b001fd1ea4953b5498b56af295900, 9899
    [498777, 748154, 1995103, 1745726, 748447, 499070, 1497521, 1995396, 1746019, 1497814, 1995689, 1498107, 1746312, 1995982, 1746605, 1498400, 499949, 1996275, 1746898, 1498693]
33, 0x1ed61b4baf2f96ef19577352951e1e714d5f43f4339f3000391d819c829bcea7, 9899
    [1497414, 748340, 498963, 1995289, 1745912, 1497707, 1995582, 1746205, 1498000, 1995875, 1746498, 1498293, 499842, 1996168, 1746791, 1498586, 500135, 1498879, 1996461, 1747084]
34, 0x3441a37c6fc0bca9be5c15426a9d94e6e6f47585c6a7115b3579990f09ef0faa, 9899
    [498853, 748230, 1995179, 748523, 1745802, 499146, 1497597, 1995472, 1746095, 1497890, 1995765, 1746388, 1498183, 1996058, 1746681, 1498476, 500025, 1498769, 1746974, 1996351]
35, 0x19340c9f8427a45d11bb9ef115c6d5500f57814f783d02dd441e16a08e5d01c3, 9899
    [498869, 748246, 1995195, 748539, 1745818, 499162, 1497613, 1995488, 1746111, 1497906, 1995781, 1746404, 1498199, 1996074, 1746697, 1498492, 500041, 1498785, 1746990, 1996367]
36, 0x0248041e85e450515a92e0ae351a9a8407591ce0df1b66ef9310a717292b7d38, 9899
    [1745696, 1995073, 748417, 499040, 1497491, 1995366, 1745989, 1497784, 1995659, 1746282, 1498077, 1995952, 1746575, 1498370, 499919, 1996245, 1746868, 1498663, 500212, 1498956]
37, 0x2521fb6f575c1d6f15d4039aa31d90395b0b0f7b54ade2d8c56350bf8cbca0d4, 9899
    [498888, 748265, 1995214, 748558, 1745837, 499181, 1497632, 1995507, 1746130, 1497925, 1995800, 1746423, 1498218, 1996093, 1498511, 1746716, 500060, 1498804, 1747009, 1996386]
38, 0x3fe3d44e8e89863e062c3a7595065147ac97de36e11506faeee2c6c98d93aaf8, 9899
    [748291, 498914, 1497365, 1995240, 1745863, 1497658, 1995533, 1746156, 1497951, 1995826, 1746449, 1498244, 499793, 1996119, 1498537, 1746742, 500086, 1498830, 1996412, 1747035]
39, 0x11dd0418bb466198b47e4e30408ca9896ef9d73cabe0cf980d8804efc2834a65, 9899
    [498815, 748192, 1995141, 748485, 1745764, 499108, 1497559, 1995434, 1746057, 1497852, 1995727, 1498145, 1746350, 1996020, 1746643, 1498438, 499987, 1996313, 1498731, 1746936]
40, 0x3dc90bae66a039f12243c5eb07288cbd18abc4ee0d2d59fa39ca88848bf5e1b3, 9899
    [498758, 748135, 1745707, 1995084, 748428, 499051, 1497502, 1995377, 1746000, 1497795, 1995670, 1746293, 1498088, 1995963, 1746586, 1498381, 499930, 1996256, 1746879, 1498674]
41, 0x3bdf13fd09599ff48fb61dc8fe578f9e8b11868e79c1636e80a68f750aa020b2, 9899
    [498792, 748169, 1995118, 1745741, 748462, 499085, 1497536, 1995411, 1746034, 1497829, 1995704, 1498122, 1746327, 1995997, 1746620, 1498415, 499964, 1996290, 1746913, 1498708]
42, 0x3b2192f05cc761686b42c779265a768b67bb891db1b5896b682cfac3b7b57e90, 9899
    [1497409, 748335, 498958, 1995284, 1745907, 1497702, 1995577, 1746200, 1497995, 1995870, 1746493, 1498288, 499837, 1996163, 1746786, 1498581, 500130, 1498874, 1996456, 1747079]
43, 0x1a1f2e05de6ad0bd5064e526fb987e88e4722363573d8e2d9be9d5111579432b, 9899
    [748128, 1745700, 1995077, 748421, 499044, 1497495, 1995370, 1745993, 1497788, 1995663, 1498081, 1746286, 1995956, 1746579, 1498374, 499923, 1996249, 1746872, 1498667, 500216]
44, 0x282c7b2ed38dcb7b4fb8c93e25572ef1e30c5c63dba7a3f947ec444544b87b80, 9899
    [1745664, 1995041, 1497459, 748385, 499008, 1995334, 1745957, 1497752, 1995627, 1746250, 1498045, 1995920, 1746543, 1498338, 499887, 1996213, 1746836, 1498631, 500180, 1498924]
45, 0x39721a9ccd9e28de12f9d910841c9a98dcaa995488502a21a855dd0be85d8d19, 9899
    [498860, 748237, 1995186, 748530, 1745809, 499153, 1497604, 1995479, 1746102, 1497897, 1995772, 1746395, 1498190, 1996065, 1746688, 1498483, 500032, 1498776, 1746981, 1996358]
46, 0x3ae08940ad8cf9a078ced0ba4d6659e2b8e3f4e08d6b6a18c1aaa74cfaf5ca45, 9899
    [498856, 748233, 1995182, 748526, 1745805, 499149, 1497600, 1995475, 1746098, 1497893, 1995768, 1746391, 1498186, 1996061, 1746684, 1498479, 500028, 1498772, 1746977, 1996354]
47, 0x19d1f8a0e46f9d7e75fbf17bb7e846f1e87d4a23aff6a6e69a4a7ce66ef49253, 9899
    [498798, 748175, 1995124, 1745747, 748468, 499091, 1497542, 1995417, 1746040, 1497835, 1995710, 1498128, 1746333, 1996003, 1746626, 1498421, 499970, 1996296, 1746919, 1498714]
48, 0x1d9321a8c4660c95e2f07e69c4089d8f23d2bde43b9be5a1eabfe60430cedb3a, 9899
    [498806, 748183, 1995132, 1745755, 748476, 499099, 1497550, 1995425, 1746048, 1497843, 1995718, 1498136, 1746341, 1996011, 1746634, 1498429, 499978, 1996304, 1498722, 1746927]
49, 0x0e1ecd6a5796186637619622a4ccce14ecf1baabb08c0159e2d974ef3454c492, 9899
    [498752, 748129, 1745701, 1995078, 748422, 499045, 1497496, 1995371, 1745994, 1497789, 1995664, 1746287, 1498082, 1995957, 1746580, 1498375, 499924, 1996250, 1746873, 1498668]
50, 0x2e7e79913d91b1dda505a8fe33ae67d7c25edd106cc387b335496fcb6ec03fee, 9899
    [498813, 748190, 1995139, 748483, 1745762, 499106, 1497557, 1995432, 1746055, 1497850, 1995725, 1498143, 1746348, 1996018, 1746641, 1498436, 499985, 1996311, 1498729, 1746934]
51, 0x2a7fe24394acbfa8eabf57959438f7967d1e478704064494a270d4cf6023b180, 9899
    [498756, 748133, 1745705, 1995082, 748426, 499049, 1497500, 1995375, 1745998, 1497793, 1995668, 1746291, 1498086, 1995961, 1746584, 1498379, 499928, 1996254, 1746877, 1498672]
52, 0x3f64b0bdb33e9b9151a64cb80a3c91728be793c9c24e84cbfeaf68cb21cf6160, 9899
    [748289, 498912, 1497363, 1995238, 1745861, 1497656, 1995531, 1746154, 1497949, 1995824, 1746447, 1498242, 499791, 1996117, 1498535, 1746740, 500084, 1498828, 1996410, 1747033]
53, 0x16e93168cb5e5a3f2cfeed718a66699c9f89c853cff3a82104d32d198380dfd0, 9899
    [498885, 748262, 1995211, 748555, 1745834, 499178, 1497629, 1995504, 1746127, 1497922, 1995797, 1746420, 1498215, 1996090, 1498508, 1746713, 500057, 1498801, 1747006, 1996383]
54, 0x080512237a2553e2b520d9aee690ca97718f33a05a3f551780ba695b285046c2, 9899
    [498847, 748224, 1995173, 748517, 1745796, 499140, 1497591, 1995466, 1746089, 1497884, 1995759, 1746382, 1498177, 1996052, 1746675, 1498470, 500019, 1498763, 1746968, 1996345]
55, 0x1ae6728dbcbab312b6788ca6ee2b8bdc836d2a50c511960e4ebd309501549b27, 9899
    [498891, 748268, 1995217, 748561, 1745840, 499184, 1497635, 1995510, 1746133, 1497928, 1995803, 1746426, 1498221, 1996096, 1498514, 1746719, 500063, 1498807, 1747012, 1996389]
56, 0x12c397f5ede788a944ad992258570f621174620095b8a1aa3c6e5faa5cb57246, 9899
    [1497407, 748333, 498956, 1995282, 1745905, 1497700, 1995575, 1746198, 1497993, 1995868, 1746491, 1498286, 499835, 1996161, 1746784, 1498579, 500128, 1498872, 1996454, 1747077]
57, 0x2560d2f2bb56a715c81702a58a803b35cbd1336cf72342bbed372b9ee4158239, 9899
    [1745637, 1995014, 1497432, 748358, 498981, 1995307, 1745930, 1497725, 1995600, 1746223, 1498018, 1995893, 1746516, 1498311, 499860, 1746809, 1996186, 1498604, 500153, 1498897]
58, 0x218b76e8974037b1b1c92338cb890c7c75a16a83ef39268bddde4aefa9b1ed52, 9899
    [498896, 748273, 1995222, 748566, 1745845, 499189, 1497640, 1995515, 1746138, 1497933, 1995808, 1746431, 1498226, 1996101, 1498519, 1746724, 500068, 1498812, 1747017, 1996394]
59, 0x15f669608026427f95707503736187aa2b69463afe640f45a0b4a414fb326df7, 9899
    [1497400, 748326, 498949, 1995275, 1745898, 1497693, 1995568, 1746191, 1497986, 1995861, 1746484, 1498279, 499828, 1996154, 1746777, 1498572, 500121, 1498865, 1996447, 1747070]
60, 0x3c7f99275e83a4ffbf752c64099ad2ac2f5dbec412e72a3a29f4329e2dd308e0, 9899
    [498855, 748232, 1995181, 748525, 1745804, 499148, 1497599, 1995474, 1746097, 1497892, 1995767, 1746390, 1498185, 1996060, 1746683, 1498478, 500027, 1498771, 1746976, 1996353]
61, 0x24ffe3ff130e6c57554b3546fb06fac88c10788e9645958361ae6fafb689d499, 9899
    [498848, 748225, 1995174, 748518, 1745797, 499141, 1497592, 1995467, 1746090, 1497885, 1995760, 1746383, 1498178, 1996053, 1746676, 1498471, 500020, 1498764, 1746969, 1996346]
62, 0x10183df541459af8b76548f5af858b582d65182655e342dbf6ed19923c21becf, 9899
    [1497395, 748321, 498944, 1995270, 1745893, 1497688, 1995563, 1746186, 1497981, 1995856, 1746479, 1498274, 499823, 1996149, 1746772, 1498567, 500116, 1498860, 1996442, 1747065]
63, 0x0dd96213f2a761675acfa3180fac7b3dab3b697f09b4763740b38503d4d71e1c, 9899
    [1497403, 748329, 498952, 1995278, 1745901, 1497696, 1995571, 1746194, 1497989, 1995864, 1746487, 1498282, 499831, 1996157, 1746780, 1498575, 500124, 1498868, 1996450, 1747073]
64, 0x09369a70eca24c8913d25a225e0df34f2ef6b008342f52a267f29918056b1256, 9899
    [1497398, 748324, 498947, 1995273, 1745896, 1497691, 1995566, 1746189, 1497984, 1995859, 1746482, 1498277, 499826, 1996152, 1746775, 1498570, 500119, 1498863, 1996445, 1747068]
65, 0x2f694c123612b0f0e5a7391cefc3f878e27c1f14e1fe986557bf5cb8eb94f67c, 9899
    [498871, 748248, 1995197, 748541, 1745820, 499164, 1497615, 1995490, 1746113, 1497908, 1995783, 1746406, 1498201, 1996076, 1498494, 1746699, 500043, 1498787, 1746992, 1996369]
66, 0x22b4d33dde3c208ebd2166e33be15a908ea260b98a51b0a6167d9afea29bc699, 9899
    [498788, 748165, 1995114, 1745737, 748458, 499081, 1497532, 1995407, 1746030, 1497825, 1995700, 1498118, 1746323, 1995993, 1746616, 1498411, 499960, 1996286, 1746909, 1498704]
67, 0x2940de3f12a04f04f6323d5f88bfb1032bdd729a1d17af6f3a53d2d8bbdf5dbd, 9899
    [498781, 748158, 1995107, 1745730, 748451, 499074, 1497525, 1995400, 1746023, 1497818, 1995693, 1498111, 1746316, 1995986, 1746609, 1498404, 499953, 1996279, 1746902, 1498697]
68, 0x3882627b09f9ce60c016e9febbae7ff112b1e96c21ba0ab8c5943eb4b1be0276, 9899
    [498809, 748186, 1995135, 1745758, 748479, 499102, 1497553, 1995428, 1746051, 1497846, 1995721, 1498139, 1746344, 1996014, 1746637, 1498432, 499981, 1996307, 1498725, 1746930]
69, 0x328a4d65084cb5e05b6d0e49f1e469b5b5843c9e3537bb8862a4801fe000fe6e, 9899
    [498828, 748205, 1995154, 748498, 1745777, 499121, 1497572, 1995447, 1497865, 1746070, 1995740, 1498158, 1746363, 1996033, 1746656, 1498451, 500000, 1498744, 1746949, 1996326]
70, 0x295ccb914329c59bcb3f291a16961ebc32e755ad1cc67c06a61dd24340131856, 9899
    [498836, 748213, 1995162, 748506, 1745785, 499129, 1497580, 1995455, 1497873, 1746078, 1995748, 1746371, 1498166, 1996041, 1746664, 1498459, 500008, 1498752, 1746957, 1996334]
71, 0x303973ad29fc927f7ca2aff8ae8c1e0983d962e8569c312036049c9cc989740b, 9899
    [748145, 498768, 1745717, 1995094, 748438, 499061, 1497512, 1995387, 1746010, 1497805, 1995680, 1498098, 1746303, 1995973, 1746596, 1498391, 499940, 1996266, 1746889, 1498684]
72, 0x399b95a127d3d123a3b7da459fcde8918efcf0437899c6b0c210f5c20270c828, 9899
    [1745685, 1995062, 748406, 499029, 1497480, 1995355, 1745978, 1497773, 1995648, 1746271, 1498066, 1995941, 1746564, 1498359, 499908, 1996234, 1746857, 1498652, 500201, 1498945]
73, 0x14c1c2b6ecb8da804c28880623a5b2f0a353e3cc243e063b3d18a9385df09ce4, 9899
    [1745689, 1995066, 748410, 499033, 1497484, 1995359, 1745982, 1497777, 1995652, 1746275, 1498070, 1995945, 1746568, 1498363, 499912, 1996238, 1746861, 1498656, 500205, 1498949]
74, 0x00518a46c3fe44a7b575d830a24466e18bc515b3a4150e0705bfe6b477aa32a1, 9899
    [1745655, 1995032, 1497450, 748376, 498999, 1995325, 1745948, 1497743, 1995618, 1746241, 1498036, 1995911, 1746534, 1498329, 499878, 1996204, 1746827, 1498622, 500171, 1498915]
75, 0x0f98c3971500316563f6e8e207165a3e281d1116e2b24e47fded59a21b2e4906, 9899
    [1497417, 748343, 498966, 1995292, 1745915, 1497710, 1995585, 1746208, 1498003, 1995878, 1746501, 1498296, 499845, 1996171, 1746794, 1498589, 500138, 1498882, 1996464, 1747087]
76, 0x0efb92e6b86c4ff96da33a7b8e62c4340f3667458770f7742d81bf30653ed7f6, 9899
    [498851, 748228, 1995177, 748521, 1745800, 499144, 1497595, 1995470, 1746093, 1497888, 1995763, 1746386, 1498181, 1996056, 1746679, 1498474, 500023, 1498767, 1746972, 1996349]
77, 0x2a813211dfcb2932e9e369ee707d6bef4b0caaf671f839aa40420e854938f4a4, 9899
    [498868, 748245, 1995194, 748538, 1745817, 499161, 1497612, 1995487, 1746110, 1497905, 1995780, 1746403, 1498198, 1996073, 1746696, 1498491, 500040, 1498784, 1746989, 1996366]
78, 0x39cd3ab88bb7872777b22fb0aa08529bdf84d33327c15cd3f0860ede8588d2d5, 9899
    [498865, 748242, 1995191, 748535, 1745814, 499158, 1497609, 1995484, 1746107, 1497902, 1995777, 1746400, 1498195, 1996070, 1746693, 1498488, 500037, 1498781, 1746986, 1996363]
79, 0x0e1cfc0c11b7a7e9b1995edb3bc8cbc204e1d97d32f58a1fa52ba471387f4a87, 9899
    [1497387, 748313, 498936, 1995262, 1745885, 1497680, 1995555, 1746178, 1497973, 1995848, 1746471, 1498266, 499815, 1996141, 1746764, 1498559, 500108, 1498852, 1996434, 1747057]
80, 0x2e56768f25b6f18869ae34b789038140a5fb5b9d3096aa52e274f1f54abd17fe, 9899
    [1745653, 1995030, 1497448, 748374, 498997, 1995323, 1745946, 1497741, 1995616, 1746239, 1498034, 1995909, 1746532, 1498327, 499876, 1996202, 1746825, 1498620, 500169, 1498913]
81, 0x134047ba0e6b6a4c88bcfacb89ea1410018f1a22ca30d84a1c91c140acb0498f, 9899
    [1497379, 748305, 498928, 1995254, 1745877, 1497672, 1995547, 1746170, 1497965, 1995840, 1746463, 1498258, 499807, 1996133, 1746756, 1498551, 500100, 1498844, 1996426, 1747049]
82, 0x31f0c17161a12d768f71f607e09eafc39f4caee50e6bbc4051777a4eec06415d, 9899
    [498784, 748161, 1995110, 1745733, 748454, 499077, 1497528, 1995403, 1746026, 1497821, 1995696, 1498114, 1746319, 1995989, 1746612, 1498407, 499956, 1996282, 1746905, 1498700]
83, 0x2dcc6b4f338549df100406f2bd83b007711226a16aeb8c9fae26275f41747d1b, 9899
    [498892, 748269, 1995218, 748562, 1745841, 499185, 1497636, 1995511, 1746134, 1497929, 1995804, 1746427, 1498222, 1996097, 1498515, 1746720, 500064, 1498808, 1747013, 1996390]
84, 0x085df9e69db3c370ad08b30c78f0b3f57f41f88d153cb9ca4fdd3eaff74f0a22, 9899
    [498799, 748176, 1995125, 1745748, 748469, 499092, 1497543, 1995418, 1746041, 1497836, 1995711, 1498129, 1746334, 1996004, 1746627, 1498422, 499971, 1996297, 1746920, 1498715]
85, 0x3a862b4fb8c4b970080e4a063f95cdfcbbdc7a776b3e0ce9da709ac3f759ec7b, 9899
    [748142, 498765, 1745714, 1995091, 748435, 499058, 1497509, 1995384, 1746007, 1497802, 1995677, 1498095, 1746300, 1995970, 1746593, 1498388, 499937, 1996263, 1746886, 1498681]
86, 0x396cf546de35261edc5d9ca750c06134b4d853e9eca9a4186c3a43e5780bc57b, 9899
    [748301, 498924, 1497375, 1995250, 1745873, 1497668, 1995543, 1746166, 1497961, 1995836, 1746459, 1498254, 499803, 1996129, 1498547, 1746752, 500096, 1498840, 1996422, 1747045]
87, 0x1ae1041de3bc7520d4985cfa1ce55a62a9f88c322a9c2f625d8401c6f5215f61, 9899
    [1745675, 1995052, 1497470, 748396, 499019, 1995345, 1745968, 1497763, 1995638, 1746261, 1498056, 1995931, 1746554, 1498349, 499898, 1996224, 1746847, 1498642, 500191, 1498935]
88, 0x01bad183ac91361fcf6d370ae6d4484cfcdafd916ab4775a99199eda3c4e7867, 9899
    [748141, 498764, 1745713, 1995090, 748434, 499057, 1497508, 1995383, 1746006, 1497801, 1995676, 1498094, 1746299, 1995969, 1746592, 1498387, 499936, 1996262, 1746885, 1498680]
89, 0x13bca9a5def42853591544ecfa579ed081067deacc5cb6504c557e3c936e7a36, 9899
    [498890, 748267, 1995216, 748560, 1745839, 499183, 1497634, 1995509, 1746132, 1497927, 1995802, 1746425, 1498220, 1996095, 1498513, 1746718, 500062, 1498806, 1747011, 1996388]
90, 0x0167f95a5aff314212ef8fe60920dc24119cf8698dcbb1012b42ed8365f87f78, 9899
    [498772, 748149, 1995098, 1745721, 748442, 499065, 1497516, 1995391, 1746014, 1497809, 1995684, 1498102, 1746307, 1995977, 1746600, 1498395, 499944, 1996270, 1746893, 1498688]
91, 0x328a077dda77f5c33bdc32ab33c6d165c653d70b86f792cba52a2d3d17d32b06, 9899
    [498850, 748227, 1995176, 748520, 1745799, 499143, 1497594, 1995469, 1746092, 1497887, 1995762, 1746385, 1498180, 1996055, 1746678, 1498473, 500022, 1498766, 1746971, 1996348]
92, 0x1e7742e0f60db8cbc8806bb8ad65f80aa3367a6332da19e76dec713c8f53e6ed, 9899
    [1497427, 748353, 498976, 1995302, 1745925, 1497720, 1995595, 1746218, 1498013, 1995888, 1746511, 1498306, 499855, 1996181, 1746804, 1498599, 500148, 1498892, 1996474, 1747097]
93, 0x00a1a6534bc4e04dc62008eff24b3cc3a9a440e40b21a6b3fa73722b7106f854, 9899
    [498833, 748210, 1995159, 748503, 1745782, 499126, 1497577, 1995452, 1497870, 1746075, 1995745, 1746368, 1498163, 1996038, 1746661, 1498456, 500005, 1498749, 1746954, 1996331]
94, 0x33a541a46685b61fc3688e779a5bd0b432407205690f4999eb9fa7828a0d95bf, 9899
    [498887, 748264, 1995213, 748557, 1745836, 499180, 1497631, 1995506, 1746129, 1497924, 1995799, 1746422, 1498217, 1996092, 1498510, 1746715, 500059, 1498803, 1747008, 1996385]
95, 0x00aa25281bed65839143b1f295b44e58c3e823b7c31f91b33ba277d3592525bf, 9899
    [498899, 748276, 1995225, 748569, 1745848, 499192, 1497643, 1995518, 1746141, 1497936, 1995811, 1746434, 1498229, 1996104, 1498522, 1746727, 500071, 1498815, 1747020, 1996397]
96, 0x00605543a7344fb940eae1d3979b43a6e38b1384b18e944f484fa954faf5c288, 9899
    [498816, 748193, 1995142, 748486, 1745765, 499109, 1497560, 1995435, 1746058, 1497853, 1995728, 1498146, 1746351, 1996021, 1746644, 1498439, 499988, 1996314, 1498732, 1746937]
97, 0x2705bcb4d857af7b9851881c4b4aa35b29d013a24676b5ea60864bf30d478395, 9899
    [1497408, 748334, 498957, 1995283, 1745906, 1497701, 1995576, 1746199, 1497994, 1995869, 1746492, 1498287, 499836, 1996162, 1746785, 1498580, 500129, 1498873, 1996455, 1747078]
98, 0x1ffba1f0e0c563bac01fa7fc77c64f9564901130509b55482da3ab474d00d3bc, 9899
    [1497413, 748339, 498962, 1995288, 1745911, 1497706, 1995581, 1746204, 1497999, 1995874, 1746497, 1498292, 499841, 1996167, 1746790, 1498585, 500134, 1498878, 1996460, 1747083]
99, 0x0af2cf87fb15f71f698b19343283c24fa63beb3c321b923f1206401a85f880a9, 9899
    [1745644, 1995021, 1497439, 748365, 498988, 1995314, 1745937, 1497732, 1995607, 1746230, 1498025, 1995900, 1746523, 1498318, 499867, 1996193, 1746816, 1498611, 500160, 1498904]
6f5da, 9899
    [1995239, 1745862, 1995532, 1497364, 1621320, 1995825, 1497657, 1746155, 1621613, 2994276, 1996118, 1497950, 1746448, 1621906, 1996411, 2994569, 1498243, 1996704, 1622199, 1622492]
99, 0x1b1066947c5eaa42e4f7361cf3cfba83841b001fd1ea4953b5498b56af295900, 9899
    [1745726, 1995103, 1995396, 1746019, 1995689, 1497521, 1621477, 1995982, 1497814, 1746312, 1621770, 1996275, 2994433, 1498107, 1622063, 1996568, 2994726, 1746605, 1498400, 1996861]
