scalars length: 9722443
freq>1000 (count, total, %):         42,    5081315,      52.26%
freq>500  (count, total, %):         95,    5113396,      52.59%
freq>100  (count, total, %):      12119,    6946141,      71.44%
freq>20   (count, total, %):      12185,    6947994,      71.46%

top 100 values:
 0, 0x0000000000000000000000000000000000000000000000000000000000000000, 4971523
    [1215305, 1215306, 1215307, 1215308, 1215309, 1215310, 1215311, 1215312, 1215313, 1215314, 1215315, 1215316, 1215317, 1215318, 1215319, 1215320, 1215321, 1215322, 1215323, 1215324]
 1, 0x0000000000000000000000000000000000000000000000000000000000000001, 6084
    [2, 15, 1631, 1635, 1692, 1882, 2693, 2828, 2835, 2865, 2935, 4110, 4113, 4141, 4149, 4152, 4180, 5425, 5476, 5498]
 2, 0x0000000000000000000000000000000044796140c924078e7af8184c2df7ce5a, 5423
    [4862915, 4862978, 4862981, 1216213, 1216214, 1216215, 1216216, 1216219, 1216231, 1216242, 912804, 1216306, 912824, 912828, 912832, 913076, 914093, 914094, 914095, 914096]
 3, 0x00000000000000000000000000000000d791dbc8a0f95811391c480160fc18ef, 5171
    [1215939, 4863367, 4863375, 913819, 1592, 1808, 1813, 2434194, 2434214, 2434218, 2434222, 2434466, 2434475, 2434483, 611699, 2435483, 2435485, 2435489, 2435501, 2435516]
 4, 0x00000000000000000000000000000000e861ba50a4eac0a05d411fe03dde36df, 4905
    [4862959, 1216890, 1216893, 1216895, 1216931, 1217031, 1217056, 1217068, 1717, 1765, 914770, 914773, 914775, 914811, 914911, 914936, 914948, 1218020, 1218030, 1218032]
 5, 0x00000000000000000000000000000000b840cf4adea9e71c28202a7ca5762fbe, 4773
    [4861841, 4861850, 4861854, 4863326, 4863328, 1216814, 1216823, 1216858, 1216860, 1679, 914694, 914703, 914738, 914740, 2669, 2906, 2436160, 2436163, 2436165, 2436201]
 6, 0x00000000000000000000000000000000507f303fce23a3978189df1f5457a562, 4510
    [1215895, 1215958, 1215961, 1216056, 913775, 913838, 913841, 913936, 4863910, 4863913, 4863915, 4863951, 4864051, 4864076, 4864088, 1600, 1624, 1797, 4865040, 4865050]
 7, 0x000000000000000000000000000000002a7f79e89b35b00ee4ef58bf466cfdf0, 4395
    [1216335, 1216347, 1216355, 1216357, 4863834, 4863843, 4863848, 4863878, 4863880, 1604, 914215, 914227, 914235, 914237, 1711, 1845, 2755, 2435165, 2435228, 2435326]
 8, 0x3fffffffffffffffffffffffffffffff6a05c9b12aeac1c16426c0a45a89d043, 4377
    [4863325, 4863327, 4863329, 1216830, 1216870, 1216888, 1216889, 1751, 1752, 914710, 914750, 914768, 914769, 2908, 2436178, 2436200, 2436382, 612590, 2437161, 612630]
 9, 0x3fffffffffffffffffffffffffffffff4ab4bd33689b50cc532aa31f9f03e712, 4120
    [1216038, 2430976, 2430982, 4863374, 4863414, 913918, 2434195, 2434217, 2434223, 1826736, 1826742, 2434469, 611798, 2435486, 2435490, 2435502, 2435520, 2435544, 2435555, 309678]
10, 0x3fffffffffffffffffffffffffffffffddcd37bb4070a14f114ed2d4d20831a7, 4118
    [4862982, 1216250, 912805, 1216274, 4863086, 1216285, 1216305, 912827, 912833, 913093, 914130, 914154, 914165, 914185, 305346, 305352, 1825770, 610685, 610707, 610713]
11, 0x3fffffffffffffffffffffffffffffffd1c768bc3b7105460abd0c01aba85a9f, 3589
    [1215962, 1216057, 913842, 913937, 4863916, 4863928, 4863950, 4864132, 1737, 4864911, 4865062, 4865064, 4865065, 2882, 611722, 611817, 2436094, 2436100, 2436158, 2436159]
12, 0x0000000000000000000000000000000337ac70cd570b5b029feee2890d0cf138, 3465
    [912701, 912714, 4861964, 4862216, 4863233, 4863235, 4863239, 4863251, 610581, 610594, 2695, 2733, 2855, 2435209, 308461, 308474, 5483, 5817, 5823, 6631]
13, 0x3ffffffffffffffffffffffffffffffff7c71f136e5ef8cea7579261b9930211, 3341
    [1216348, 1216354, 1216358, 304380, 1216376, 1216394, 4863850, 4863908, 4863909, 914228, 914234, 914238, 914256, 914274, 1790, 2435327, 2435336, 612108, 612114, 612118]
14, 0x3fffffffffffffffffffffffffffffff39e4deab64a9e83d2f05cb40c221c922, 3216
    [1216908, 1216930, 1217112, 914788, 914810, 1217891, 914992, 1218042, 1218044, 1218045, 915771, 915922, 915924, 915925, 2916, 612668, 612690, 612872, 4869516, 4869522]
15, 0x00000000000000000000000000000000fcba308ba7cdeeaaa31842c8d36dfe18, 2587
    [912784, 912788, 912792, 1598, 1620, 1721, 1826, 2720, 610664, 610668, 610672, 2434151, 2434155, 2434157, 308544, 308548, 308552, 5886, 5908, 1829911]
16, 0x00000000000000000000000000000001e51beadc4cb8af4b005962a9114c34f7, 2582
    [4861844, 4861865, 4861928, 4861929, 4861932, 4861968, 4861969, 4861972, 4862009, 4862021, 4862049, 4862061, 4862089, 4862101, 4862129, 4862141, 4862169, 4862181, 4862214, 4863322]
17, 0x000000000000000000000000000000012cdb1b916e0ec82ed839382c6bd60539, 2464
    [4861847, 4861848, 4861851, 4862264, 4862265, 4862270, 4862275, 4862276, 4862830, 4862882, 4863210, 1733, 1739, 1844, 4865028, 4865030, 2780, 2888, 2435556, 2435559]
18, 0x000000000000000000000000000000018fd2ab137fa33f2d613c727e067248ad, 2462
    [4863306, 4863309, 1708, 2738, 2777, 2904, 5448, 5797, 5918, 5951, 5952, 5992, 6465, 7265, 7391, 7690, 7694, 7731, 7956, 4872637]
19, 0x00000000000000000000000000000001e051db534dc6e2c4e2c6519d5ac9ee0f, 2458
    [1667, 2842, 5492, 5812, 6048, 6459, 6550, 6803, 7478, 7605, 7708, 7740, 7748, 7792, 7881, 7895, 4872634, 4872655, 4872695, 4872719]
20, 0x000000000000000000000000000000020f9b64c4e7ee5f59e548bb6857b932e7, 2338
    [912704, 912710, 912725, 912789, 1216302, 1216308, 912829, 912869, 912881, 912909, 912921, 912949, 912961, 912989, 913001, 913029, 913041, 913074, 1597, 914182]
21, 0x00000000000000000000000000000001575a957a0944783dbd2890ebb2430329, 2326
    [1706, 1745, 1807, 1843, 1859, 2679, 2843, 2873, 5470, 5491, 5686, 5725, 5901, 5994, 6005, 6773, 7263, 7378, 7472, 7680]
22, 0x3ffffffffffffffffffffffffffffffcea9a282eb2894ddaec580897f2f30ec9, 2294
    [4863270, 4863294, 4863305, 4868550, 2441766, 2441772, 4874164, 4874204, 1837526, 1837532, 2446310, 2446334, 2446345, 1233286, 1233292, 1842070, 1842094, 1842105, 2451590, 931166]
23, 0x0000000000000000000000000000000112e13439402070af4230789f844b34cf, 2199
    [912761, 912765, 1707, 1787, 1789, 2759, 610641, 610645, 308521, 308525, 5743, 5807, 5960, 6001, 6814, 7285, 7309, 7327, 7334, 7367]
24, 0x0000000000000000000000000000000128110c086f1cfba8baa62720b553be51, 2198
    [1215810, 1215862, 4861901, 912707, 912711, 1216190, 913124, 913130, 913135, 913136, 913690, 913742, 914070, 1705, 1754, 1834, 1218008, 610587, 610591, 915888]
25, 0x00000000000000000000000000000001d44c0c5448c746bbdc348aca346a1707, 2183
    [1672, 1879, 2689, 2691, 5757, 6483, 6500, 7298, 7422, 7654, 7696, 7700, 7715, 7784, 7841, 7849, 8588, 9189, 9223, 9349]
26, 0x00000000000000000000000000000002bcadc6a4edb2075c3975aaaa72484de6, 2084
    [1622, 1716, 1820, 2879, 5467, 6541, 6620, 6746, 6767, 7316, 7333, 7629, 7677, 7870, 8483, 8487, 8697, 9254, 4883424, 4883445]
27, 0x0000000000000000000000000000000224cb3c9416eaea535dbe69e988c1bc69, 2077
    [2764, 2434094, 2434115, 2434179, 2434219, 2434259, 2434271, 2434299, 2434311, 2434339, 2434351, 2434379, 2434391, 2434419, 2434431, 2434464, 2435572, 1829854, 1829875, 5851]
28, 0x00000000000000000000000000000002e72d408d88e7b76b1e650369b8b54bd6, 1955
    [1609, 1611, 1643, 1714, 1720, 5786, 5981, 6038, 6493, 6551, 6606, 6777, 7649, 7838, 7864, 8409, 8460, 8525, 8537, 8583]
29, 0x000000000000000000000000000000030d2cf6e4bbd5aaf3baff89c9c69ff348, 1820
    [4861924, 1216286, 1216289, 914166, 914169, 1710, 2717, 2434097, 2434101, 2897, 2434514, 2434520, 2434525, 2434526, 2435080, 2435132, 2435460, 612046, 612049, 2437278]
30, 0x3ffffffffffffffffffffffffffffffe9273ede889f169b02b0a78a2f98db754, 1416
    [4863307, 4863425, 2907, 4873064, 4873686, 4873766, 4873932, 4873982, 4875817, 4875819, 2446347, 2446465, 1842107, 1842225, 4883507, 4883513, 1237867, 1237985, 2456104, 2456726]
31, 0x3ffffffffffffffffffffffffffffffef56b7d6a9b85e0aeb40db2f49429fac8, 1416
    [4862274, 4862896, 4862976, 4863142, 4863192, 4865027, 4865029, 4865034, 2435557, 2435675, 1831317, 1831435, 1227077, 1227195, 2445314, 924957, 2445936, 2446016, 925075, 2446182]
32, 0x3fffffffffffffffffffffffffffffff258c687061c6ba32e92ea8582c9201e9, 1409
    [912787, 912793, 610667, 610673, 2434154, 308547, 308553, 1829914, 1225674, 923554, 621434, 319314, 17194, 4895795, 4905434, 4906056, 4906136, 4906302, 4906352, 4908187]
33, 0x3fffffffffffffffffffffffffffffff0f6564c2c974382e4a1672817bb4cb32, 1281
    [912764, 610644, 308524, 4885005, 4894644, 4895266, 4895346, 4895512, 4895562, 2468045, 4897397, 4897399, 4897404, 2477684, 1863805, 2478306, 2478386, 2478552, 2478602, 2480437]
34, 0x3ffffffffffffffffffffffffffffffefa358cf39a77ad34d1a0c4004aac41b0, 1281
    [1215876, 1215956, 1216122, 1216172, 913134, 913756, 913836, 914002, 914052, 1218007, 1218009, 915887, 915889, 2434177, 2434183, 611014, 611636, 611716, 611882, 611932]
35, 0x3ffffffffffffffffffffffffffffffd3b19586e80acf1726de1e7b7474ab42b, 1160
    [4874215, 4883854, 4884476, 4884556, 4884562, 4884722, 4884772, 4886607, 4886609, 2457255, 1853015, 2466894, 1248775, 2467516, 2467596, 2467602, 2467762, 2467812, 2469647, 2469649]
36, 0x3ffffffffffffffffffffffffffffffc80bfafb975e9a65c17426ba008872485, 1156
    [1216894, 1217032, 1217069, 914774, 914912, 914949, 2434092, 2434105, 612654, 612792, 612829, 1829852, 1829865, 310534, 310672, 310709, 1225612, 1225625, 4872776, 923492]
37, 0x00000000000000000000000000000001a7d9c5b9d7681bd53eb2700b069aa88b, 1045
    [912801, 2779, 2789, 610681, 2939, 308561, 5421, 5820, 5954, 6486, 6528, 6583, 6661, 7337, 7349, 7464, 7469, 7797, 7939, 8473]
38, 0x0000000000000000000000000000000170819e95bd53ce38504054f94aec5f7c, 1029
    [912810, 1216826, 1216862, 914706, 914742, 610690, 2436341, 308570, 612586, 612622, 2437302, 310466, 310502, 1832101, 1833062, 1227861, 1228822, 925741, 926702, 623621]
39, 0x00000000000000000000000000000001af23b79141f2b02272389002c1f831de, 1029
    [2434206, 2434240, 2435504, 1829966, 1830000, 1831264, 1225726, 1225760, 1227024, 923606, 923640, 924904, 621486, 621520, 319366, 319400, 622784, 320664, 17246, 4883530]
40, 0x0000000000000000000000000000000088f2c28192480f1cf5f030985bef9cb4, 1028
    [1216220, 912816, 912850, 914100, 610696, 610730, 611980, 308576, 308610, 309860, 4874636, 4874672, 4885671, 4886632, 2457676, 2457712, 4895699, 1853436, 1853472, 1249196]
41, 0x3ffffffffffffffffffffffffffffffd1519a2174dbefde9d147615739600cb9, 1028
    [1216405, 914285, 2434524, 2435146, 2435226, 2435392, 2435442, 612165, 2437277, 2437279, 310045, 1830284, 1830906, 1830986, 1831152, 1831202, 1833037, 1833039, 1226044, 1226666]
42, 0x00000000000000000000000000000001529085f10a52abb79f957fdffbc0bc41, 794
    [4861981, 4861985, 4862241, 1646, 1743, 2686, 2711, 2804, 2913, 2435323, 2435363, 5443, 5518, 5859, 6011, 6041, 6671, 1831083, 1831123, 6731]
43, 0x00000000000000000000000000000001fecb863ce3fcf6cac123e3897ad714f7, 787
    [1793, 1861, 2670, 2769, 2853, 2434191, 2930, 5430, 5484, 5749, 5766, 5866, 1829951, 5945, 6492, 6630, 6664, 6669, 7358, 7428]
44, 0x00000000000000000000000000000008a309b7826ff6d551e181fdd7c18a3ce8, 772
    [4873838, 4883534, 4883807, 4883809, 2456878, 1852638, 2466574, 4895727, 1248398, 2466847, 2466849, 946278, 342038, 644158, 4906248, 1862334, 1862607, 1862609, 1258094, 1258367]
45, 0x3fffffffffffffffffffffffffffffff7848b1599cbde8a1f8898823e64c0841, 771
    [304091, 4874879, 4883422, 4883435, 2457919, 2466462, 2466475, 1853679, 1249439, 947319, 343079, 4905146, 4906422, 1862222, 645199, 1862235, 1257982, 1257995, 955862, 955875]
46, 0x00000000000000000000000000000000a9fde7a26cd6c03b93bd62fd19b3f7c0, 771
    [4874707, 4874742, 4875846, 2457747, 2457782, 2458886, 1853507, 1853542, 1249267, 1249302, 1854646, 1250406, 947147, 947182, 948286, 342907, 342942, 344046, 4905381, 4906414]
47, 0x0000000000000000000000000000000250221810de39f751754c4e416aa77ca2, 770
    [4861906, 1215877, 1215957, 1216123, 913137, 913757, 913837, 914003, 2434166, 611017, 611637, 611717, 611883, 308897, 309517, 309597, 309763, 1829926, 1225686, 923566]
48, 0x3ffffffffffffffffffffffffffffffe3d2aae1fbcdbf9928bed8877eeb3cb0a, 768
    [4861927, 4861933, 4861967, 4861973, 4862251, 4862262, 2444967, 2444973, 2445007, 2445013, 2445291, 2445302, 1840727, 1840733, 1840767, 1840773, 1841051, 1841062, 1236487, 1236493]
49, 0x35ccd97b6c329116799957cc30ad1f9637148c75ca4066f1f8f1425747f57f6c, 768
    [4861970, 4862010, 4862050, 4862090, 4862130, 4862170, 2445010, 2445050, 2445090, 2445130, 2445170, 2445210, 1840770, 1840810, 1840850, 1840890, 1840930, 1840970, 1236530, 1236570]
50, 0x000000000000000000000000000000014d3960cb75f1924224a221e827c5a37a, 668
    [1216053, 1216093, 913933, 913973, 1623, 1709, 1770, 2674, 2807, 2808, 2434231, 2434491, 611813, 611853, 309693, 309733, 5515, 5796, 5888, 1829991]
51, 0x00000000000000000000000000000001cb2203841eca57cb6a50a31c29c1648d, 660
    [4861941, 912841, 913101, 1663, 1675, 1830, 2729, 610721, 2926, 610981, 308601, 308861, 5433, 5830, 5842, 5949, 6444, 6476, 7302, 7447]
52, 0x00000000000000000000000000000002046cf75a0f0820401155802dccd21e28, 657
    [2705, 6449, 6450, 6469, 6567, 6584, 6690, 6838, 7674, 8430, 8526, 8580, 9198, 9320, 4873863, 4873903, 4883561, 4883821, 2456903, 2456943]
53, 0x00000000000000000000000000000002c8b395a3f2b1a3654007717d98a824ee, 651
    [4863073, 4863113, 1665, 2699, 2725, 6607, 7577, 7767, 8371, 4872771, 4873031, 9342, 9402, 2446113, 2446153, 1841873, 1841913, 1237633, 1237673, 2455811]
54, 0x1276b06a56ef033306e7750717716f900162d0582e0d31af5c259ab7f3799145, 645
    [2434256, 2434296, 2434336, 2434376, 2434416, 1830016, 1830056, 1830096, 1830136, 1830176, 1225776, 1225816, 1225856, 1225896, 1225936, 923656, 923696, 923736, 923776, 923816]
55, 0x3ffffffffffffffffffffffffffffffe7322e16ac7a1f8bb1a0e5b1e3e07ce23, 645
    [4863353, 4863376, 4863396, 2435512, 1831272, 1227032, 924912, 2446393, 2446416, 2446436, 622792, 320672, 1842153, 1842176, 1842196, 18552, 1237913, 1237936, 1237956, 4885470]
56, 0x3fffffffffffffffffffffffffffffff9953d67a774c99c09656ba88a410634d, 645
    [2435626, 2435646, 1831386, 1831406, 4872748, 1227146, 1227166, 925026, 925046, 622906, 622926, 320786, 320806, 18666, 18686, 4885496, 4885632, 2455788, 1851548, 1247308]
57, 0x3881313519a946a5aaa0cbc06458870662bf5319d9fe1faf2ab49c9851764196, 645
    [4883586, 4883626, 4883666, 4883706, 4883746, 2466626, 2466666, 2466706, 2466746, 2466786, 1862386, 1862426, 1862466, 1862506, 1862546, 1258146, 1258186, 1258226, 1258266, 1258306]
58, 0x3ffffffffffffffffffffffffffffffe5183245abfbf279cd1c4ab6084439243, 644
    [2435579, 1831339, 1227099, 4874143, 924979, 622859, 320739, 18619, 4884956, 4884976, 2457183, 1852943, 1248703, 2467996, 2468016, 946583, 342343, 4905118, 644463, 1863756]
59, 0x3fffffffffffffffffffffffffffffffcd47a52ad32948bfc26839a273260421, 644
    [4861952, 1216356, 4863890, 914236, 2435344, 612116, 309996, 1831104, 1226864, 2444992, 924744, 2446930, 1840752, 622624, 320504, 1842690, 1236512, 18384, 4884909, 1238450]
60, 0x0000000000000000000000000000000a1ad64d678bb020cead5360108bd12b34, 644
    [1216028, 913908, 2434204, 2434477, 2434479, 611788, 309668, 1829964, 1830237, 1830239, 1225724, 1225997, 1225999, 4873878, 923604, 923877, 923879, 621484, 319364, 319637]
61, 0x3ffffffffffffffffffffffffffffffeb1c4fa664c40daa53c069627b513a085, 643
    [2436166, 2436302, 1831926, 1832062, 1227686, 1227822, 925566, 925702, 623446, 623582, 321326, 321462, 4884842, 19206, 19342, 4895746, 4895766, 2467882, 1863642, 2478786]
62, 0x00000000000000000000000000000003a186e94293ab028175047f80f778db7c, 641
    [1216897, 1216932, 914777, 914812, 1218036, 915916, 612657, 612692, 613796, 310537, 310572, 311676, 4873011, 2456051, 1851811, 1247571, 945451, 341211, 643331, 4907044]
63, 0x0000000000000000000000000000000335b08f096db05aadc3a12392279dac38, 641
    [1216240, 912814, 913089, 914120, 610694, 610969, 2435607, 612000, 308574, 308849, 309880, 1831367, 1227127, 925007, 622887, 320767, 18647, 4906208, 4915904, 4916179]
64, 0x2e46f32c79fddc6940f2e415b2e715d6745fccfb07f3e909573226c3785ca968, 641
    [4862022, 4862062, 4862102, 4862142, 4862182, 2445062, 2445102, 2445142, 2445182, 2445222, 1840822, 1840862, 1840902, 1840942, 1840982, 1236582, 1236622, 1236662, 1236702, 1236742]
65, 0x2d21e942d4177377bc204ba6bd82a0796111338a8362a2f4726cc8e0c87eba05, 640
    [4862006, 4862046, 4862086, 4862126, 4862166, 2445046, 2445086, 2445126, 2445166, 2445206, 1840806, 1840846, 1840886, 1840926, 1840966, 1236566, 1236606, 1236646, 1236686, 1236726]
66, 0x0f22367e221b89294f643498a2e99e933f6d97f40f88e868286aae9bd94b54da, 640
    [4894376, 4894416, 4894456, 4894496, 4894536, 2477416, 2477456, 2477496, 2477536, 2477576, 1268936, 1268976, 1269016, 1873176, 1873216, 1269056, 1873256, 1269096, 1873296, 1873336]
67, 0x3f1af052f7606c805d12639b1393c99fb756c535c1ac4e2367a7d24368e8c187, 640
    [912866, 912906, 912946, 912986, 913026, 610746, 610786, 610826, 610866, 610906, 308626, 308666, 308706, 308746, 308786, 4915956, 4915996, 4916036, 4916076, 4916116]
68, 0x274fe657863b0009c92eb0575531eb7072178fac5c55e635d89d28180a651e8a, 640
    [4872796, 4872836, 4872876, 4872916, 4872956, 2455836, 2455876, 2455916, 2455956, 2455996, 1851596, 1851636, 1851676, 1851716, 1851756, 1247356, 1247396, 1247436, 1247476, 1247516]
69, 0x3ffffffffffffffffffffffffffffffee049d7fcd1061a7f861f6ea3aea16a79, 639
    [1216074, 913954, 4864089, 611834, 309714, 2447129, 1842889, 1238649, 936529, 4894356, 332289, 634409, 30169, 4900631, 4906556, 2477396, 2483671, 4917044, 1268916, 1873156]
70, 0x267ecbd9eb8ab9ae39e773cbd9bf95b908e28d7cda762def7b0d69ff01a966f9, 635
    [4905166, 4905206, 4905246, 4905286, 4905326, 2488206, 2488246, 2488286, 2488326, 2488366, 1279726, 1883966, 1884006, 1279766, 1279806, 1279846, 1884046, 1279886, 1884086, 1884126]
71, 0x3ffffffffffffffffffffffffffffffdfd7b5c67f2a9be8a2e888137773e4398, 516
    [2434095, 2434116, 2434501, 2434512, 1829855, 1829876, 1830261, 1830272, 1225615, 1225636, 1226021, 1226032, 923495, 923516, 923901, 923912, 621375, 621396, 319255, 319276]
72, 0x3ffffffffffffffffffffffffffffffd6598d2571be2a18152d140768db7b21b, 516
    [4883425, 4883446, 4883831, 4883842, 2466465, 2466486, 2466871, 2466882, 1862225, 1862246, 1862631, 1862642, 1257985, 1258006, 1258391, 1258402, 955865, 955886, 956271, 956282]
73, 0x3fffffffffffffffffffffffffffffff106113f8e5048aa3a06689f04820c699, 516
    [1825481, 1221241, 919121, 4872736, 617001, 314881, 12761, 4885494, 4885669, 2455776, 1851536, 1247296, 945176, 2468534, 2468709, 340936, 643056, 38816, 1864294, 1864469]
74, 0x00000000000000000000000000000000a0fe607f9c47472f0313be3ea8af4ac4, 516
    [4864091, 4865052, 2434200, 2436134, 1829960, 1831894, 1225720, 1227654, 923600, 925534, 2447131, 621480, 319360, 2448092, 623414, 321294, 1842891, 17240, 1843852, 19174]
75, 0x3ff01c64d3c33748c354d261e25bd02a2a7d343b16539ffa337019fedc50327e, 516
    [2434527, 2435147, 2435227, 2435393, 1830287, 1830907, 1830987, 1831153, 1226047, 1226667, 1226747, 1226913, 923927, 924547, 924627, 924793, 319687, 621807, 320307, 622427]
76, 0x35c06cb541df8b572696d02c0b706166200964e115dff8ea19a455df5d54e95d, 516
    [4883857, 4884477, 4884557, 4884723, 2466897, 2467517, 2467597, 2467763, 1862657, 1863277, 1863357, 1863523, 1258417, 1259037, 1259117, 1259283, 956297, 956917, 956997, 957163]
77, 0x00000000000000000000000000000000cd6c23c25b6c16ab70e848e489e76b0e, 515
    [913079, 610959, 2435638, 308839, 1831398, 1227158, 4874674, 925038, 622918, 320798, 18678, 4886636, 2457714, 1853474, 1249234, 2469676, 947114, 342874, 644994, 1865436]
78, 0x30694682b9886cbb27f33128977147a80085a160e769babc4902a92742b2e8da, 515
    [4872747, 4872755, 4872793, 2455787, 2455795, 2455833, 1851547, 1851555, 1851593, 1247307, 1247315, 1247353, 945187, 945195, 945233, 340947, 340955, 340993, 643067, 643075]
79, 0x36faa47a389a825f44e90bc1864f0dc117eaa556ddd2fb42a56e10d252e7fbdc, 515
    [4873067, 4873687, 4873767, 4873933, 2456107, 2456727, 2456807, 2456973, 1851867, 1852487, 1247627, 1852567, 1852733, 1248247, 1248327, 1248493, 945507, 946127, 946207, 946373]
80, 0x0000000000000000000000000000000ae494bbc7bb0107845f0d7e82e66a9274, 515
    [4873019, 4874050, 4884937, 2456059, 2457090, 1851819, 1247579, 4895458, 1852850, 1248610, 2467977, 945459, 946490, 341219, 342250, 643339, 644370, 1863737, 2478498, 39099]
81, 0x14dbcfe8cc7456cfdec24156d3eee130bbafe483683d48904f3977b2eecf6a6f, 514
    [1216829, 914709, 612589, 310469, 4873765, 4873774, 2456805, 2456814, 1852565, 1852574, 4895724, 1248325, 1248334, 946205, 946214, 341965, 341974, 644085, 644094, 2478764]
82, 0x00000000000000000000000000000002b9252ef1eec041e117c35fa0b99aa49d, 514
    [1217071, 914951, 1218031, 915911, 612831, 613791, 310711, 311671, 4874044, 4884968, 2457084, 1852844, 1248604, 2468008, 946484, 342244, 644364, 1863768, 1259528, 40124]
83, 0x3ffffffffffffffffffffffffffffffd41435bd08eed0c6cebc6412e6a274109, 514
    [2436164, 2436339, 1831924, 1832099, 1227684, 1227859, 925564, 925739, 623444, 623619, 321324, 321499, 19204, 19379, 4889841, 2472881, 4906254, 1868641, 1264401, 962281]
84, 0x3ec5c83b094508f7e1adc46a852153a4d56664b50b364667369e7eaf7d92f1a2, 514
    [4862277, 4862897, 4862977, 4863143, 2445317, 2445937, 2446017, 2446183, 1841077, 1841697, 1841777, 1841943, 1236837, 1237457, 1237537, 1237703, 934717, 935337, 935417, 935583]
85, 0x3ffffffffffffffffffffffffffffffcc3ff29d985af4898a7d5cb1b7c0f9c45, 514
    [2440511, 4873884, 1836271, 1232031, 929911, 627791, 325671, 2456924, 23551, 1852684, 1248444, 4896459, 946324, 342084, 644204, 4906489, 2479499, 39964, 2489529, 1875259]
86, 0x3ffffffffffffffffffffffffffffffcec9609f29be44e2fc8a5c78ed86253c9, 513
    [1216244, 913083, 913095, 914124, 610963, 610975, 2435648, 612004, 308843, 308855, 309884, 1831408, 1227168, 925048, 622928, 320808, 18688, 4916173, 4916185, 4917214]
87, 0x3ffffffffffffffffffffffffffffffecaec03820050309fcf1e5a354dbcfcd8, 512
    [4894297, 4894303, 4894621, 4894632, 2477337, 2477343, 2477661, 2477672, 1268857, 1268863, 1873097, 1873103, 1269181, 1269192, 1873421, 1873432, 966737, 966743, 967061, 967072]
88, 0x39ccf6db29b7350502636e285f34e12495a0c192996909003d02fe682c780f9e, 512
    [4894647, 4895267, 4895347, 4895513, 2477687, 2478307, 2478387, 2478553, 1269207, 1873447, 1269827, 1874067, 1874147, 1269907, 1874313, 1270073, 967087, 967707, 967787, 967953]
89, 0x00000000000000000000000000000001fdf9b6e7468440b2bb3828f74d1be740, 512
    [1216337, 1216372, 914217, 914252, 612097, 612132, 309977, 310012, 4895418, 4905389, 2478458, 2488429, 4917307, 4917342, 1874218, 1269978, 967858, 363618, 2500347, 2500382]
90, 0x1504eb22e0e276721a3e2d8d94635318e913ee0cfed0d691a952e22e3a3dd483, 512
    [4905437, 4906057, 4906137, 4906303, 2488477, 2489097, 2489177, 2489343, 1279997, 1884237, 1280617, 1280697, 1280863, 1884857, 1884937, 1885103, 977877, 978497, 978577, 978743]
91, 0x0000000000000000000000000000000141fcc0ff388e8e5e06277c7d515e9588, 512
    [4863917, 4863952, 2446957, 2446992, 1842717, 1842752, 1238477, 1238512, 936357, 936392, 4894591, 332117, 332152, 4895624, 634237, 634272, 29997, 30032, 2477631, 2478664]
92, 0x383610c0347e9c3ee2d2127ef43af9068143ae7cfccb49d701fa7a91c3d43e8b, 512
    [1216237, 1216239, 914117, 914119, 611997, 611999, 309877, 309879, 4906135, 4906144, 4917207, 4917209, 2489175, 2489184, 2500247, 2500249, 1280695, 1280704, 1884935, 1884944]
93, 0x3ffffffffffffffffffffffffffffffe41f4bda8bbcdc618a9809983a53611f2, 512
    [4872694, 4873041, 4873052, 4874168, 2455734, 2456081, 2456092, 2457208, 1851494, 1851841, 1851852, 1247254, 1247601, 1247612, 1852968, 1248728, 945134, 945481, 945492, 946608]
94, 0x00000000000000000000000000000003c5f642fda9abab1a12767577f41bc098, 509
    [1216068, 913948, 611828, 309708, 4894599, 4895628, 4906517, 2477639, 2478668, 4917038, 1269159, 2489557, 1873399, 1874428, 1270188, 967039, 362799, 968068, 363828, 664919]
95, 0x00000000000000000000000000000001a0a2899b8394a7bc85614a5ce354669d, 409
    [4861944, 1780, 2684, 2933, 5427, 5744, 5932, 6466, 6659, 7293, 7453, 7481, 7492, 7648, 7742, 8403, 8627, 8633, 8642, 9159]
96, 0x0000000000000000000000000000000108bfff8aaccd8ab3a9aa099bf9cdd520, 404
    [1645, 1795, 2728, 2746, 2893, 5456, 5821, 5978, 6007, 6542, 6561, 6687, 6808, 7313, 7663, 7701, 7933, 8676, 9228, 4895689]
97, 0x00000000000000000000000000000002d478b23e3f40c0538dd8d819f714d072, 387
    [4864052, 4864095, 4874123, 2447092, 2447135, 1842852, 1842895, 1238612, 1238655, 2457163, 936492, 936535, 332252, 332295, 1852923, 1248683, 634372, 634415, 30132, 30175]
98, 0x19117fde940229470e7690c9c63124010aaa6fd046963ad7719a41d9ddf2f005, 387
    [2434230, 2435503, 1829990, 1831263, 1225750, 1227023, 923630, 924903, 621510, 319390, 622783, 320663, 17270, 18543, 4885425, 2468465, 1864225, 1259985, 957865, 353625]
99, 0x39c752199760fd302bb80576ab89e10e1e2aae04d9a8619231bd2a53cb4b94ef, 387
    [1825490, 2432537, 1825779, 1221250, 1221539, 1828297, 919130, 919419, 1224057, 617010, 617299, 314890, 921937, 315179, 619817, 317697, 12770, 13059, 15577, 4922220]
