scalars length: 7980043
freq>1000 (count, total, %):        719,    6112040,      76.59%
freq>500  (count, total, %):       1054,    6393048,      80.11%
freq>100  (count, total, %):       3874,    6998670,      87.70%
freq>20   (count, total, %):       4640,    7024845,      88.03%

top 100 values:
 0, 0x0000000000000000000000000000000000000000000000000000000000000000, 1775536
    [5, 14, 15, 17, 18, 20, 21, 22, 23, 24, 25, 26, 27, 28, 31, 38, 39, 41, 42, 43]
 1, 0x0000000000000000000000000000000000000000000000000000000000000001, 69915
    [1, 2, 16, 19, 40, 47, 49, 748576, 1000036, 1000037, 1000042, 1000043, 1000044, 1000046, 1000054, 1000063, 1000064, 1000085, 1000086, 1000103]
 2, 0x1af18bf8b21cf712a700f08f14dbcc588ad948ebc1ff85cc300eea6a581d26bf, 12600
    [374071, 748283, 249529, 498906, 1995232, 374364, 499199, 249822, 499492, 374657, 250115, 1995525, 1995818, 250408, 499785, 250701, 1996111, 500078, 374950, 1996404]
 3, 0x336293d1250e16ace79c1b9cfdd14e5d80bc7928a947635797fcbc1ebfa512e8, 12600
    [374072, 748284, 249530, 498907, 1995233, 374365, 499200, 249823, 499493, 374658, 250116, 1995526, 1995819, 250409, 499786, 250702, 1996112, 500079, 374951, 1996405]
 4, 0x294b6a7f0984f3d0560b3d0d973d20f41186547a1e41c758e2a3348c0141a665, 12600
    [374073, 748285, 249531, 498908, 1995234, 374366, 499201, 249824, 499494, 374659, 250117, 1995527, 1995820, 250410, 499787, 250703, 1996113, 500080, 374952, 1996406]
 5, 0x2a53d5a36091904f09cd86bd43b07c7961faad8ec81c97c9bd30d3c6e9da1ff2, 10417
    [374082, 748294, 249540, 498917, 1995243, 374375, 499210, 249833, 499503, 374668, 250126, 1995536, 1995829, 250419, 499796, 250712, 1996122, 500089, 374961, 1996415]
 6, 0x29dd0402a87d5b40f9d6cfd1b6bafe4b88d3a89d1a2391749fd334313e8bdb08, 10417
    [374081, 748293, 249539, 498916, 1995242, 374374, 499209, 249832, 499502, 374667, 250125, 1995535, 1995828, 250418, 499795, 250711, 1996121, 500088, 374960, 1996414]
 7, 0x04943278e947828f315482d004370c011c9acf8706cac544710a26ce111fb11a, 10417
    [374080, 748292, 249538, 498915, 1995241, 374373, 499208, 249831, 499501, 374666, 250124, 1995534, 1995827, 250417, 499794, 250710, 1996120, 500087, 374959, 1996413]
 8, 0x26b04265765947d12045bcbe58b2e6547bde60b25ddff533f9791fe2170aeb5f, 10159
    [374085, 748297, 249543, 498920, 1995246, 374378, 499213, 249836, 499506, 374671, 250129, 1995832, 250422, 499799, 250715, 1996125, 500092, 374964, 1996418, 251008]
 9, 0x2b7225a656cccb0e8f58c6f2518f16b3eba8ed34139d6f37673be556a7117c17, 10159
    [374084, 748296, 249542, 498919, 1995245, 374377, 499212, 249835, 499505, 374670, 250128, 1995831, 250421, 499798, 250714, 1996124, 500091, 374963, 1996417, 251007]
10, 0x32f17c6e27f8539b605650b4a9d6f1779f916c7ea33e2b2a6cc7eb84b974f80a, 10159
    [374083, 748295, 249541, 498918, 1995244, 374376, 499211, 249834, 499504, 374669, 250127, 1995830, 250420, 499797, 250713, 1996123, 500090, 374962, 1996416, 251006]
11, 0x0248041e85e450515a92e0ae351a9a8407591ce0df1b66ef9310a717292b7d38, 9903
    [1995073, 748417, 374205, 499040, 249663, 499333, 374498, 1995366, 249956, 250249, 499626, 1995952, 250542, 374791, 499919, 250835, 1996245, 500212, 1996538, 375084]
12, 0x350bd6177768b95b3a43d9e766e810a74a1cc424fc3530b70763fbd6920b2507, 9903
    [249390, 748144, 498767, 1995093, 748437, 374225, 499060, 249683, 499353, 1995386, 374518, 249976, 250269, 499646, 1995972, 250562, 374811, 499939, 1996265, 250855]
13, 0x2092c6b6a6a4a05013e15ef2bb3a5e93274760772754e9e1db25a328f8920f66, 9903
    [498805, 249428, 748182, 748475, 374263, 1995131, 499098, 249721, 1995424, 499391, 374556, 250014, 250307, 499684, 250600, 1996010, 374849, 499977, 1996303, 250893]
14, 0x1a09a2c77d1cc5be78a53af07b3822783ef9efb6c7abb11f306bf14cacb3661f, 9903
    [249455, 498832, 748209, 748502, 374290, 1995158, 499125, 249748, 1995451, 499418, 250041, 374583, 250334, 499711, 250627, 1996037, 374876, 500004, 1996330, 250920]
15, 0x265311089ed51076019da107e06beb33731cf4b8a57d4829889cf431e88ba9f4, 9903
    [1995047, 374179, 748391, 499014, 249637, 499307, 374472, 1995340, 249930, 250223, 499600, 1995926, 250516, 374765, 499893, 250809, 1996219, 1996512, 500186, 375058]
16, 0x15f669608026427f95707503736187aa2b69463afe640f45a0b4a414fb326df7, 9903
    [374114, 748326, 249572, 498949, 374407, 1995275, 499242, 249865, 499535, 374700, 250158, 1995861, 250451, 499828, 250744, 1996154, 500121, 374993, 1996447, 251037]
17, 0x2a75591d24a23684984a33bb588bc9f71cecde6364f4fe3facbfb1982cbc651b, 9903
    [249475, 498852, 748229, 748522, 499145, 374310, 1995178, 249768, 1995471, 499438, 250061, 374603, 250354, 499731, 1996057, 250647, 500024, 374896, 1996350, 250940]
18, 0x0c7aec0f0e800b9b9d856dd232974fc3ae452c15bbe2692ecd3cf8109e1a2c26, 9903
    [1995043, 374175, 748387, 499010, 249633, 499303, 374468, 1995336, 249926, 250219, 499596, 1995922, 250512, 374761, 499889, 250805, 1996215, 1996508, 500182, 375054]
19, 0x167de255340163ffd4a75adea10746fdc518361913f0cd753ea3195a99375ec4, 9903
    [249461, 498838, 748215, 748508, 374296, 1995164, 499131, 249754, 1995457, 499424, 250047, 374589, 250340, 499717, 1996043, 250633, 500010, 374882, 1996336, 250926]
20, 0x195fffd982c815fd33ea2879ebb3134c5955816d944acac284c5bda32944163e, 9903
    [1995049, 374181, 748393, 499016, 249639, 499309, 374474, 1995342, 249932, 250225, 499602, 1995928, 250518, 374767, 499895, 250811, 1996221, 1996514, 500188, 375060]
21, 0x0d59b92b953942a82b7ff2a68e962f3719e5c9ad6ab58ad6e6c3d2b8011dd654, 9903
    [1995029, 374161, 748373, 249619, 498996, 499289, 374454, 1995322, 249912, 250205, 499582, 374747, 1995908, 250498, 499875, 250791, 1996201, 1996494, 500168, 375040]
22, 0x2f8f4e10fa0ec693aff95bb190248e07ca9b0eef34dde521472c5e2dfdb152fc, 9903
    [249398, 748152, 498775, 748445, 374233, 1995101, 499068, 249691, 499361, 1995394, 374526, 249984, 250277, 499654, 1995980, 250570, 374819, 499947, 1996273, 250863]
23, 0x3b7bd986b1c38787e3f8a448f84c8d55a07f5faa5204628654d693a5b5865591, 9903
    [374139, 748351, 249597, 498974, 1995300, 499267, 374432, 249890, 250183, 499560, 374725, 1995886, 250476, 499853, 250769, 1996179, 500146, 375018, 1996472, 251062]
24, 0x29595b0a90995252b4bfc012d1ab77f8febc345b1edd7559a0db94d563570735, 9903
    [748263, 748556, 249509, 498886, 499179, 1995212, 374344, 249802, 374637, 1995505, 499472, 250095, 250388, 499765, 1996091, 250681, 500058, 374930, 1996384, 250974]
25, 0x1e0ccce9e304f5cd7532f7d365031c219eaad8840cab26faa04e582701f5db19, 9903
    [1995027, 374159, 748371, 249617, 498994, 499287, 374452, 1995320, 249910, 250203, 499580, 374745, 1995906, 250496, 499873, 250789, 1996199, 1996492, 500166, 375038]
26, 0x30fb65ab3bb4c991ea0d11b1aa5b9ceaa83db19888aa1156f75c42df2a71a449, 9903
    [1995039, 374171, 748383, 499006, 249629, 499299, 374464, 1995332, 249922, 250215, 499592, 1995918, 250508, 374757, 499885, 250801, 1996211, 1996504, 500178, 375050]
27, 0x3ee146d71bd53276832582fa70504af9565c7d11e97fb9e8ac99f1a665af6a5d, 9903
    [748261, 748554, 249507, 498884, 499177, 1995210, 374342, 249800, 374635, 1995503, 499470, 250093, 250386, 499763, 1996089, 250679, 500056, 374928, 1996382, 250972]
28, 0x0b4b273ed135393d903eaf50af9d2e709005a91f89096922bb3f03aabc3bca47, 9903
    [498814, 249437, 748191, 748484, 374272, 1995140, 499107, 249730, 1995433, 499400, 250023, 374565, 250316, 499693, 250609, 1996019, 374858, 499986, 1996312, 250902]
29, 0x295ccb914329c59bcb3f291a16961ebc32e755ad1cc67c06a61dd24340131856, 9903
    [249459, 498836, 748213, 748506, 374294, 1995162, 499129, 249752, 1995455, 499422, 250045, 374587, 250338, 499715, 250631, 1996041, 374880, 500008, 1996334, 250924]
30, 0x03c18747006c56bf5bd10a3127d1b132b67f3453d5dad0849ad7d2e549bef036, 9903
    [1995037, 374169, 748381, 499004, 249627, 499297, 374462, 1995330, 249920, 250213, 499590, 374755, 1995916, 250506, 499883, 250799, 1996209, 1996502, 500176, 375048]
31, 0x3652b0072f1cbebc7589537402e965767acf0d4fd078fc323a1d0ebbf9df30b3, 9903
    [1995076, 748420, 374208, 499043, 249666, 499336, 374501, 1995369, 249959, 250252, 499629, 1995955, 250545, 374794, 499922, 250838, 1996248, 500215, 1996541, 375087]
32, 0x1c2c7a59d694907a9a861a390ce975ab894d44d0ef8443b32dac57aa61346ad4, 9903
    [1995054, 374186, 748398, 499021, 249644, 499314, 374479, 1995347, 249937, 250230, 499607, 1995933, 250523, 374772, 499900, 250816, 1996226, 1996519, 500193, 375065]
33, 0x3f12fd345df4f111af5cb24c487fe490aa67a14b915e53e37d6ddff14a4f76dd, 9903
    [249402, 748156, 498779, 748449, 374237, 1995105, 499072, 249695, 499365, 1995398, 374530, 249988, 250281, 499658, 1995984, 250574, 374823, 499951, 1996277, 250867]
34, 0x371d2fb02d25cf14ce47b2b89b2fa4670cf3738c5a33afa01e009889e4aa6083, 9903
    [249412, 748166, 498789, 748459, 374247, 1995115, 499082, 249705, 1995408, 374540, 499375, 249998, 250291, 499668, 1995994, 250584, 374833, 499961, 1996287, 250877]
35, 0x2e2f185a02ded7ffa7d118e19f22edd1abfdf701ff0735f6bbbfa77e1f83f0fc, 9903
    [249460, 498837, 748214, 748507, 374295, 1995163, 499130, 249753, 1995456, 499423, 250046, 374588, 250339, 499716, 250632, 1996042, 374881, 500009, 1996335, 250925]
36, 0x1e466e5438c0c90ad42d0b4d8d0d0d5594f20ea3d74fbe225d185230374dd7a7, 9903
    [748255, 748548, 249501, 498878, 499171, 1995204, 374336, 249794, 1995497, 374629, 499464, 250087, 250380, 499757, 1996083, 250673, 500050, 374922, 1996376, 250966]
37, 0x0fd2377d60726ff8f800922094f30ac55aecaf825ba466cd810c8afb583ca148, 9903
    [249410, 748164, 498787, 748457, 374245, 1995113, 499080, 249703, 499373, 1995406, 374538, 249996, 250289, 499666, 1995992, 250582, 374831, 499959, 1996285, 250875]
38, 0x080d65db99fd2aad9790fea0e44e0d4f1ce8f947f96cff10e56d8cc4bb4d3935, 9903
    [498807, 249430, 748184, 748477, 374265, 1995133, 499100, 249723, 1995426, 499393, 374558, 250016, 250309, 499686, 250602, 1996012, 374851, 499979, 1996305, 250895]
39, 0x076513c1dc3bafde299bb61e69467646b3050c446fc88a81f26f74435a53c257, 9903
    [1995069, 748413, 374201, 499036, 249659, 499329, 374494, 1995362, 249952, 250245, 499622, 1995948, 250538, 374787, 499915, 250831, 1996241, 500208, 1996534, 375080]
40, 0x3cca03ddbff6d6b54dc1ec8cc966f6487ceeb752af1a9299825d058e1d1314b2, 9903
    [1995067, 374199, 748411, 499034, 249657, 499327, 374492, 1995360, 249950, 250243, 499620, 1995946, 250536, 374785, 499913, 250829, 1996239, 500206, 1996532, 375078]
41, 0x33f1ea4e48533146b6006e5ce92ae968ff8fd0f7fd442ad2adc18eaa201a6c60, 9903
    [748259, 748552, 249505, 498882, 499175, 1995208, 374340, 249798, 374633, 1995501, 499468, 250091, 250384, 499761, 1996087, 250677, 500054, 374926, 1996380, 250970]
42, 0x259da54635b355e5c80d946e449102c8bad37f3bb9e56c6f4ff76a474cee4a02, 9903
    [1995026, 374158, 748370, 249616, 498993, 499286, 374451, 1995319, 249909, 250202, 499579, 374744, 1995905, 250495, 499872, 250788, 1996198, 1996491, 500165, 375037]
43, 0x0167f95a5aff314212ef8fe60920dc24119cf8698dcbb1012b42ed8365f87f78, 9903
    [249395, 748149, 498772, 748442, 1995098, 374230, 499065, 249688, 499358, 1995391, 374523, 249981, 250274, 499651, 1995977, 250567, 374816, 499944, 1996270, 250860]
44, 0x1785074b20c64c622c249c7bebdbe7c89e7854502073f97210d3ad3d354d2314, 9903
    [498824, 249447, 748201, 748494, 1995150, 374282, 499117, 249740, 1995443, 499410, 250033, 374575, 250326, 499703, 250619, 1996029, 374868, 499996, 1996322, 250912]
45, 0x3016d2cc488641b7d824bfae6c04ecc317c06cb5f4e664fd8744d812fcf99851, 9903
    [498800, 249423, 748177, 748470, 374258, 1995126, 499093, 249716, 1995419, 374551, 499386, 250009, 250302, 499679, 250595, 1996005, 374844, 499972, 1996298, 250888]
46, 0x31f0c17161a12d768f71f607e09eafc39f4caee50e6bbc4051777a4eec06415d, 9903
    [249407, 748161, 498784, 748454, 374242, 1995110, 499077, 249700, 499370, 1995403, 374535, 249993, 250286, 499663, 1995989, 250579, 374828, 499956, 1996282, 250872]
47, 0x3c12cc638b6c3eaae66106d9405a2f4b9d67c048c8d364d7dcec2f2f2e48269e, 9903
    [374095, 748307, 249553, 498930, 374388, 1995256, 499223, 249846, 499516, 374681, 250139, 1995842, 250432, 499809, 250725, 1996135, 500102, 374974, 1996428, 251018]
48, 0x01b68005f9fd46a8e92f495407fdda52942fe46369e6adc2f7fcf8d3c8adbe85, 9903
    [374130, 748342, 249588, 498965, 1995291, 374423, 499258, 249881, 250174, 499551, 374716, 1995877, 250467, 499844, 250760, 1996170, 500137, 375009, 1996463, 251053]
49, 0x291c28f0993340f9b3644361ca2e6d5dc685773beee9be614178689943c9d76f, 9903
    [249401, 748155, 498778, 748448, 374236, 1995104, 499071, 249694, 499364, 1995397, 374529, 249987, 250280, 499657, 1995983, 250573, 374822, 499950, 1996276, 250866]
50, 0x2d94a8cd05017e9a6ed75b0c3322d137ce37c891ac452eee86259840308abdc4, 9903
    [748266, 748559, 249512, 498889, 499182, 1995215, 374347, 249805, 374640, 1995508, 499475, 250098, 250391, 499768, 250684, 1996094, 500061, 374933, 1996387, 250977]
51, 0x016487ab4c9c0170f91f91d99a9e4566b8a61c4a893a55430e95d805ea805217, 9903
    [1995045, 374177, 748389, 499012, 249635, 499305, 374470, 1995338, 249928, 250221, 499598, 1995924, 250514, 374763, 499891, 250807, 1996217, 1996510, 500184, 375056]
52, 0x1260bbb1c4f15a56a68538693498f49a88263df622bdea5fb37b63a4ca5e3015, 9903
    [374092, 748304, 249550, 498927, 374385, 1995253, 499220, 249843, 499513, 374678, 250136, 1995839, 250429, 499806, 250722, 1996132, 500099, 374971, 1996425, 251015]
53, 0x19d37b305e14ca7e037a74673b32809e61bf5a66fdae0c40580625ab0117a48d, 9903
    [374102, 748314, 249560, 498937, 374395, 1995263, 499230, 249853, 499523, 374688, 250146, 1995849, 250439, 499816, 250732, 1996142, 500109, 374981, 1996435, 251025]
54, 0x2428538601b19d925b0690565a522d89214a166953523207bccf2015c9cc0419, 9903
    [498797, 249420, 748174, 748467, 374255, 1995123, 499090, 249713, 1995416, 374548, 499383, 250006, 250299, 499676, 1996002, 250592, 374841, 499969, 1996295, 250885]
55, 0x003068ae1ae952bd0364a5ce322b78722b53c14b243a638c7ff613f834b320df, 9903
    [374124, 748336, 249582, 498959, 1995285, 374417, 499252, 249875, 374710, 250168, 499545, 1995871, 250461, 499838, 250754, 1996164, 500131, 375003, 1996457, 251047]
56, 0x322aafcacffe775db2ce1c6559d26baf6e68e3471973692d9c2593fd71415e0e, 9903
    [249493, 498870, 748247, 748540, 499163, 1995196, 374328, 249786, 1995489, 499456, 250079, 374621, 250372, 499749, 1996075, 250665, 500042, 374914, 1996368, 250958]
57, 0x2e8aac6905e24e0b3177136c0024df9f80a2e137282ba2d33600b0e245e23040, 9903
    [1995034, 374166, 748378, 499001, 249624, 499294, 374459, 1995327, 249917, 250210, 499587, 374752, 1995913, 250503, 499880, 250796, 1996206, 1996499, 500173, 375045]
58, 0x00518a46c3fe44a7b575d830a24466e18bc515b3a4150e0705bfe6b477aa32a1, 9903
    [1995032, 374164, 748376, 498999, 249622, 499292, 374457, 1995325, 249915, 250208, 499585, 374750, 1995911, 250501, 499878, 250794, 1996204, 1996497, 500171, 375043]
59, 0x0d3f8c6fdc6dca50d37dfd67921fb164885a2ac7fbe2912b185941b7d1a66716, 9903
    [249377, 748131, 498754, 1995080, 748424, 374212, 499047, 249670, 499340, 374505, 1995373, 249963, 250256, 499633, 1995959, 250549, 374798, 499926, 1996252, 250842]
60, 0x0ebc6dbf76c8b1b8359b31857601625159691b7a07fc78df53d716e05463b12d, 9903
    [249484, 498861, 748238, 748531, 499154, 1995187, 374319, 249777, 1995480, 499447, 250070, 374612, 250363, 499740, 1996066, 250656, 500033, 374905, 1996359, 250949]
61, 0x12c397f5ede788a944ad992258570f621174620095b8a1aa3c6e5faa5cb57246, 9903
    [374121, 748333, 249579, 498956, 1995282, 374414, 499249, 249872, 499542, 374707, 250165, 1995868, 250458, 499835, 250751, 1996161, 500128, 375000, 1996454, 251044]
62, 0x0efb92e6b86c4ff96da33a7b8e62c4340f3667458770f7742d81bf30653ed7f6, 9903
    [249474, 498851, 748228, 748521, 499144, 374309, 1995177, 249767, 1995470, 499437, 250060, 374602, 250353, 499730, 1996056, 250646, 500023, 374895, 1996349, 250939]
63, 0x2a7fe24394acbfa8eabf57959438f7967d1e478704064494a270d4cf6023b180, 9903
    [249379, 748133, 498756, 1995082, 748426, 374214, 499049, 249672, 499342, 1995375, 374507, 249965, 250258, 499635, 1995961, 250551, 374800, 499928, 1996254, 250844]
64, 0x0af2cf87fb15f71f698b19343283c24fa63beb3c321b923f1206401a85f880a9, 9903
    [1995021, 374153, 748365, 249611, 498988, 1995314, 499281, 374446, 249904, 250197, 499574, 374739, 1995900, 250490, 499867, 250783, 1996193, 1996486, 500160, 375032]
65, 0x2cb2960b8474ee25573df05fcbf0abd55617f7210114779438c4de8477b94802, 9903
    [498827, 249450, 748204, 748497, 1995153, 374285, 499120, 249743, 1995446, 499413, 250036, 374578, 250329, 499706, 250622, 1996032, 374871, 499999, 1996325, 250915]
66, 0x382aad696cf9169e96c288298a98f30a0ca337a48b2eb1a80a8ef1e89cc0e0bb, 9903
    [374097, 748309, 249555, 498932, 374390, 1995258, 499225, 249848, 499518, 374683, 250141, 1995844, 250434, 499811, 250727, 1996137, 500104, 374976, 1996430, 251020]
67, 0x00aa25281bed65839143b1f295b44e58c3e823b7c31f91b33ba277d3592525bf, 9903
    [374064, 748276, 748569, 249522, 498899, 1995225, 374357, 499192, 249815, 499485, 374650, 250108, 1995518, 250401, 499778, 250694, 1996104, 500071, 374943, 1996397]
68, 0x3edcc50fe79362fc96e6975351d08d7b74ae017ca3c402896474e04b933c01a7, 9903
    [249376, 748130, 498753, 1995079, 748423, 374211, 499046, 249669, 499339, 374504, 1995372, 249962, 250255, 499632, 1995958, 250548, 374797, 499925, 1996251, 250841]
69, 0x18dfc54f827cb1bc2653acfce022520d4dad6275cfd11ebc22785f12a65452e4, 9903
    [249485, 498862, 748239, 748532, 499155, 1995188, 374320, 249778, 1995481, 499448, 250071, 374613, 250364, 499741, 1996067, 250657, 500034, 374906, 1996360, 250950]
70, 0x36b0b1c9a258fd49beae3b1f6aa715da1b79e89f301ae25e316fc670e852eda8, 9903
    [498819, 249442, 748196, 748489, 374277, 1995145, 499112, 249735, 1995438, 499405, 250028, 374570, 250321, 499698, 250614, 1996024, 374863, 499991, 1996317, 250907]
71, 0x35b508e6e6287b2d8e0dd285a27351682565976c7c5905242fa1fe18d6c5ac6a, 9903
    [1995060, 374192, 748404, 499027, 249650, 499320, 374485, 1995353, 249943, 250236, 499613, 1995939, 250529, 374778, 499906, 250822, 1996232, 500199, 1996525, 375071]
72, 0x328a077dda77f5c33bdc32ab33c6d165c653d70b86f792cba52a2d3d17d32b06, 9903
    [249473, 498850, 748227, 748520, 499143, 374308, 1995176, 249766, 1995469, 499436, 250059, 374601, 250352, 499729, 1996055, 250645, 500022, 374894, 1996348, 250938]
73, 0x3f64b0bdb33e9b9151a64cb80a3c91728be793c9c24e84cbfeaf68cb21cf6160, 9903
    [374077, 748289, 249535, 498912, 1995238, 374370, 499205, 249828, 499498, 374663, 250121, 1995824, 250414, 499791, 250707, 1996117, 500084, 374956, 1996410, 251000]
74, 0x0a072cf09ef99b78a4865aba40075a3ef638389284dfb4ede08cc3b235d98c01, 9903
    [1995016, 374148, 748360, 249606, 498983, 1995309, 499276, 374441, 249899, 250192, 499569, 374734, 1995895, 250485, 499862, 250778, 1996188, 1996481, 500155, 375027]
75, 0x3333e76232779a7c2fe7481564e648b5021023dc763535f464d4d2e371238db9, 9903
    [374104, 748316, 249562, 498939, 374397, 1995265, 499232, 249855, 499525, 374690, 250148, 1995851, 250441, 499818, 250734, 1996144, 500111, 374983, 1996437, 251027]
76, 0x092630d43be98537d84fd7126052b3e6646cb943b4d3e9a995506d1aa2a38778, 9903
    [249467, 498844, 748221, 748514, 374302, 1995170, 499137, 249760, 1995463, 499430, 250053, 374595, 250346, 499723, 1996049, 250639, 500016, 374888, 1996342, 250932]
77, 0x19340c9f8427a45d11bb9ef115c6d5500f57814f783d02dd441e16a08e5d01c3, 9903
    [249492, 498869, 748246, 748539, 499162, 1995195, 374327, 249785, 1995488, 499455, 250078, 374620, 250371, 499748, 1996074, 250664, 500041, 374913, 1996367, 250957]
78, 0x1b02951260c8f824e195f84a43bf06c58ad932a0f7de398d0725c52a7da198e4, 9903
    [1995065, 374197, 748409, 499032, 249655, 499325, 374490, 1995358, 249948, 250241, 499618, 1995944, 250534, 374783, 499911, 250827, 1996237, 500204, 1996530, 375076]
79, 0x14cd048595d0c0666d792cff398d08d318fadf2ef5ba83bbeda1f8fc1417d199, 9903
    [498822, 249445, 748199, 748492, 374280, 1995148, 499115, 249738, 1995441, 499408, 250031, 374573, 250324, 499701, 250617, 1996027, 374866, 499994, 1996320, 250910]
80, 0x22cc03cc0eaa2e987387c8705530b2a9c056acc695a806c33d8124525525f75b, 9903
    [374125, 748337, 249583, 498960, 1995286, 374418, 499253, 249876, 374711, 499546, 250169, 1995872, 250462, 499839, 250755, 1996165, 500132, 375004, 1996458, 251048]
81, 0x3ab358db82ff700d702170c90e32398517828e100235f92d83675a10738fc5de, 9903
    [1995020, 374152, 748364, 249610, 498987, 1995313, 374445, 499280, 249903, 250196, 499573, 374738, 1995899, 250489, 499866, 250782, 1996192, 1996485, 500159, 375031]
82, 0x02102abe0eb0985d9824f33b0298c3c6516dcf54140f082ecfb8febd07d4baaf, 9903
    [498817, 249440, 748194, 748487, 374275, 1995143, 499110, 249733, 1995436, 499403, 250026, 374568, 250319, 499696, 250612, 1996022, 374861, 499989, 1996315, 250905]
83, 0x18957ac81789e16481b3a5e33acc9c03506dc72ec5ffad559ebec2f3e397a33f, 9903
    [249482, 498859, 748236, 748529, 499152, 374317, 1995185, 249775, 1995478, 499445, 250068, 374610, 250361, 499738, 1996064, 250654, 374903, 500031, 1996357, 250947]
84, 0x03e4e39d7ac22fe45c6a77f814b7924e51eab5f4e3f2748bcb05ed2a6da6f5da, 9903
    [374078, 748290, 249536, 498913, 1995239, 374371, 499206, 249829, 499499, 374664, 250122, 1995825, 250415, 499792, 250708, 1996118, 500085, 374957, 1996411, 251001]
85, 0x3dc90bae66a039f12243c5eb07288cbd18abc4ee0d2d59fa39ca88848bf5e1b3, 9903
    [249381, 748135, 498758, 1995084, 748428, 374216, 499051, 249674, 499344, 1995377, 374509, 249967, 250260, 499637, 1995963, 250553, 374802, 499930, 1996256, 250846]
86, 0x0a6bb2d9c58528630d4d7ab026089df7e34a1135fd20e632ab3378510f92bb11, 9903
    [249457, 498834, 748211, 748504, 374292, 1995160, 499127, 249750, 1995453, 499420, 250043, 374585, 250336, 499713, 250629, 1996039, 374878, 500006, 1996332, 250922]
87, 0x2705bcb4d857af7b9851881c4b4aa35b29d013a24676b5ea60864bf30d478395, 9903
    [374122, 748334, 249580, 498957, 1995283, 374415, 499250, 249873, 499543, 374708, 250166, 1995869, 250459, 499836, 250752, 1996162, 500129, 375001, 1996455, 251045]
88, 0x396cf546de35261edc5d9ca750c06134b4d853e9eca9a4186c3a43e5780bc57b, 9903
    [374089, 748301, 249547, 498924, 374382, 1995250, 499217, 249840, 499510, 374675, 250133, 1995836, 250426, 499803, 250719, 1996129, 500096, 374968, 1996422, 251012]
89, 0x22e38b3514ba284ca0c9c8b8877c41266ce4643b72342677a4087f6c9be7275a, 9903
    [249496, 498873, 748250, 748543, 499166, 1995199, 374331, 249789, 1995492, 499459, 250082, 374624, 250375, 499752, 1996078, 250668, 500045, 374917, 1996371, 250961]
90, 0x23481865c84c6e543b9b9af7b4f11a17316bbb8630d89b8fd7edcb598cc48620, 9903
    [1995015, 374147, 748359, 249605, 498982, 1995308, 499275, 374440, 249898, 250191, 499568, 374733, 1995894, 250484, 499861, 250777, 1996187, 1996480, 500154, 375026]
91, 0x28800c2a54dd4e2405c242ce88b391422db507e289cb49bd55707b0cbfcb2c3b, 9903
    [249393, 748147, 498770, 1995096, 748440, 374228, 499063, 249686, 499356, 1995389, 374521, 249979, 250272, 499649, 1995975, 250565, 374814, 499942, 1996268, 250858]
92, 0x1d9321a8c4660c95e2f07e69c4089d8f23d2bde43b9be5a1eabfe60430cedb3a, 9903
    [498806, 249429, 748183, 748476, 374264, 1995132, 499099, 249722, 1995425, 499392, 374557, 250015, 250308, 499685, 250601, 1996011, 374850, 499978, 1996304, 250894]
93, 0x2940de3f12a04f04f6323d5f88bfb1032bdd729a1d17af6f3a53d2d8bbdf5dbd, 9903
    [249404, 748158, 498781, 748451, 374239, 1995107, 499074, 249697, 499367, 1995400, 374532, 249990, 250283, 499660, 1995986, 250576, 374825, 499953, 1996279, 250869]
94, 0x0c0c37b98f8d25753cedfb64fa93ba9050c41cc196547268e14589c5c7cd35e7, 9903
    [249490, 498867, 748244, 748537, 499160, 1995193, 374325, 249783, 1995486, 499453, 250076, 374618, 250369, 499746, 1996072, 250662, 500039, 374911, 1996365, 250955]
95, 0x34f7d70674e67315309372e47e583295f15dc8467d91d79422248f0a04340444, 9903
    [498820, 249443, 748197, 748490, 374278, 1995146, 499113, 249736, 1995439, 499406, 250029, 374571, 250322, 499699, 250615, 1996025, 374864, 499992, 1996318, 250908]
96, 0x081ef4b8aaaf587ad877582b633a84fe0c514c31a6695160a204f11137d2cad1, 9903
    [249408, 748162, 498785, 748455, 374243, 1995111, 499078, 249701, 499371, 1995404, 374536, 249994, 250287, 499664, 1995990, 250580, 374829, 499957, 1996283, 250873]
97, 0x0ec36d1cbb91295b25d9556e923d8fd0b0ff80095dd85e866ac814a01fbeb96a, 9903
    [1995048, 374180, 748392, 499015, 249638, 499308, 374473, 1995341, 249931, 250224, 499601, 1995927, 250517, 374766, 499894, 250810, 1996220, 1996513, 500187, 375059]
98, 0x2521fb6f575c1d6f15d4039aa31d90395b0b0f7b54ade2d8c56350bf8cbca0d4, 9903
    [748265, 748558, 249511, 498888, 499181, 1995214, 374346, 249804, 374639, 1995507, 499474, 250097, 250390, 499767, 250683, 1996093, 500060, 374932, 1996386, 250976]
99, 0x14c1c2b6ecb8da804c28880623a5b2f0a353e3cc243e063b3d18a9385df09ce4, 9903
    [1995066, 374198, 748410, 499033, 249656, 499326, 374491, 1995359, 249949, 250242, 499619, 1995945, 250535, 374784, 499912, 250828, 1996238, 500205, 1996531, 375077]
53, 1498285]
96, 0x06bf1c3f07bb8205c5d2b5ceaf5f4d394e171dc0c37e50ab16942793021a6c4a, 9903
    [498940, 499233, 1995266, 499526, 5986369, 1745889, 499819, 1995852, 500112, 1746182, 5986662, 1996145, 500405, 1497684, 5986955, 1746475, 1497977, 5987248, 1498270, 1996438]
97, 0x191073e0ada7cc8209e8466f7b63ab804e64b74a4cf99645c67a9b46108315d1, 9903
    [498934, 499227, 1995260, 499520, 5986363, 1745883, 499813, 1995846, 500106, 1746176, 5986656, 1996139, 500399, 1497678, 5986949, 1746469, 1497971, 5987242, 1498264, 1996432]
98, 0x3c95f4f92fe5cea2dab2dc42c08eadc37cd804ec45b229aad2df61c57f7ae3d7, 9903
    [498786, 1995112, 499079, 499372, 1995405, 1745735, 499665, 5986508, 1746028, 499958, 1995991, 500251, 5986801, 1746321, 1497823, 1996284, 500544, 5987094, 1498116, 1746614]
99, 0x080512237a2553e2b520d9aee690ca97718f33a05a3f551780ba695b285046c2, 9903
    [498847, 1995173, 499140, 499433, 1995466, 1745796, 499726, 5986569, 1746089, 500019, 1996052, 500312, 5986862, 1746382, 1497884, 500605, 5987155, 1498177, 1996345, 1746675]
