scalars length: 7980043
freq>1000 (count, total, %):        719,    6111437,      76.58%
freq>500  (count, total, %):       1054,    6392442,      80.11%
freq>100  (count, total, %):       3874,    6998065,      87.69%
freq>20   (count, total, %):       4640,    7024240,      88.02%

top 100 values:
 0, 0x0000000000000000000000000000000000000000000000000000000000000000, 1775033
    [5985032, 5985033, 5985034, 5985035, 5985036, 5985037, 5985038, 5985039, 5985040, 5985041, 5985042, 5985043, 5985044, 5985045, 5985046, 5985047, 5985048, 5985049, 5985050, 5985051]
 1, 0x0000000000000000000000000000000000000000000000000000000000000001, 69818
    [2, 5985063, 5985064, 5985085, 5985086, 5985095, 5985096, 5985191, 5985192, 5985226, 5985227, 5985246, 5985247, 5985252, 5985253, 5985261, 5985266, 5985267, 5985274, 5985282]
 2, 0x336293d1250e16ace79c1b9cfdd14e5d80bc7928a947635797fcbc1ebfa512e8, 12600
    [623449, 498907, 748284, 5986043, 5986336, 623742, 1995233, 499200, 5986629, 499493, 624035, 1995526, 5986922, 624328, 499786, 1995819, 5987215, 500079, 1996112, 5987508]
 3, 0x294b6a7f0984f3d0560b3d0d973d20f41186547a1e41c758e2a3348c0141a665, 12600
    [623450, 498908, 748285, 5986044, 5986337, 623743, 1995234, 499201, 5986630, 499494, 624036, 1995527, 5986923, 624329, 499787, 1995820, 5987216, 500080, 1996113, 5987509]
 4, 0x1af18bf8b21cf712a700f08f14dbcc588ad948ebc1ff85cc300eea6a581d26bf, 12600
    [623448, 498906, 748283, 5986042, 5986335, 623741, 1995232, 499199, 5986628, 499492, 624034, 1995525, 5986921, 624327, 499785, 1995818, 5987214, 500078, 1996111, 5987507]
 5, 0x2a53d5a36091904f09cd86bd43b07c7961faad8ec81c97c9bd30d3c6e9da1ff2, 10417
    [623459, 498917, 748294, 5986346, 623752, 1995243, 499210, 5986639, 499503, 624045, 1995536, 5986932, 624338, 499796, 1995829, 5987225, 500089, 1996122, 5987518, 500382]
 6, 0x04943278e947828f315482d004370c011c9acf8706cac544710a26ce111fb11a, 10417
    [623457, 498915, 748292, 5986344, 623750, 1995241, 499208, 5986637, 499501, 624043, 1995534, 5986930, 624336, 499794, 1995827, 5987223, 500087, 1996120, 5987516, 500380]
 7, 0x29dd0402a87d5b40f9d6cfd1b6bafe4b88d3a89d1a2391749fd334313e8bdb08, 10417
    [623458, 498916, 748293, 5986345, 623751, 1995242, 499209, 5986638, 499502, 624044, 1995535, 5986931, 624337, 499795, 1995828, 5987224, 500088, 1996121, 5987517, 500381]
 8, 0x26b04265765947d12045bcbe58b2e6547bde60b25ddff533f9791fe2170aeb5f, 10159
    [623462, 498920, 748297, 5986349, 623755, 1995246, 499213, 5986642, 499506, 624048, 5986935, 624341, 499799, 1995832, 5987228, 500092, 1996125, 5987521, 500385, 1996418]
 9, 0x2b7225a656cccb0e8f58c6f2518f16b3eba8ed34139d6f37673be556a7117c17, 10159
    [623461, 498919, 748296, 5986348, 623754, 1995245, 499212, 5986641, 499505, 624047, 5986934, 624340, 499798, 1995831, 5987227, 500091, 1996124, 5987520, 500384, 1996417]
10, 0x32f17c6e27f8539b605650b4a9d6f1779f916c7ea33e2b2a6cc7eb84b974f80a, 10159
    [623460, 498918, 748295, 5986347, 623753, 1995244, 499211, 5986640, 499504, 624046, 5986933, 624339, 499797, 1995830, 5987226, 500090, 1996123, 5987519, 500383, 1996416]
11, 0x0ebc6dbf76c8b1b8359b31857601625159691b7a07fc78df53d716e05463b12d, 9903
    [498861, 748238, 748531, 623696, 1995187, 499154, 5986583, 499447, 1995480, 623989, 5986876, 499740, 624282, 5987169, 500033, 1996066, 624575, 5987462, 500326, 1996359]
12, 0x2c1459d136bbfd46f2d4999fbf2c9eb366528da31b086bf198a60278ee528e48, 9903
    [1995019, 623528, 498986, 748363, 5986415, 499279, 1995312, 623821, 5986708, 499572, 624114, 5987001, 499865, 1995898, 5987294, 624407, 500158, 1996191, 5987587, 500451]
13, 0x0d0820aadfcd4878489fe44ec9b15d2ccc0bd7e061dee4d5f808420d7d685ab9, 9903
    [498880, 748257, 748550, 623715, 1995206, 499173, 5986602, 499466, 624008, 1995499, 5986895, 624301, 499759, 5987188, 500052, 1996085, 624594, 5987481, 500345, 1996378]
14, 0x09fa5354fdc3fa1b5fb75642b89ebdb3b11ba0683469e27a365887cdff4de79d, 9903
    [1995055, 748399, 623564, 499022, 5986451, 1995348, 499315, 623857, 5986744, 499608, 624150, 5987037, 499901, 1995934, 624443, 5987330, 500194, 1996227, 5987623, 500487]
15, 0x1d2ae60ebf201d120c3531a7f9b616891c12ea08c7f680b5308a3983d9a7b62c, 9903
    [748173, 498796, 1995122, 748466, 623631, 499089, 5986518, 499382, 1995415, 623924, 5986811, 499675, 624217, 499968, 5987104, 1996001, 624510, 5987397, 500261, 1996294]
16, 0x2a813211dfcb2932e9e369ee707d6bef4b0caaf671f839aa40420e854938f4a4, 9903
    [498868, 748245, 748538, 623703, 1995194, 499161, 5986590, 499454, 623996, 1995487, 5986883, 499747, 624289, 5987176, 500040, 1996073, 624582, 5987469, 500333, 1996366]
17, 0x0d3f8c6fdc6dca50d37dfd67921fb164885a2ac7fbe2912b185941b7d1a66716, 9903
    [748131, 498754, 1995080, 748424, 623589, 499047, 5986476, 1995373, 499340, 623882, 5986769, 499633, 624175, 499926, 5987062, 1995959, 624468, 5987355, 500219, 1996252]
18, 0x2560d2f2bb56a715c81702a58a803b35cbd1336cf72342bbed372b9ee4158239, 9903
    [1995014, 623523, 498981, 748358, 5986410, 499274, 1995307, 623816, 5986703, 499567, 624109, 5986996, 499860, 1995893, 5987289, 624402, 500153, 1996186, 5987582, 500446]
19, 0x06ab90ce2ca337ae7287d6a084ae7031fb60d7f40d0c3315f814c404c250150d, 9903
    [748222, 498845, 748515, 623680, 1995171, 499138, 5986567, 499431, 1995464, 623973, 5986860, 499724, 624266, 5987153, 500017, 1996050, 624559, 5987446, 500310, 1996343]
20, 0x1a1f2e05de6ad0bd5064e526fb987e88e4722363573d8e2d9be9d5111579432b, 9903
    [748128, 1995077, 748421, 623586, 499044, 5986473, 1995370, 499337, 623879, 5986766, 499630, 624172, 499923, 5987059, 1995956, 624465, 5987352, 500216, 1996249, 5987645]
21, 0x19340c9f8427a45d11bb9ef115c6d5500f57814f783d02dd441e16a08e5d01c3, 9903
    [498869, 748246, 748539, 623704, 1995195, 499162, 5986591, 499455, 623997, 1995488, 5986884, 499748, 624290, 5987177, 500041, 1996074, 624583, 5987470, 500334, 1996367]
22, 0x219bf8a162eba1dc35e5ce6810abbdf8e862c35d006f4dd28973ad5529281f17, 9903
    [498877, 748254, 748547, 623712, 1995203, 499170, 5986599, 499463, 624005, 1995496, 5986892, 624298, 499756, 5987185, 500049, 1996082, 624591, 5987478, 500342, 1996375]
23, 0x2cb2960b8474ee25573df05fcbf0abd55617f7210114779438c4de8477b94802, 9903
    [748204, 498827, 748497, 623662, 1995153, 499120, 5986549, 499413, 1995446, 623955, 5986842, 499706, 624248, 5987135, 499999, 1996032, 624541, 5987428, 500292, 1996325]
24, 0x0c537267c685208b07a957c564e8f4b83402d1dd15aad3456bd3b401da2772eb, 9903
    [748198, 498821, 1995147, 748491, 623656, 499114, 5986543, 499407, 1995440, 623949, 5986836, 499700, 624242, 5987129, 499993, 1996026, 624535, 5987422, 500286, 1996319]
25, 0x2b7f2097e7aaf2808e3f108706d9a15fe02ccaab4991424e1bf3c3919e120a03, 9903
    [623503, 498961, 748338, 5986390, 1995287, 499254, 623796, 5986683, 499547, 624089, 5986976, 624382, 499840, 1995873, 5987269, 500133, 1996166, 5987562, 500426, 1996459]
26, 0x1e5fc14b6f810a6144ef82e25986f0933d7a20286421c2c35c2cb93e11bf0e4f, 9903
    [1995061, 748405, 623570, 499028, 5986457, 1995354, 499321, 623863, 5986750, 499614, 624156, 499907, 5987043, 1995940, 624449, 5987336, 500200, 1996233, 5987629, 500493]
27, 0x3f2a5a9c4ca01f3b98f25ad5206f17843050e453caa61635289a200e1aa7f61f, 9903
    [1995056, 748400, 623565, 499023, 5986452, 1995349, 499316, 623858, 5986745, 499609, 624151, 5987038, 499902, 1995935, 624444, 5987331, 500195, 1996228, 5987624, 500488]
28, 0x2a5c3f807e821ddce9b03cdac25dd36e4ac508b536887dc21e78bb20e102731e, 9903
    [748178, 498801, 1995127, 748471, 623636, 499094, 5986523, 499387, 1995420, 623929, 5986816, 499680, 624222, 5987109, 499973, 1996006, 624515, 5987402, 500266, 1996299]
29, 0x12cf4a1b977d11d74d0f496bd2480703a830f1845f8819f71e68fa926e9406d2, 9903
    [623510, 498968, 748345, 5986397, 499261, 1995294, 623803, 5986690, 499554, 624096, 5986983, 624389, 499847, 1995880, 5987276, 500140, 1996173, 5987569, 500433, 1996466]
30, 0x057172d3dfd1deffbc8cb16dbf7cadca42458e04801372d9f0960ea691dcc890, 9903
    [748134, 498757, 1995083, 748427, 623592, 499050, 5986479, 1995376, 499343, 623885, 5986772, 499636, 624178, 499929, 5987065, 1995962, 624471, 5987358, 500222, 1996255]
31, 0x1a4dddfd058ebce3f509c04fdb46c82601f171ac0d14694746bf45cf453bb862, 9903
    [498895, 748272, 748565, 623730, 1995221, 499188, 5986617, 499481, 624023, 1995514, 5986910, 624316, 499774, 5987203, 500067, 1996100, 624609, 5987496, 500360, 1996393]
32, 0x2a7fe24394acbfa8eabf57959438f7967d1e478704064494a270d4cf6023b180, 9903
    [748133, 498756, 1995082, 748426, 623591, 499049, 5986478, 1995375, 499342, 623884, 5986771, 499635, 624177, 499928, 5987064, 1995961, 624470, 5987357, 500221, 1996254]
33, 0x0aeb70fa9c19bcdc113b739a516245af0d675d46cab8a70bb46de63872dbf2ae, 9903
    [498783, 748160, 1995109, 748453, 623618, 499076, 5986505, 499369, 1995402, 623911, 5986798, 499662, 624204, 5987091, 499955, 1995988, 624497, 5987384, 500248, 1996281]
34, 0x282c7b2ed38dcb7b4fb8c93e25572ef1e30c5c63dba7a3f947ec444544b87b80, 9903
    [1995041, 748385, 623550, 499008, 5986437, 1995334, 499301, 623843, 5986730, 499594, 624136, 5987023, 499887, 1995920, 5987316, 624429, 500180, 1996213, 5987609, 500473]
35, 0x17a1b5cd73778d46a40170dcf35cf1bcb67525faa6bca633599c2e8cfe2e0a70, 9903
    [1995059, 748403, 623568, 499026, 5986455, 1995352, 499319, 623861, 5986748, 499612, 624154, 5987041, 499905, 1995938, 624447, 5987334, 500198, 1996231, 5987627, 500491]
36, 0x3803544eb8ec3b0c6a3cd7cc94df73177bb999d2186bfa0f4b893c72b2381be2, 9903
    [498780, 748157, 1995106, 748450, 623615, 499073, 5986502, 1995399, 499366, 623908, 5986795, 499659, 624201, 499952, 5987088, 1995985, 624494, 5987381, 500245, 1996278]
37, 0x03f4cc78001f65fa6c0ee4f5bec0683f1725cc1a4f14c699330e6e51a03c98f6, 9903
    [748203, 498826, 748496, 1995152, 623661, 499119, 5986548, 499412, 1995445, 623954, 5986841, 499705, 624247, 5987134, 499998, 1996031, 624540, 5987427, 500291, 1996324]
38, 0x2e8aac6905e24e0b3177136c0024df9f80a2e137282ba2d33600b0e245e23040, 9903
    [1995034, 748378, 623543, 499001, 5986430, 499294, 1995327, 623836, 5986723, 499587, 624129, 5987016, 499880, 1995913, 5987309, 624422, 500173, 1996206, 5987602, 500466]
39, 0x26554af9ec4de2129deb73a63ee572c792a732e94f877974230a030df342c31d, 9903
    [1995050, 748394, 623559, 499017, 5986446, 1995343, 499310, 623852, 5986739, 499603, 624145, 5987032, 499896, 1995929, 624438, 5987325, 500189, 1996222, 5987618, 500482]
40, 0x396cf546de35261edc5d9ca750c06134b4d853e9eca9a4186c3a43e5780bc57b, 9903
    [623466, 498924, 748301, 5986353, 623759, 1995250, 499217, 5986646, 499510, 624052, 5986939, 624345, 499803, 1995836, 5987232, 500096, 1996129, 5987525, 500389, 1996422]
41, 0x259da54635b355e5c80d946e449102c8bad37f3bb9e56c6f4ff76a474cee4a02, 9903
    [1995026, 623535, 498993, 748370, 5986422, 499286, 1995319, 623828, 5986715, 499579, 624121, 5987008, 499872, 1995905, 5987301, 624414, 500165, 1996198, 5987594, 500458]
42, 0x0efb92e6b86c4ff96da33a7b8e62c4340f3667458770f7742d81bf30653ed7f6, 9903
    [498851, 748228, 748521, 623686, 1995177, 499144, 5986573, 499437, 1995470, 623979, 5986866, 499730, 624272, 5987159, 500023, 1996056, 624565, 5987452, 500316, 1996349]
43, 0x3ba9d988e521187a1dd47bcba82b2209c5d7b65e04ece54bdd137d3312bfe921, 9903
    [498864, 748241, 748534, 623699, 1995190, 499157, 5986586, 499450, 623992, 1995483, 5986879, 499743, 624285, 5987172, 500036, 1996069, 624578, 5987465, 500329, 1996362]
44, 0x1fdf8d0b21bfa48bd45dad088c9bd20ebdb4a3af12de34238fcf4ad7a4660a0a, 9903
    [1995011, 623520, 498978, 748355, 5986407, 499271, 1995304, 623813, 5986700, 499564, 624106, 5986993, 499857, 1995890, 5987286, 624399, 500150, 1996183, 5987579, 500443]
45, 0x2223de5825ba193b12e89bd01bff07aa3438683be996ca7876f8de37804d7880, 9903
    [623485, 498943, 748320, 5986372, 1995269, 499236, 623778, 5986665, 499529, 624071, 5986958, 624364, 499822, 1995855, 5987251, 500115, 1996148, 5987544, 500408, 1996441]
46, 0x3145a8b653207bda63904f52a9d7c98f50bee79a9c4a3465a3bfb8cd7c6f635b, 9903
    [1995024, 623533, 498991, 748368, 5986420, 499284, 1995317, 623826, 5986713, 499577, 624119, 5987006, 499870, 1995903, 5987299, 624412, 500163, 1996196, 5987592, 500456]
47, 0x2f694c123612b0f0e5a7391cefc3f878e27c1f14e1fe986557bf5cb8eb94f67c, 9903
    [498871, 748248, 748541, 623706, 1995197, 499164, 5986593, 499457, 623999, 1995490, 5986886, 499750, 624292, 5987179, 500043, 1996076, 624585, 5987472, 500336, 1996369]
48, 0x3ee146d71bd53276832582fa70504af9565c7d11e97fb9e8ac99f1a665af6a5d, 9903
    [498884, 748261, 748554, 623719, 1995210, 499177, 5986606, 499470, 624012, 1995503, 5986899, 624305, 499763, 5987192, 500056, 1996089, 624598, 5987485, 500349, 1996382]
49, 0x218b76e8974037b1b1c92338cb890c7c75a16a83ef39268bddde4aefa9b1ed52, 9903
    [498896, 748273, 748566, 623731, 1995222, 499189, 5986618, 499482, 624024, 1995515, 5986911, 624317, 499775, 5987204, 500068, 1996101, 624610, 5987497, 500361, 1996394]
50, 0x3d9915702e6d6917088fbf5ec49227abb71c9f9ca4d6172c70a9ce25dd0e2232, 9903
    [1995022, 623531, 498989, 748366, 5986418, 499282, 1995315, 623824, 5986711, 499575, 624117, 5987004, 499868, 1995901, 5987297, 624410, 500161, 1996194, 5987590, 500454]
51, 0x006fedb47b5cafa591dd0cd70f09adbec554d16ff104369ce88e011e5fd9744a, 9903
    [1995063, 748407, 623572, 499030, 5986459, 1995356, 499323, 623865, 5986752, 499616, 624158, 499909, 5987045, 1995942, 624451, 5987338, 500202, 1996235, 5987631, 500495]
52, 0x33a541a46685b61fc3688e779a5bd0b432407205690f4999eb9fa7828a0d95bf, 9903
    [498887, 748264, 748557, 623722, 1995213, 499180, 5986609, 499473, 624015, 1995506, 5986902, 624308, 499766, 5987195, 500059, 1996092, 624601, 5987488, 500352, 1996385]
53, 0x28000567df66fb485b21518fd042251541c9b554b91e5932bfd670b467d985af, 9903
    [1995046, 748390, 623555, 499013, 5986442, 1995339, 499306, 623848, 5986735, 499599, 624141, 5987028, 499892, 1995925, 5987321, 624434, 500185, 1996218, 5987614, 500478]
54, 0x3a862b4fb8c4b970080e4a063f95cdfcbbdc7a776b3e0ce9da709ac3f759ec7b, 9903
    [498765, 748142, 1995091, 748435, 623600, 499058, 5986487, 1995384, 499351, 623893, 5986780, 499644, 624186, 499937, 5987073, 1995970, 624479, 5987366, 500230, 1996263]
55, 0x35bc899738b0763de7f3c34325d9fcf5517efe94f718597e6b1e9aed2c4f4ad9, 9903
    [1995038, 748382, 623547, 499005, 5986434, 1995331, 499298, 623840, 5986727, 499591, 624133, 5987020, 499884, 1995917, 5987313, 624426, 500177, 1996210, 5987606, 500470]
56, 0x00605543a7344fb940eae1d3979b43a6e38b1384b18e944f484fa954faf5c288, 9903
    [748193, 498816, 1995142, 748486, 623651, 499109, 5986538, 499402, 1995435, 623944, 5986831, 499695, 624237, 5987124, 499988, 1996021, 624530, 5987417, 500281, 1996314]
57, 0x3191e39763a443c45282ba69bf615edacf646a646e959c5430b96346973e2531, 9903
    [498879, 748256, 748549, 623714, 1995205, 499172, 5986601, 499465, 624007, 1995498, 5986894, 624300, 499758, 5987187, 500051, 1996084, 624593, 5987480, 500344, 1996377]
58, 0x1b99b1acd29227df50b2f5b896c1b052b5fef25e994822a38b588bde16a0d6c1, 9903
    [623443, 498901, 748278, 748571, 623736, 1995227, 499194, 5986623, 499487, 624029, 1995520, 5986916, 624322, 499780, 5987209, 500073, 1996106, 624615, 5987502, 500366]
59, 0x1ca1f8b44ea8d34d9fe8913cf2e14202955e9cb834d1d03b2449e49ad091e282, 9903
    [1995071, 748415, 623580, 499038, 5986467, 1995364, 499331, 623873, 5986760, 499624, 624166, 499917, 5987053, 1995950, 624459, 5987346, 500210, 1996243, 5987639, 500503]
60, 0x24d94d85b79c80ef6bacb7c9125de67d44407f05db0e6820c76aae3f0686dc9a, 9903
    [748185, 498808, 1995134, 748478, 623643, 499101, 5986530, 499394, 1995427, 623936, 5986823, 499687, 624229, 5987116, 499980, 1996013, 624522, 5987409, 500273, 1996306]
61, 0x0d59b92b953942a82b7ff2a68e962f3719e5c9ad6ab58ad6e6c3d2b8011dd654, 9903
    [1995029, 748373, 623538, 498996, 5986425, 499289, 1995322, 623831, 5986718, 499582, 624124, 5987011, 499875, 1995908, 5987304, 624417, 500168, 1996201, 5987597, 500461]
62, 0x28800c2a54dd4e2405c242ce88b391422db507e289cb49bd55707b0cbfcb2c3b, 9903
    [498770, 748147, 1995096, 748440, 623605, 499063, 5986492, 1995389, 499356, 623898, 5986785, 499649, 624191, 499942, 5987078, 1995975, 624484, 5987371, 500235, 1996268]
63, 0x2705bcb4d857af7b9851881c4b4aa35b29d013a24676b5ea60864bf30d478395, 9903
    [623499, 498957, 748334, 5986386, 1995283, 499250, 623792, 5986679, 499543, 624085, 5986972, 624378, 499836, 1995869, 5987265, 500129, 1996162, 5987558, 500422, 1996455]
64, 0x15009ce8d3b5bd113ea72040b6625f2bfbdebadc5ea8de8f8af2be4e375dcdd4, 9903
    [623511, 498969, 748346, 5986398, 499262, 1995295, 623804, 5986691, 499555, 624097, 5986984, 624390, 499848, 1995881, 5987277, 500141, 1996174, 5987570, 500434, 1996467]
65, 0x279429360e4b66352a17f5d86f8f7a9ac7552c34846cbd5e588b4f0d5ce964e0, 9903
    [748223, 498846, 748516, 623681, 1995172, 499139, 5986568, 499432, 1995465, 623974, 5986861, 499725, 624267, 5987154, 500018, 1996051, 624560, 5987447, 500311, 1996344]
66, 0x0f599002455321c5c9838564607baec2fe3e9f7f6c2dac1e0c790d2021d3d625, 9903
    [623440, 498898, 748275, 748568, 623733, 1995224, 499191, 5986620, 499484, 624026, 1995517, 5986913, 624319, 499777, 5987206, 500070, 1996103, 624612, 5987499, 500363]
67, 0x1c65df8af864c866f958d8d1ab9eaa9298e200d07d997205357aa7257ad6281c, 9903
    [623468, 498926, 748303, 5986355, 623761, 1995252, 499219, 5986648, 499512, 624054, 5986941, 624347, 499805, 1995838, 5987234, 500098, 1996131, 5987527, 500391, 1996424]
68, 0x0370a5a591ee699d1a4b59969193f7aa76138a8ee103816c24f56f3b97856bae, 9903
    [1995033, 748377, 623542, 499000, 5986429, 499293, 1995326, 623835, 5986722, 499586, 624128, 5987015, 499879, 1995912, 5987308, 624421, 500172, 1996205, 5987601, 500465]
69, 0x2428538601b19d925b0690565a522d89214a166953523207bccf2015c9cc0419, 9903
    [748174, 498797, 1995123, 748467, 623632, 499090, 5986519, 499383, 1995416, 623925, 5986812, 499676, 624218, 499969, 5987105, 1996002, 624511, 5987398, 500262, 1996295]
70, 0x080512237a2553e2b520d9aee690ca97718f33a05a3f551780ba695b285046c2, 9903
    [748224, 498847, 748517, 623682, 1995173, 499140, 5986569, 499433, 1995466, 623975, 5986862, 499726, 624268, 5987155, 500019, 1996052, 624561, 5987448, 500312, 1996345]
71, 0x1260bbb1c4f15a56a68538693498f49a88263df622bdea5fb37b63a4ca5e3015, 9903
    [623469, 498927, 748304, 5986356, 623762, 1995253, 499220, 5986649, 499513, 624055, 5986942, 624348, 499806, 1995839, 5987235, 500099, 1996132, 5987528, 500392, 1996425]
72, 0x29595b0a90995252b4bfc012d1ab77f8febc345b1edd7559a0db94d563570735, 9903
    [498886, 748263, 748556, 623721, 1995212, 499179, 5986608, 499472, 624014, 1995505, 5986901, 624307, 499765, 5987194, 500058, 1996091, 624600, 5987487, 500351, 1996384]
73, 0x19d37b305e14ca7e037a74673b32809e61bf5a66fdae0c40580625ab0117a48d, 9903
    [623479, 498937, 748314, 5986366, 1995263, 499230, 623772, 5986659, 499523, 624065, 5986952, 499816, 624358, 1995849, 5987245, 500109, 1996142, 5987538, 500402, 1996435]
74, 0x04f76fab6a707d979a20523388a8a157215dae54a7720a0e55bb3786f267a8fe, 9903
    [623512, 498970, 748347, 5986399, 499263, 1995296, 623805, 5986692, 499556, 624098, 5986985, 624391, 499849, 1995882, 5987278, 500142, 1996175, 5987571, 500435, 1996468]
75, 0x05b340365cd47c91808cb3b02cf9233a8e28e1faa5061873665eeb377984aa8d, 9903
    [498791, 748168, 1995117, 748461, 623626, 499084, 5986513, 499377, 1995410, 623919, 5986806, 499670, 624212, 5987099, 499963, 1995996, 624505, 5987392, 500256, 1996289]
76, 0x14066ddeb69d277ca71dca8bdc75befc385ea9add465a30d16a3568764cca806, 9903
    [623483, 498941, 748318, 5986370, 1995267, 499234, 623776, 5986663, 499527, 624069, 5986956, 624362, 499820, 1995853, 5987249, 500113, 1996146, 5987542, 500406, 1996439]
77, 0x399b95a127d3d123a3b7da459fcde8918efcf0437899c6b0c210f5c20270c828, 9903
    [1995062, 748406, 623571, 499029, 5986458, 1995355, 499322, 623864, 5986751, 499615, 624157, 499908, 5987044, 1995941, 624450, 5987337, 500201, 1996234, 5987630, 500494]
78, 0x3dd0b7f6df3a7d67aaa62ee2e752d7eabdf9596bbe50b30c36c99df0140ad34d, 9903
    [623471, 498929, 748306, 5986358, 1995255, 499222, 623764, 5986651, 499515, 624057, 5986944, 624350, 499808, 1995841, 5987237, 500101, 1996134, 5987530, 500394, 1996427]
79, 0x1e4707d0c2fb8641ed212c0ec48fbbe362ac8946221ac336baf595e27289ab09, 9903
    [748219, 498842, 748512, 623677, 1995168, 499135, 5986564, 499428, 1995461, 623970, 5986857, 499721, 624263, 5987150, 500014, 1996047, 624556, 5987443, 500307, 1996340]
80, 0x3d6ff70bfaee83fa6d4357c2320aed694d5cc61407df25065f641b4f848cb809, 9903
    [498897, 748274, 748567, 623732, 1995223, 499190, 5986619, 499483, 624025, 1995516, 5986912, 624318, 499776, 5987205, 500069, 1996102, 624611, 5987498, 500362, 1996395]
81, 0x1b02951260c8f824e195f84a43bf06c58ad932a0f7de398d0725c52a7da198e4, 9903
    [1995065, 748409, 623574, 499032, 5986461, 1995358, 499325, 623867, 5986754, 499618, 624160, 499911, 5987047, 1995944, 624453, 5987340, 500204, 1996237, 5987633, 500497]
82, 0x2395bd44c865cb17114f527d992d4361c0d2573877020a00d5c9450a160a5b62, 9903
    [498866, 748243, 748536, 623701, 1995192, 499159, 5986588, 499452, 623994, 1995485, 5986881, 499745, 624287, 5987174, 500038, 1996071, 624580, 5987467, 500331, 1996364]
83, 0x3652b0072f1cbebc7589537402e965767acf0d4fd078fc323a1d0ebbf9df30b3, 9903
    [1995076, 748420, 623585, 499043, 5986472, 1995369, 499336, 623878, 5986765, 499629, 624171, 499922, 5987058, 1995955, 624464, 5987351, 500215, 1996248, 5987644, 500508]
84, 0x35f0ff4f3b4ea51d0028dd532b809c67f31b44e14b6a2fab1fada9c4d85593eb, 9903
    [623453, 498911, 748288, 5986340, 623746, 1995237, 499204, 5986633, 499497, 624039, 5986926, 624332, 499790, 1995823, 5987219, 500083, 1996116, 5987512, 500376, 1996409]
85, 0x0dd96213f2a761675acfa3180fac7b3dab3b697f09b4763740b38503d4d71e1c, 9903
    [623494, 498952, 748329, 5986381, 1995278, 499245, 623787, 5986674, 499538, 624080, 5986967, 624373, 499831, 1995864, 5987260, 500124, 1996157, 5987553, 500417, 1996450]
86, 0x0e28ca077e65b043beb0af8333215487e05118d641564087e6c83a02aff3e2cc, 9903
    [748189, 498812, 1995138, 748482, 623647, 499105, 5986534, 499398, 1995431, 623940, 5986827, 499691, 624233, 5987120, 499984, 1996017, 624526, 5987413, 500277, 1996310]
87, 0x2e7e79913d91b1dda505a8fe33ae67d7c25edd106cc387b335496fcb6ec03fee, 9903
    [748190, 498813, 1995139, 748483, 623648, 499106, 5986535, 499399, 1995432, 623941, 5986828, 499692, 624234, 5987121, 499985, 1996018, 624527, 5987414, 500278, 1996311]
88, 0x2c8f1a4b8ba0269436f416492a06aee7df43fca53a42b1f7f338457b285bb8af, 9903
    [1995075, 748419, 623584, 499042, 5986471, 1995368, 499335, 623877, 5986764, 499628, 624170, 499921, 5987057, 1995954, 624463, 5987350, 500214, 1996247, 5987643, 500507]
89, 0x0e1ecd6a5796186637619622a4ccce14ecf1baabb08c0159e2d974ef3454c492, 9903
    [498752, 748129, 1995078, 748422, 623587, 499045, 5986474, 1995371, 499338, 623880, 5986767, 499631, 624173, 499924, 5987060, 1995957, 624466, 5987353, 500217, 1996250]
90, 0x0ec36d1cbb91295b25d9556e923d8fd0b0ff80095dd85e866ac814a01fbeb96a, 9903
    [1995048, 748392, 623557, 499015, 5986444, 1995341, 499308, 623850, 5986737, 499601, 624143, 5987030, 499894, 1995927, 624436, 5987323, 500187, 1996220, 5987616, 500480]
91, 0x02e328ac3324c66439e320eb60137aa84f0677d954a4cecd99917b5def7e66c3, 9903
    [748171, 498794, 1995120, 748464, 623629, 499087, 5986516, 499380, 1995413, 623922, 5986809, 499673, 624215, 499966, 5987102, 1995999, 624508, 5987395, 500259, 1996292]
92, 0x16a5ea7131f30aa0730b8f30b6ae5120bd1062eb59f729efaeaca3efa7acd344, 9903
    [748195, 498818, 1995144, 748488, 623653, 499111, 5986540, 499404, 1995437, 623946, 5986833, 499697, 624239, 5987126, 499990, 1996023, 624532, 5987419, 500283, 1996316]
93, 0x3f29abbce94f7357bfc2b4571ba82d3e465912396a58dd7e3417bf02d75ed1c2, 9903
    [1995072, 748416, 623581, 499039, 5986468, 1995365, 499332, 623874, 5986761, 499625, 624167, 499918, 5987054, 1995951, 624460, 5987347, 500211, 1996244, 5987640, 500504]
94, 0x1e0ccce9e304f5cd7532f7d365031c219eaad8840cab26faa04e582701f5db19, 9903
    [1995027, 748371, 623536, 498994, 5986423, 499287, 1995320, 623829, 5986716, 499580, 624122, 5987009, 499873, 1995906, 5987302, 624415, 500166, 1996199, 5987595, 500459]
95, 0x0167f95a5aff314212ef8fe60920dc24119cf8698dcbb1012b42ed8365f87f78, 9903
    [498772, 748149, 1995098, 748442, 623607, 499065, 5986494, 1995391, 499358, 623900, 5986787, 499651, 624193, 499944, 5987080, 1995977, 624486, 5987373, 500237, 1996270]
96, 0x265311089ed51076019da107e06beb33731cf4b8a57d4829889cf431e88ba9f4, 9903
    [1995047, 748391, 623556, 499014, 5986443, 1995340, 499307, 623849, 5986736, 499600, 624142, 5987029, 499893, 1995926, 624435, 5987322, 500186, 1996219, 5987615, 500479]
97, 0x34b3b23dc873bdb58e67d5c1e4b11dc6a7c0a59e33519dcb0ca80d46e6feeece, 9903
    [748140, 498763, 1995089, 748433, 623598, 499056, 5986485, 1995382, 499349, 623891, 5986778, 499642, 624184, 499935, 5987071, 1995968, 624477, 5987364, 500228, 1996261]
98, 0x16e93168cb5e5a3f2cfeed718a66699c9f89c853cff3a82104d32d198380dfd0, 9903
    [498885, 748262, 748555, 623720, 1995211, 499178, 5986607, 499471, 624013, 1995504, 5986900, 624306, 499764, 5987193, 500057, 1996090, 624599, 5987486, 500350, 1996383]
99, 0x3c12cc638b6c3eaae66106d9405a2f4b9d67c048c8d364d7dcec2f2f2e48269e, 9903
    [623472, 498930, 748307, 5986359, 1995256, 499223, 623765, 5986652, 499516, 624058, 5986945, 624351, 499809, 1995842, 5987238, 500102, 1996135, 5987531, 500395, 1996428]
a62e15b57660edcd75b56d28a46ec629c28ba837, 9903
    [1995068, 3491394, 499035, 748412, 3491687, 1995361, 2993812, 499328, 2994105, 1995947, 3491980, 499621, 2994398, 2994691, 499914, 1996240, 2994984, 3492273, 500207, 1996533]
99, 0x14c1c2b6ecb8da804c28880623a5b2f0a353e3cc243e063b3d18a9385df09ce4, 9903
    [1995066, 3491392, 499033, 748410, 3491685, 1995359, 2993810, 499326, 2994103, 1995945, 3491978, 499619, 2994396, 2994689, 499912, 1996238, 2994982, 3492271, 500205, 1996531]
