scalars length: 9722443
freq>1000 (count, total, %):         27,    7320860,      75.30%
freq>500  (count, total, %):        995,    7824813,      80.48%
freq>100  (count, total, %):       3281,    8282994,      85.19%
freq>20   (count, total, %):       3407,    8285647,      85.22%

top 100 values:
 0, 0x0000000000000000000000000000000000000000000000000000000000000000, 7241306
    [607652, 607653, 607654, 607655, 607656, 607657, 607658, 607659, 607660, 607661, 607662, 607663, 607664, 607665, 607666, 607667, 607668, 607669, 607670, 607671]
 1, 0x0000000000000000000000000000000000000000000000000000000000000001, 29660
    [2, 15, 17, 4861901, 1215810, 1215862, 4861924, 4861964, 4861981, 4861985, 1215895, 1215958, 1215961, 4862216, 1216053, 1216054, 1216056, 4862241, 1216093, 1216094]
 2, 0x40000000000000000000000000000000224698fc0994a8dd8c46eb2100000000, 14205
    [34, 1215876, 4861984, 1215956, 1215962, 1216057, 4862233, 4862242, 1216122, 1216172, 1216405, 4863252, 4863270, 4863294, 4863305, 4863488, 4863916, 4863928, 4863950, 4864132]
 3, 0x40000000000000000000000000000000224698fc0994a8dd8c46eb20fffffffd, 3105
    [55, 152453, 4861986, 1216074, 1216128, 4863262, 4863489, 4864089, 912702, 912715, 913954, 914008, 2434096, 4868261, 610582, 610595, 157402, 157415, 308462, 1220663]
 4, 0x0000000000000000000000000000000000000000000000000000000000000002, 2313
    [4861906, 1215877, 1215957, 1216123, 1216295, 4864091, 4865052, 912802, 913137, 913757, 913837, 914003, 914175, 2434166, 2434200, 610682, 611017, 308562, 157502, 157837]
 5, 0x40000000000000000000000000000000224698fc0994a8dd8c46eb20ffffff71, 2188
    [607866, 61, 608254, 304964, 2431370, 153904, 913955, 154686, 155074, 305746, 306134, 4870692, 4871080, 1222114, 1222890, 2441390, 2441778, 2442554, 2442942, 919994]
 6, 0x40000000000000000000000000000000224698fc0994a8dd8c46eb20ffffffff, 1940
    [4861912, 1216293, 1216309, 1216468, 914173, 914189, 914348, 2434493, 2434513, 2435738, 2436140, 158873, 158889, 612053, 612069, 159048, 612228, 309933, 309949, 310108]
 7, 0x3b547a3b8f0a332cc70ff1b2614d5f1133c9811fb85c207bc74da8fddcff0f6b, 1789
    [607868, 608256, 154688, 155076, 305748, 306136, 4870694, 4871082, 2441392, 2441780, 2442556, 2442944, 175492, 175880, 176656, 177044, 2453734, 2454122, 1232912, 1233300]
 8, 0x13118958ad8a8c2daf467f9560f6c6da22deee58951d15bbe51b43b36a6c0a5f, 1789
    [607867, 608255, 154687, 155075, 305747, 306135, 4870693, 4871081, 2441391, 2441779, 2442555, 2442943, 175491, 175879, 176655, 177043, 2453733, 2454121, 1232911, 1233299]
 9, 0x06c9a7ae1452ad444e553e1b2f2e38ddbb32479f7c1bb2abd8303696b3ac8104, 1684
    [2434216, 2434256, 2434296, 2434336, 2434376, 2434416, 4872716, 4872756, 4872796, 4872836, 4872876, 4872916, 4872956, 168316, 168356, 168396, 168436, 168476, 168516, 1225736]
10, 0x0000000000000000000000000000000000000000000000000000000000000004, 1665
    [4862221, 4863254, 4863258, 4863917, 4863952, 912708, 913125, 610588, 157408, 308468, 611005, 157825, 308885, 2445261, 2446294, 2446298, 2446957, 2446992, 17587, 17691]
11, 0x1d992b8355c91d3f701e609430b5865d426578f1182f85c9c700b3ba5f46b9e6, 1533
    [608249, 155069, 306129, 4869911, 4870687, 2441385, 2441773, 2442549, 2442937, 175485, 175873, 176649, 177037, 2452951, 2453727, 1232905, 1233293, 326545, 326933, 1234069]
12, 0x15561bd38d83a8bc98384352f00bc4ac5ef74757fb16d689cbc7dc2c39c9e4aa, 1533
    [608250, 155070, 306130, 4869912, 4870688, 2441386, 2441774, 2442550, 2442938, 175486, 175874, 176650, 177038, 2452952, 2453728, 1232906, 1233294, 326546, 326934, 1234070]
13, 0x000000000000000000000000000000000000000000000000000000000000000c, 1412
    [4862229, 1216068, 913948, 2434164, 2435298, 2435573, 611828, 158648, 309708, 4872698, 4874147, 4874182, 168264, 169398, 169673, 2445269, 1225684, 319324, 1226818, 621444]
14, 0x40000000000000000000000000000000224698fc0994a8dd8c46eb20fffffff8, 1410
    [607854, 4862217, 1218014, 154674, 305734, 915894, 4871068, 613774, 160594, 311654, 4874190, 2442930, 2445257, 177030, 179357, 2454108, 1234450, 328090, 2457230, 630210]
15, 0x090f526d386d3c4fb0341de4a74f9a77eb74915f5a6d302eca0929b08e56292a, 1278
    [608243, 155063, 306123, 4870681, 1222109, 2441379, 2441767, 2442543, 919989, 164689, 315749, 617869, 175479, 175867, 176643, 2453721, 1232899, 1233287, 326539, 326927]
16, 0x2298a81609871f21e1431010b6320eedceeeeb90ce26490273210ce77533a0bc, 1278
    [608244, 155064, 306124, 4870682, 1222110, 2441380, 2441768, 2442544, 919990, 164690, 315750, 617870, 175480, 175868, 176644, 2453722, 1232900, 1233288, 326540, 326928]
17, 0x0b6bbf9fc27365ec95f6c7957ff958536ee31ed393cb3e3f8f3ad37ccd9ff506, 1158
    [607863, 152462, 154683, 305743, 4868270, 4868559, 1220672, 4871077, 918552, 163252, 314312, 616432, 10169, 11036, 12192, 2451310, 2451599, 2454117, 185410, 185699]
18, 0x3d59bc8af09149e6ca16f1ba8e5a12568d02d914848fb40c3c8990b48250a71d, 1152
    [608251, 155071, 306131, 4870689, 2441387, 2441775, 2442551, 175487, 175875, 176651, 2453729, 1232907, 1233295, 326547, 326935, 1234071, 327711, 628667, 20953, 629055]
19, 0x371b0a21c1ccdd485beadcadb994d27e42ba93b971676d571865478d886c77b1, 1151
    [608252, 155072, 306132, 4870690, 2441388, 2441776, 2442552, 175488, 175876, 176652, 2453730, 1232908, 1233296, 326548, 326936, 1234072, 327712, 628668, 629056, 629832]
20, 0x3b9e2fef4c664044d8ec8683aad3772e1f7fb6b4d62e83136637c04b7c4d8e22, 1151
    [608253, 155073, 306133, 4870691, 2441389, 2441777, 2442553, 175489, 175877, 176653, 2453731, 1232909, 1233297, 326549, 326937, 1234073, 327713, 628669, 629057, 629833]
21, 0x293e568e960833c757a7479a405e23cb13f914f7bc2aab725595889f8e32791a, 1029
    [152454, 4868262, 1220664, 2439934, 918544, 163244, 4876162, 314304, 616424, 10739, 11606, 12184, 174034, 2451302, 325094, 1231454, 627214, 185402, 929334, 21240]
22, 0x2793e18af476b7683288f6f5776268efb0c9a5c1ba460eba76fc157d60fd02e3, 1029
    [152455, 4868263, 1220665, 2439935, 918545, 163245, 4876163, 314305, 616425, 10740, 11607, 12185, 174035, 2451303, 325095, 1231455, 627215, 185403, 929335, 21241]
23, 0x40000000000000000000000000000000224698fc0994a8dd8c46eb20fffffff5, 1028
    [4862223, 1216297, 914177, 2434495, 2436142, 158877, 612057, 309937, 4873035, 9508, 168595, 170242, 2445263, 1226015, 319655, 621775, 1227662, 321302, 17535, 17537]
24, 0x158794d479027be2ab31a2752269978c773e1fdaeb1acc0e80589f8f86226eff, 1026
    [4861917, 4861925, 4861957, 4861965, 4862003, 2444957, 2444965, 2444997, 2445005, 2445043, 179057, 179065, 179097, 179105, 179143, 330117, 330125, 330157, 330165, 330203]
25, 0x21785e08bc0175cb6832d0c2b48c62279c512083eeb75ef1ff3226a9fcdc11ee, 1025
    [608245, 304973, 2431379, 153913, 155065, 306125, 4870683, 1222899, 4876170, 165479, 316539, 920779, 618659, 14419, 2453723, 21248, 2459210, 187823, 193310, 338883]
26, 0x2ce70d73dc1a84a3d84a7301652c680b226b8e8da51fa9e518d436578c5e3427, 1023
    [1215875, 913755, 2435145, 2435225, 2435234, 611635, 158455, 309515, 4874144, 169245, 169325, 169334, 1226665, 1226745, 1226754, 320305, 320385, 320394, 622425, 622505]
27, 0x0000000000000000000000000000000000000000000000000000000000000003, 906
    [4865056, 1218010, 915890, 613770, 160590, 4872635, 4872656, 311650, 4874178, 2448096, 182196, 2455675, 2455696, 2457218, 333256, 189775, 189788, 189796, 191318, 635376]
28, 0x2000000000000000000000000000000011234c7e04ca546ec623759080000001, 900
    [912803, 1216975, 1217033, 914855, 914913, 610683, 308563, 157503, 2436245, 159555, 159613, 612735, 612793, 310615, 310673, 170345, 1227765, 321405, 4883523, 623525]
29, 0x40000000000000000000000000000000224698fc0994a8dd8c46eb20fffffff1, 899
    [152745, 1218354, 2431758, 916234, 2437624, 160934, 614114, 311994, 1223278, 2441089, 165858, 316918, 619038, 171724, 921158, 14798, 175189, 1229144, 322784, 624904]
30, 0x40000000000000000000000000000000224698fc0994a8dd8c46eb20feff9ff8, 897
    [304976, 2431382, 153916, 2431764, 1222902, 1223284, 2441095, 165482, 165864, 316542, 316924, 920782, 618662, 619044, 921164, 14422, 14804, 4879936, 175195, 1232615]
31, 0x31e87eb0f9f7a3f416f76c3d6d1be6d19c84ccf4af74c89223806407032eaf9b, 896
    [1218360, 916240, 2437630, 160940, 614120, 312000, 2441781, 2442557, 171730, 175881, 176657, 1229150, 322790, 624910, 927030, 1233301, 326941, 1234077, 327717, 629061]
32, 0x0306ce6ee87920caa9010d8a0bda204b39f566301c4460e75a281fef46d94d49, 896
    [4885102, 4885162, 4885636, 4885811, 4885827, 4886050, 4886284, 2468142, 2468202, 2468676, 2468851, 2468867, 2469090, 2469324, 202242, 202302, 202776, 202951, 202967, 203190]
33, 0x01993ccb5d24443210cb29cca1dbb81f52b8740d34f50cfcdfcae81de1195b4b, 895
    [2441381, 2441769, 2442545, 175481, 175869, 176645, 1232901, 1233289, 326541, 326929, 1234065, 327705, 20664, 628661, 629049, 629825, 930781, 931169, 931945, 24421]
34, 0x1a9df51ff0b7ebfca40108813245c9bfb46d9f17b1f1a248881ae31b195cbd73, 894
    [607875, 154695, 305755, 4871089, 1222123, 2442951, 920003, 164703, 315763, 617883, 177051, 2454129, 1234471, 328111, 630231, 188229, 932351, 4892281, 339289, 641409]
35, 0x40000000000000000000000000000000224698fc0994a8dd8c46eb20fefe7f71, 894
    [607872, 154692, 305752, 4871086, 1222120, 2442948, 920000, 164700, 315760, 617880, 177048, 2454126, 1234468, 328108, 630228, 188226, 932348, 4892278, 339286, 641406]
36, 0x267348fe361b0c6b3ac6dab2b09f1cbea171a3724a10c3af4a4d2bc4fad96025, 893
    [2441383, 2441771, 2442547, 175483, 175871, 176647, 1232903, 1233291, 326543, 326931, 1234067, 327707, 628663, 629051, 629827, 930783, 931171, 931947, 24423, 4890713]
37, 0x21c6e565704ccc2ea7e78e9858bb61c23a81dc9c61ff33675003c3ef9a6492f4, 893
    [2441382, 2441770, 2442546, 175482, 175870, 176646, 1232902, 1233290, 326542, 326930, 1234066, 327706, 628662, 629050, 629826, 930782, 931170, 931946, 24422, 4890712]
38, 0x24664e532d6dd820af4d0a47693e4fad6c47a69d704c863a00ee5f42e95f2940, 780
    [1216292, 4863253, 914172, 2434190, 2436095, 158872, 612052, 309932, 168290, 170195, 1225710, 2446293, 319350, 621470, 1227615, 321255, 923590, 17599, 17639, 17653]
39, 0x3543e657a7654d0d2d5b5ef3ef5fbae686b2a78a0dd7d1c1ee4d246e7694535e, 779
    [152750, 4867691, 2439941, 4876169, 10457, 10746, 11324, 11613, 171729, 174041, 2450731, 325101, 1231461, 627221, 184831, 20669, 929341, 21247, 2459209, 4889271]
40, 0x1ac9d8bc901d459af3065f31560f7e3847d8c387388f7f49fefc21a2a86f3327, 779
    [152749, 4867690, 2439940, 4876168, 10456, 10745, 11323, 11612, 171728, 174040, 2450730, 325100, 1231460, 627220, 184830, 20668, 929340, 21246, 2459208, 4889270]
41, 0x22c531d1d1a225935378f389083ced1bd7260043224e07078c6fb7fe8a9ad997, 774
    [152463, 4868271, 4868560, 1220673, 918553, 163253, 314313, 616433, 10170, 11037, 12193, 2451311, 2451600, 185411, 185700, 20960, 336471, 336760, 638591, 638880]
42, 0x1a1118ae70785dff326cb1786440e53ad28f682f94cb6b1e28104858a20c3eac, 774
    [152464, 4868272, 4868561, 1220674, 918554, 163254, 314314, 616434, 10171, 11038, 12194, 2451312, 2451601, 185412, 185701, 20961, 336472, 336761, 638592, 638881]
43, 0x30aad6f4eced1a77424a0f1415d72ebbf0e25592c3e19946523fe4fa2976e985, 772
    [152456, 152742, 4868264, 1220666, 2439936, 918546, 163246, 314306, 616426, 12186, 174036, 2451304, 325096, 1231456, 627216, 185404, 929336, 336464, 638584, 940704]
44, 0x1991090667af660faac9774737b03212001cf3d484cfd8cd02ee30ecd11315d6, 769
    [58, 1218351, 916231, 2437621, 160931, 614111, 311991, 4876164, 171721, 1229141, 322781, 624901, 927021, 21242, 2459204, 193304, 344364, 646484, 4900056, 4900342]
45, 0x000000000000000000000000000000000000000000000000000000000000000a, 766
    [4862243, 4865060, 2434497, 4873037, 168597, 2445283, 1226017, 319657, 2448100, 621777, 923897, 179383, 182200, 2456077, 330443, 1236803, 333260, 632563, 190177, 934683]
46, 0x2efd2579a344f3054fe9b3c812b0fc9c9ad8cda601331f6990de307594739ba7, 766
    [607877, 154697, 305757, 4871091, 2442953, 177053, 2454131, 1234473, 328113, 630233, 188231, 932353, 4892283, 339291, 641411, 943531, 2475323, 36007, 1245651, 4902297]
47, 0x04ec1f6378e0896d51655353310a3d2369606c4f70d5aa321c2a8da9c0304710, 766
    [607876, 154696, 305756, 4871090, 2442952, 177052, 2454130, 1234472, 328112, 630232, 188230, 932352, 4892282, 339290, 641410, 943530, 2475322, 36006, 1245650, 4902296]
48, 0x1bdd35d51910d34a3b9e5fd7eb11875d9bc2da21e9607d3b5b28c1ad5f4df4f5, 766
    [607873, 154693, 305753, 4871087, 2442949, 177049, 2454127, 1234469, 328109, 630229, 188227, 932349, 4892279, 339287, 641407, 943527, 2475319, 36003, 1245647, 4902293]
49, 0x19cce771948a1ad35bd5c50ba4dd328d6f7ddf7f614d0e8d9c57b5cb9ed5e48c, 766
    [607874, 154694, 305754, 4871088, 2442950, 177050, 2454128, 1234470, 328110, 630230, 188228, 932350, 4892280, 339288, 641408, 943528, 2475320, 36004, 1245648, 4902294]
50, 0x40000000000000000000000000000000224698fc0994a8dd8c46eb20fffffffb, 765
    [2435308, 2436085, 169408, 170185, 1226828, 320468, 1227605, 321245, 622588, 623365, 924708, 925485, 4884638, 2467678, 4895636, 4896205, 201778, 2478676, 2479245, 212776]
51, 0x40000000000000000000000000000000224698fc0994a8dd8c46eb20fffffffe, 655
    [1216290, 914170, 158870, 612050, 309715, 309930, 4872632, 4872645, 18778, 19184, 2455672, 2455685, 189772, 189785, 28323, 29524, 340832, 340845, 340932, 340972]
52, 0x2aaaaaaaaaaaaaaaaaaaaaaaaaaaaaaac18465fd5bb87093b2d9f21600000002, 647
    [1216131, 1216134, 4863324, 914011, 914014, 2434074, 611891, 611894, 158711, 158714, 309771, 309774, 4872636, 168174, 1225594, 2446364, 319234, 621354, 923474, 180464]
53, 0x3538e94c36f6eb91d1b6e2f960d3a55c788728912d5d40f2ba0b77ce4178c432, 642
    [152458, 4868266, 1220668, 2439938, 918548, 163248, 314308, 616428, 12188, 174038, 2451306, 325098, 1231458, 627218, 185406, 929338, 336466, 638586, 940706, 1242826]
54, 0x14da60b81885e0b13e99c64db3dfa3359e591697c0dc1cebe4a8de2b9e185ad9, 642
    [152457, 4868265, 1220667, 2439937, 918547, 163247, 314307, 616427, 12187, 174037, 2451305, 325097, 1231457, 627217, 185405, 929337, 336465, 638585, 940705, 1242825]
55, 0x3000000000000000000000000000000019b4f2bd072f7ea629353058c0000003, 641
    [4863953, 912709, 610589, 157409, 308469, 4872639, 2446993, 181093, 2455679, 332153, 189779, 634273, 936393, 1238513, 30033, 340839, 642959, 945079, 1247199, 38719]
56, 0x3555555555555555555555555555555571e57f7cb2a68cb89f906e9b80000001, 640
    [4863995, 1216472, 914352, 2435742, 159052, 612232, 310112, 4872620, 169842, 2447035, 1227262, 320902, 623022, 925142, 181135, 2455660, 332195, 189760, 634315, 936435]
57, 0x09c0978ef71b29d26de8975f0321563775d8122de825ec766f0fcf4920bc765d, 639
    [607856, 154676, 305736, 4871070, 2442932, 177032, 2454110, 1234452, 328092, 630212, 188210, 932332, 4892262, 339270, 641390, 943510, 2475302, 35986, 1245630, 209402]
58, 0x03d8b18ba7c6341790a766817763704ce9c3ceee4f6e415356e7ab8066f66f75, 639
    [607855, 154675, 305735, 4871069, 2442931, 177031, 2454109, 1234451, 328091, 630211, 188209, 932331, 4892261, 339269, 641389, 943509, 2475301, 35985, 1245629, 209401]
59, 0x0000000000000000000000000000000000000000000000000000000000001003, 639
    [4863260, 4865054, 4872697, 2446300, 2448094, 180400, 182194, 2455737, 331460, 333254, 189837, 633580, 935700, 1237820, 635374, 937494, 1239614, 340897, 643017, 945137]
60, 0x0c54de926abcef5dae73635df519767daa1845b501156bf4c9990d63d9c292b0, 516
    [912724, 1218017, 2434500, 915897, 610604, 157424, 308484, 2437287, 613777, 160597, 311657, 168600, 171387, 1226020, 319660, 621780, 1228807, 322447, 17540, 923900]
61, 0x33ab216d954310a2518c9ca20ae68982782e5347087f3ce8c2adddbd263d6d51, 516
    [1216081, 1216191, 913961, 914071, 2435311, 2435461, 611841, 158661, 611951, 158771, 309721, 309831, 169411, 169561, 1226831, 1226981, 320471, 320621, 622591, 622741]
62, 0x232d5d1ed1655af143f309246478a6740b7e1ca888a08e133389e9ed1700d6e1, 515
    [2437910, 2439644, 10741, 172010, 13631, 173744, 1229430, 323070, 1231164, 324804, 625190, 927310, 626924, 929044, 4887240, 22973, 4888974, 25197, 2470280, 2472014]
63, 0x1533674b056362eeec5899de2b7b339b17746d4d53f88f7f9af5c79beed26db8, 515
    [2434527, 2435147, 2435227, 2435393, 168627, 169247, 169327, 169493, 1226047, 1226667, 319687, 1226747, 1226913, 320307, 320387, 320553, 621807, 622427, 622507, 622673]
64, 0x40000000000000000000000000000000224698fc0994a8dd8c46eb20ffffff58, 515
    [2437913, 2439647, 172013, 173747, 1229433, 323073, 1231167, 324807, 624907, 625193, 927313, 626927, 929047, 4887243, 22976, 4888977, 2470283, 2472017, 204383, 206117]
65, 0x24f71b4bb97343f6746f6da9f703f4fab270d509a3e2ec4bbc23a764d53384b6, 514
    [152747, 1218356, 916236, 2437626, 160936, 614116, 311996, 171726, 1229146, 322786, 624906, 927026, 34057, 4900347, 217487, 228277, 2483387, 236466, 2494177, 53036]
66, 0x3248384b9871a07327e31dfd00394801d47c52ee21ea31a063e2070d61c857bd, 514
    [152746, 1218355, 916235, 2437625, 160935, 614115, 311995, 171725, 1229145, 322785, 624905, 927025, 34056, 4900346, 217486, 228276, 2483386, 236465, 2494176, 53035]
67, 0x3aaaaaaaaaaaaaaaaaaaaaaaaaaaaaaaca160c3c5e1d9acb15ebacde40000001, 514
    [4863483, 2434093, 4874843, 168193, 1225613, 2446523, 319253, 621373, 17133, 923493, 180623, 2457883, 331683, 633803, 935923, 191983, 1238043, 27923, 29563, 343043]
68, 0x1bbe553d0c69cadf424df9fd913179f45d4ca03fb2842174041cbd54901f325b, 513
    [152498, 4868306, 1220708, 918588, 163288, 314348, 616468, 12228, 2451346, 185446, 336506, 638626, 940746, 1242866, 33808, 4900676, 217816, 228028, 2483716, 2493928]
69, 0x1d094fadae4a7d96452d22ae3beaf23cfac66077d523be298cd0fcccb55bb801, 513
    [152721, 4868529, 1220931, 918811, 163511, 314571, 616691, 12451, 2451569, 185669, 336729, 638849, 940969, 1243089, 34031, 4900899, 218039, 228251, 2483939, 2494151]
70, 0x399bdfc929b1a180ac136d757e816d840a1ed6f3df7dacb9cb331a83656dae69, 513
    [152642, 4868450, 1220852, 918732, 163432, 314492, 616612, 12372, 2451490, 185590, 336650, 638770, 940890, 1243010, 33952, 4900820, 217960, 228172, 2483860, 2494072]
71, 0x082ca7ff1a1c4e05ae30d2964ad5e01fdaa8f2053d0f6eae35df65e9882fc956, 513
    [152720, 4868528, 1220930, 918810, 163510, 314570, 616690, 12450, 2451568, 185668, 336728, 638848, 940968, 1243088, 34030, 4900898, 218038, 228250, 2483938, 2494150]
72, 0x32341a739466d41c32491e429edbe43f920a5ac70321c0ae6d4f29b27f014117, 513
    [152560, 4868368, 1220770, 918650, 163350, 314410, 616530, 12290, 2451408, 185508, 336568, 638688, 940808, 1242928, 33870, 4900738, 217878, 228090, 2483778, 2493990]
73, 0x09ba1db4dc33c6c2b7e06f80ac3c028fa6c08737f1def9a8829b083e7855a02c, 513
    [152732, 4868540, 1220942, 918822, 163522, 314582, 616702, 12462, 2451580, 185680, 336740, 638860, 940980, 1243100, 34042, 4900910, 218050, 228262, 2483950, 2494162]
74, 0x00341a4c824fb8e7e8f715df1e60c9a941f46d15ff1e38c1bb776cbe6f8e882e, 513
    [152602, 4868410, 1220812, 918692, 163392, 314452, 616572, 12332, 2451450, 185550, 336610, 638730, 940850, 1242970, 33912, 4900780, 217920, 228132, 2483820, 2494032]
75, 0x124f33a02c2ef72d85ae835d42946025d0d1b62fbea24317e0f82f3ed83dd5b5, 513
    [152574, 4868382, 1220784, 918664, 163364, 314424, 616544, 12304, 2451422, 185522, 336582, 638702, 940822, 1242942, 33884, 4900752, 217892, 228104, 2483792, 2494004]
76, 0x3d1471c061e24b8f4e201a99d6979574dc6b03cd352e89b4d3815a0793b442f4, 513
    [152559, 4868367, 1220769, 918649, 163349, 314409, 616529, 12289, 2451407, 185507, 336567, 638687, 940807, 1242927, 33869, 4900737, 217877, 228089, 2483777, 2493989]
77, 0x05b15ead1f311ba77aa5ab3b8b90970e02b0108519c7fbc8929fd7b67fd4013e, 513
    [152588, 4868396, 1220798, 918678, 163378, 314438, 616558, 12318, 2451436, 185536, 336596, 638716, 940836, 1242956, 33898, 4900766, 217906, 228118, 2483806, 2494018]
78, 0x1acf36d35c8ef0b466dcfc01be3cb36d3000219f0d9855064ef7fb84faaac2c5, 513
    [152634, 4868442, 1220844, 918724, 163424, 314484, 616604, 12364, 2451482, 185582, 336642, 638762, 940882, 1243002, 33944, 4900812, 217952, 228164, 2483852, 2494064]
79, 0x2c75d1e04f2245559dd0a8743c56c214d674968a2f1596806857d0d91077a360, 513
    [152616, 4868424, 1220826, 918706, 163406, 314466, 616586, 12346, 2451464, 185564, 336624, 638744, 940864, 1242984, 33926, 4900794, 217934, 228146, 2483834, 2494046]
80, 0x3e02b2668f519ccd211a5f6448d86eb2af55c7448ff5871e9e4f53cb99b49c7a, 513
    [152625, 4868433, 1220835, 918715, 163415, 314475, 616595, 12355, 2451473, 185573, 336633, 638753, 940873, 1242993, 33935, 4900803, 217943, 228155, 2483843, 2494055]
81, 0x06c75f6dfa837c833cc9825b482455e437bf1326dcb27ce39d6bd5bdc4ec7a1d, 513
    [152525, 4868333, 1220735, 918615, 163315, 314375, 616495, 12255, 2451373, 185473, 336533, 638653, 940773, 1242893, 33835, 4900703, 217843, 228055, 2483743, 2493955]
82, 0x3c09bcbf040fb618b601377c7c72b3b9d4c868b660f1bcd05d15512f48c3c4e3, 513
    [152524, 4868332, 1220734, 918614, 163314, 314374, 616494, 12254, 2451372, 185472, 336532, 638652, 940772, 1242892, 33834, 4900702, 217842, 228054, 2483742, 2493954]
83, 0x046f4c5104b428ca99a9946956c4d9598b0c66a266658f67238420e7456f6e2e, 513
    [152664, 4868472, 1220874, 918754, 163454, 314514, 616634, 12394, 2451512, 185612, 336672, 638792, 940912, 1243032, 33974, 4900842, 217982, 228194, 2483882, 2494094]
84, 0x22a210d288a0edc4cbec7551abcd359dfcc1ac93d7854349955502521dad91a2, 513
    [152632, 4868440, 1220842, 918722, 163422, 314482, 616602, 12362, 2451480, 185580, 336640, 638760, 940880, 1243000, 33942, 4900810, 217950, 228162, 2483850, 2494062]
85, 0x3e7d6366261279c563e8ef0c5b57f6cff3f3b9bf09b497f0e26936343ebdab8d, 513
    [152586, 4868394, 1220796, 918676, 163376, 314436, 616556, 12316, 2451434, 185534, 336594, 638714, 940834, 1242954, 33896, 4900764, 217904, 228116, 2483804, 2494016]
86, 0x02256c7204c3c1f87d9ee8af2bb7f56b585446f5a406ae781fde9cd7a7e73acd, 513
    [152684, 4868492, 1220894, 918774, 163474, 314534, 616654, 12414, 2451532, 185632, 336692, 638812, 940932, 1243052, 33994, 4900862, 218002, 228214, 2483902, 2494114]
87, 0x17e57a2ec73451c31b43cf56023f4cce370736ab8a9ee51ae6687e2e41a2cd67, 513
    [152692, 4868500, 1220902, 918782, 163482, 314542, 616662, 12422, 2451540, 185640, 336700, 638820, 940940, 1243060, 34002, 4900870, 218010, 228222, 2483910, 2494122]
88, 0x08288e3093433e2f186a6717417522a52bb958062f1e9e324f28a1d669fb9b53, 513
    [152712, 4868520, 1220922, 918802, 163502, 314562, 616682, 12442, 2451560, 185660, 336720, 638840, 940960, 1243080, 34022, 4900890, 218030, 228242, 2483930, 2494142]
89, 0x0ced33f245a65dbfb70d876da4dce5158f844965d5c904507ce97085f2565776, 513
    [152584, 4868392, 1220794, 918674, 163374, 314434, 616554, 12314, 2451432, 185532, 336592, 638712, 940832, 1242952, 33894, 4900762, 217902, 228114, 2483802, 2494014]
90, 0x25b41f63d212a5fe33498f8960429e6be4312aaadeaa79099b2ece5cae4c1226, 513
    [152735, 4868543, 1220945, 918825, 163525, 314585, 616705, 12465, 2451583, 185683, 336743, 638863, 940983, 1243103, 34045, 4900913, 218053, 228265, 2483953, 2494165]
91, 0x21198ad0987da9120e6263fc0b84e759d256cac4fa28f7123499db5dc58c2797, 513
    [152544, 4868352, 1220754, 918634, 163334, 314394, 616514, 12274, 2451392, 185492, 336552, 638672, 940792, 1242912, 33854, 4900722, 217862, 228074, 2483762, 2493974]
92, 0x232a22a42f58f11f2e30c140b19903bb22c043ce7bdf04cff10044d6cc7d35d1, 513
    [152548, 4868356, 1220758, 918638, 163338, 314398, 616518, 12278, 2451396, 185496, 336556, 638676, 940796, 1242916, 33858, 4900726, 217866, 228078, 2483766, 2493978]
93, 0x28f7033ec3986c1fecf274d48dae807bb9d7472bed55bb0262811bcf9e932836, 513
    [152619, 4868427, 1220829, 918709, 163409, 314469, 616589, 12349, 2451467, 185567, 336627, 638747, 940867, 1242987, 33929, 4900797, 217937, 228149, 2483837, 2494049]
94, 0x2c35c8a32808ad114f0f23de54fc26306bb0c78a49cebed205933c016da90b00, 513
    [152702, 4868510, 1220912, 918792, 163492, 314552, 616672, 12432, 2451550, 185650, 336710, 638830, 940950, 1243070, 34012, 4900880, 218020, 228232, 2483920, 2494132]
95, 0x23e18acd464644203baf073e668a3e3c73eee25aa516ba17b1a74823ecf7bf2f, 513
    [152719, 4868527, 1220929, 918809, 163509, 314569, 616689, 12449, 2451567, 185667, 336727, 638847, 940967, 1243087, 34029, 4900897, 218037, 228249, 2483937, 2494149]
96, 0x27af1fb6038689bba39c79e7cfcc6f4e20c2c852069be1e9bec7ab1b6eba638e, 513
    [152701, 4868509, 1220911, 918791, 163491, 314551, 616671, 12431, 2451549, 185649, 336709, 638829, 940949, 1243069, 34011, 4900879, 218019, 228231, 2483919, 2494131]
97, 0x17a8a00520352080f83e9d377ee3e55ca522d74210fa7e89789932d1582435c5, 513
    [152680, 4868488, 1220890, 918770, 163470, 314530, 616650, 12410, 2451528, 185628, 336688, 638808, 940928, 1243048, 33990, 4900858, 217998, 228210, 2483898, 2494110]
98, 0x1196ec65552ecb378555fe1995fe2cccda6960cd48e82562371cffcf547c5b25, 513
    [152550, 4868358, 1220760, 918640, 163340, 314400, 616520, 12280, 2451398, 185498, 336558, 638678, 940798, 1242918, 33860, 4900728, 217868, 228080, 2483768, 2493980]
99, 0x0a9f85470561059c1bc9b18884a3bd676be1fc8d7bbf064e27f25a41b2750de7, 513
    [152611, 4868419, 1220821, 918701, 163401, 314461, 616581, 12341, 2451459, 185559, 336619, 638739, 940859, 1242979, 33921, 4900789, 217929, 228141, 2483829, 2494041]
 390029, 465559, 2451497, 1243017, 336657, 33959, 4900827, 638777, 412187, 487717, 4911039, 1275387, 4921829, 369027, 2483867]
