scalars length: 7980043
freq>1000 (count, total, %):        719,    6107497,      76.53%
freq>500  (count, total, %):       1054,    6388610,      80.06%
freq>100  (count, total, %):       3874,    6997367,      87.69%
freq>20   (count, total, %):       4639,    7023529,      88.01%

top 100 values:
 0, 0x0000000000000000000000000000000000000000000000000000000000000000, 1774910
    [1496258, 1496259, 1496260, 2992515, 2992516, 2992517, 2992518, 2992519, 2992520, 2992521, 2992522, 2992523, 2992524, 2992525, 2992526, 2992527, 2992528, 2992529, 2992530, 2992531]
 1, 0x0000000000000000000000000000000000000000000000000000000000000001, 69854
    [1496257, 2, 2992539, 2992540, 2992574, 2992575, 1496268, 1496269, 1496274, 1496275, 1496285, 1496288, 1496289, 19, 1496319, 1496320, 1496321, 1496322, 1496354, 1496392]
 2, 0x1af18bf8b21cf712a700f08f14dbcc588ad948ebc1ff85cc300eea6a581d26bf, 12600
    [1497064, 498906, 1995232, 2993390, 2993683, 1995525, 499199, 1995818, 2993976, 1497357, 499492, 1996111, 2994269, 499785, 1249152, 1497650, 1996404, 1996697, 1249445, 1497943]
 3, 0x294b6a7f0984f3d0560b3d0d973d20f41186547a1e41c758e2a3348c0141a665, 12600
    [1497066, 498908, 1995234, 2993392, 2993685, 1995527, 499201, 1995820, 2993978, 1497359, 499494, 1996113, 2994271, 499787, 1249154, 1497652, 1996406, 1996699, 1249447, 1497945]
 4, 0x336293d1250e16ace79c1b9cfdd14e5d80bc7928a947635797fcbc1ebfa512e8, 12600
    [1497065, 498907, 1995233, 2993391, 2993684, 1995526, 499200, 1995819, 2993977, 1497358, 499493, 1996112, 2994270, 499786, 1249153, 1497651, 1996405, 1996698, 1249446, 1497944]
 5, 0x04943278e947828f315482d004370c011c9acf8706cac544710a26ce111fb11a, 10412
    [498915, 2993692, 499208, 1995827, 2993985, 499501, 1996120, 2994278, 499794, 1996413, 1996706, 1497952, 500087, 2994571, 1498245, 500380, 1498538, 2994864, 1250040, 1498831]
 6, 0x29dd0402a87d5b40f9d6cfd1b6bafe4b88d3a89d1a2391749fd334313e8bdb08, 10412
    [498916, 2993693, 499209, 1995828, 2993986, 499502, 1996121, 2994279, 499795, 1996414, 1996707, 1497953, 500088, 2994572, 1498246, 500381, 1498539, 2994865, 1250041, 1498832]
 7, 0x2a53d5a36091904f09cd86bd43b07c7961faad8ec81c97c9bd30d3c6e9da1ff2, 10412
    [498917, 2993694, 499210, 1995829, 2993987, 499503, 1996122, 2994280, 499796, 1996415, 1996708, 1497954, 500089, 2994573, 1498247, 500382, 1498540, 2994866, 1250042, 1498833]
 8, 0x2b7225a656cccb0e8f58c6f2518f16b3eba8ed34139d6f37673be556a7117c17, 10155
    [498919, 1995245, 2993696, 499212, 1995831, 2993989, 499505, 1996124, 2994282, 499798, 1996417, 1497663, 1996710, 1497956, 500091, 2994575, 1498249, 500384, 1249751, 1498542]
 9, 0x26b04265765947d12045bcbe58b2e6547bde60b25ddff533f9791fe2170aeb5f, 10155
    [498920, 1995246, 2993697, 499213, 1995832, 2993990, 499506, 1996125, 2994283, 499799, 1996418, 1497664, 1996711, 1497957, 500092, 2994576, 1498250, 500385, 1249752, 1498543]
10, 0x32f17c6e27f8539b605650b4a9d6f1779f916c7ea33e2b2a6cc7eb84b974f80a, 10155
    [498918, 1995244, 2993695, 499211, 1995830, 2993988, 499504, 1996123, 2994281, 499797, 1996416, 1497662, 1996709, 1497955, 500090, 2994574, 1498248, 500383, 1249750, 1498541]
11, 0x03c18747006c56bf5bd10a3127d1b132b67f3453d5dad0849ad7d2e549bef036, 9897
    [1995037, 499004, 2993781, 499297, 1995916, 2994074, 499590, 1996209, 2994367, 1996502, 499883, 1996795, 1498041, 500176, 2994660, 1498334, 500469, 1498627, 2994953, 1250129]
12, 0x39721a9ccd9e28de12f9d910841c9a98dcaa995488502a21a855dd0be85d8d19, 9897
    [498860, 1995186, 499153, 2993930, 499446, 1996065, 2994223, 499739, 1996358, 1996651, 500032, 2994516, 1498190, 500325, 1996944, 2994809, 1498483, 500618, 1498776, 2995102]
13, 0x1375f592710314bc30eabcb2a62e15b57660edcd75b56d28a46ec629c28ba837, 9897
    [1995068, 499035, 2993812, 499328, 1995947, 2994105, 499621, 1996240, 2994398, 1996533, 499914, 1996826, 1498072, 500207, 2994691, 1498365, 500500, 1498658, 2994984, 1250160]
14, 0x1c65df8af864c866f958d8d1ab9eaa9298e200d07d997205357aa7257ad6281c, 9897
    [498926, 2993703, 499219, 1995838, 2993996, 499512, 1996131, 2994289, 499805, 1996424, 1996717, 1497963, 500098, 2994582, 1498256, 500391, 1498549, 2994875, 1250051, 1498842]
15, 0x29ad760f0007ad6e927d0c06396e7b3a90cf2c128b7747da1e32ef951e55ccc5, 9897
    [1995031, 498998, 2993775, 499291, 1995910, 2994068, 499584, 1996203, 2994361, 1996496, 499877, 1996789, 1498035, 500170, 2994654, 1498328, 500463, 1498621, 2994947, 1250123]
16, 0x1d9321a8c4660c95e2f07e69c4089d8f23d2bde43b9be5a1eabfe60430cedb3a, 9897
    [498806, 1995132, 499099, 2993876, 499392, 1996011, 2994169, 499685, 1996304, 1996597, 2994462, 499978, 1498136, 500271, 1996890, 2994755, 1498429, 500564, 1498722, 2995048]
17, 0x2521fb6f575c1d6f15d4039aa31d90395b0b0f7b54ade2d8c56350bf8cbca0d4, 9897
    [498888, 1995214, 499181, 2993958, 499474, 1996093, 2994251, 499767, 1996386, 1996679, 500060, 2994544, 500353, 1498218, 1996972, 2994837, 1498511, 500646, 1498804, 2995130]
18, 0x006401f1d71dd8dcabcacd5f52cb6abb933723cf3dbcbbc4aaf363b22ea68fd0, 9897
    [498831, 1995157, 499124, 2993901, 499417, 1996036, 2994194, 499710, 1996329, 1996622, 500003, 2994487, 1498161, 500296, 1996915, 2994780, 1498454, 500589, 1498747, 2995073]
19, 0x33a541a46685b61fc3688e779a5bd0b432407205690f4999eb9fa7828a0d95bf, 9897
    [498887, 1995213, 499180, 2993957, 499473, 1996092, 2994250, 499766, 1996385, 1996678, 500059, 2994543, 500352, 1498217, 1996971, 2994836, 1498510, 500645, 1498803, 2995129]
20, 0x0f98c3971500316563f6e8e207165a3e281d1116e2b24e47fded59a21b2e4906, 9897
    [498966, 2993743, 499259, 1995878, 2994036, 499552, 1996171, 2994329, 1996464, 499845, 1996757, 1498003, 500138, 2994622, 1498296, 500431, 1498589, 2994915, 1250091, 1498882]
21, 0x0c0c37b98f8d25753cedfb64fa93ba9050c41cc196547268e14589c5c7cd35e7, 9897
    [498867, 1995193, 499160, 2993937, 499453, 1996072, 2994230, 499746, 1996365, 1996658, 500039, 2994523, 1498197, 1996951, 500332, 2994816, 1498490, 500625, 1498783, 2995109]
22, 0x0f599002455321c5c9838564607baec2fe3e9f7f6c2dac1e0c790d2021d3d625, 9897
    [498898, 1995224, 499191, 2993968, 499484, 1996103, 2994261, 499777, 1996396, 1996689, 500070, 2994554, 500363, 1498228, 1996982, 2994847, 1498521, 500656, 1498814, 2995140]
23, 0x134047ba0e6b6a4c88bcfacb89ea1410018f1a22ca30d84a1c91c140acb0498f, 9897
    [498928, 2993705, 499221, 1995840, 2993998, 499514, 1996133, 2994291, 499807, 1996426, 1996719, 1497965, 500100, 2994584, 1498258, 500393, 1498551, 2994877, 1250053, 1498844]
24, 0x3dd0b7f6df3a7d67aaa62ee2e752d7eabdf9596bbe50b30c36c99df0140ad34d, 9897
    [498929, 2993706, 499222, 1995841, 2993999, 499515, 1996134, 2994292, 499808, 1996427, 1996720, 1497966, 500101, 2994585, 1498259, 500394, 1498552, 2994878, 1250054, 1498845]
25, 0x2d94a8cd05017e9a6ed75b0c3322d137ce37c891ac452eee86259840308abdc4, 9897
    [498889, 1995215, 499182, 2993959, 499475, 1996094, 2994252, 499768, 1996387, 1996680, 500061, 2994545, 500354, 1498219, 1996973, 2994838, 1498512, 500647, 1498805, 2995131]
26, 0x0dd96213f2a761675acfa3180fac7b3dab3b697f09b4763740b38503d4d71e1c, 9897
    [498952, 2993729, 499245, 1995864, 2994022, 499538, 1996157, 2994315, 1996450, 499831, 1996743, 1497989, 500124, 2994608, 1498282, 500417, 1498575, 2994901, 1250077, 1498868]
27, 0x2e7e79913d91b1dda505a8fe33ae67d7c25edd106cc387b335496fcb6ec03fee, 9897
    [498813, 1995139, 499106, 2993883, 499399, 1996018, 2994176, 499692, 1996311, 1996604, 2994469, 499985, 1498143, 500278, 1996897, 2994762, 1498436, 500571, 1498729, 2995055]
28, 0x01b68005f9fd46a8e92f495407fdda52942fe46369e6adc2f7fcf8d3c8adbe85, 9897
    [498965, 2993742, 499258, 1995877, 2994035, 499551, 1996170, 2994328, 1996463, 499844, 1996756, 1498002, 500137, 2994621, 1498295, 500430, 1498588, 2994914, 1250090, 1498881]
29, 0x19340c9f8427a45d11bb9ef115c6d5500f57814f783d02dd441e16a08e5d01c3, 9897
    [498869, 1995195, 499162, 2993939, 499455, 1996074, 2994232, 499748, 1996367, 1996660, 500041, 2994525, 1498199, 1996953, 500334, 2994818, 1498492, 500627, 1498785, 2995111]
30, 0x1ab15b518306d3850dee4be8aaead7381e975c0ce17b588dc6e05828565fff82, 9897
    [498863, 1995189, 499156, 2993933, 499449, 1996068, 2994226, 499742, 1996361, 1996654, 500035, 2994519, 1498193, 500328, 1996947, 2994812, 1498486, 500621, 1498779, 2995105]
31, 0x28800c2a54dd4e2405c242ce88b391422db507e289cb49bd55707b0cbfcb2c3b, 9897
    [498770, 1995096, 499063, 2993840, 499356, 1995975, 2994133, 499649, 1996268, 2994426, 1996561, 499942, 1996854, 1498100, 500235, 2994719, 1498393, 500528, 1498686, 2995012]
32, 0x0fe3fbe84dae5bd1a7dbedcc410ca1b701ea7faf87ea83396bd464cad8a6bc23, 9897
    [498921, 2993698, 499214, 1995833, 2993991, 499507, 1996126, 2994284, 499800, 1996419, 1996712, 1497958, 500093, 2994577, 1498251, 500386, 1498544, 2994870, 1250046, 1498837]
33, 0x1acab73812329dea638c92d1e8cbaa1a85b2d59d3c8720b3664bdc4be5171809, 9897
    [498829, 1995155, 499122, 2993899, 499415, 1996034, 2994192, 499708, 1996327, 1996620, 500001, 2994485, 1498159, 500294, 1996913, 2994778, 1498452, 500587, 1498745, 2995071]
34, 0x303973ad29fc927f7ca2aff8ae8c1e0983d962e8569c312036049c9cc989740b, 9897
    [498768, 1995094, 499061, 2993838, 499354, 1995973, 2994131, 499647, 1996266, 2994424, 1996559, 499940, 1996852, 1498098, 500233, 2994717, 1498391, 500526, 1498684, 2995010]
35, 0x34b3b23dc873bdb58e67d5c1e4b11dc6a7c0a59e33519dcb0ca80d46e6feeece, 9897
    [498763, 1995089, 499056, 2993833, 499349, 1995968, 2994126, 499642, 1996261, 2994419, 1996554, 499935, 1996847, 1498093, 500228, 2994712, 1498386, 500521, 1498679, 2995005]
36, 0x085df9e69db3c370ad08b30c78f0b3f57f41f88d153cb9ca4fdd3eaff74f0a22, 9897
    [498799, 1995125, 499092, 2993869, 499385, 1996004, 2994162, 499678, 1996297, 1996590, 2994455, 499971, 500264, 1498129, 1996883, 2994748, 1498422, 500557, 1498715, 2995041]
37, 0x3bdf13fd09599ff48fb61dc8fe578f9e8b11868e79c1636e80a68f750aa020b2, 9897
    [498792, 1995118, 499085, 2993862, 499378, 1995997, 2994155, 499671, 1996290, 1996583, 2994448, 499964, 500257, 1498122, 1996876, 2994741, 1498415, 500550, 1498708, 2995034]
38, 0x3d9915702e6d6917088fbf5ec49227abb71c9f9ca4d6172c70a9ce25dd0e2232, 9897
    [1995022, 498989, 2993766, 499282, 1995901, 2994059, 499575, 1996194, 2994352, 1996487, 499868, 1996780, 1498026, 500161, 2994645, 1498319, 500454, 1498612, 2994938, 1250114]
39, 0x05091de0a9abeaf53eec6c2e7d9898e089018ccd89bed6258ff5440824edbd49, 9897
    [498843, 1995169, 499136, 2993913, 499429, 1996048, 2994206, 499722, 1996341, 1996634, 500015, 2994499, 1498173, 500308, 1996927, 2994792, 1498466, 500601, 1498759, 2995085]
40, 0x33f1ea4e48533146b6006e5ce92ae968ff8fd0f7fd442ad2adc18eaa201a6c60, 9897
    [498882, 1995208, 499175, 2993952, 499468, 1996087, 2994245, 499761, 1996380, 1996673, 500054, 2994538, 1498212, 500347, 1996966, 2994831, 1498505, 500640, 1498798, 2995124]
41, 0x1260bbb1c4f15a56a68538693498f49a88263df622bdea5fb37b63a4ca5e3015, 9897
    [498927, 2993704, 499220, 1995839, 2993997, 499513, 1996132, 2994290, 499806, 1996425, 1996718, 1497964, 500099, 2994583, 1498257, 500392, 1498550, 2994876, 1250052, 1498843]
42, 0x35f0ff4f3b4ea51d0028dd532b809c67f31b44e14b6a2fab1fada9c4d85593eb, 9897
    [498911, 2993688, 499204, 1995823, 2993981, 499497, 1996116, 2994274, 499790, 1996409, 1996702, 1497948, 500083, 2994567, 1498241, 500376, 1498534, 2994860, 1250036, 1498827]
43, 0x1ae6728dbcbab312b6788ca6ee2b8bdc836d2a50c511960e4ebd309501549b27, 9897
    [498891, 1995217, 499184, 2993961, 499477, 1996096, 2994254, 499770, 1996389, 1996682, 500063, 2994547, 500356, 1498221, 1996975, 2994840, 1498514, 500649, 1498807, 2995133]
44, 0x006fedb47b5cafa591dd0cd70f09adbec554d16ff104369ce88e011e5fd9744a, 9897
    [1995063, 499030, 2993807, 499323, 1995942, 2994100, 499616, 1996235, 2994393, 1996528, 499909, 1996821, 1498067, 500202, 2994686, 1498360, 500495, 1498653, 2994979, 1250155]
45, 0x2cb2960b8474ee25573df05fcbf0abd55617f7210114779438c4de8477b94802, 9897
    [498827, 1995153, 499120, 2993897, 499413, 1996032, 2994190, 499706, 1996325, 1996618, 499999, 2994483, 1498157, 500292, 1996911, 2994776, 1498450, 500585, 1498743, 2995069]
46, 0x374cdb8b49b0869adb5599c69069f0696443bccb3675a21166a098982b889c33, 9897
    [1995010, 498977, 2993754, 499270, 1995889, 2994047, 499563, 1996182, 2994340, 1996475, 499856, 1996768, 1498014, 500149, 2994633, 1498307, 500442, 1498600, 2994926, 1250102]
47, 0x06bf1c3f07bb8205c5d2b5ceaf5f4d394e171dc0c37e50ab16942793021a6c4a, 9897
    [498940, 2993717, 499233, 1995852, 2994010, 499526, 1996145, 2994303, 499819, 1996438, 1996731, 1497977, 500112, 2994596, 1498270, 500405, 1498563, 2994889, 1250065, 1498856]
48, 0x191073e0ada7cc8209e8466f7b63ab804e64b74a4cf99645c67a9b46108315d1, 9897
    [498934, 2993711, 499227, 1995846, 2994004, 499520, 1996139, 2994297, 499813, 1996432, 1996725, 1497971, 500106, 2994590, 1498264, 500399, 1498557, 2994883, 1250059, 1498850]
49, 0x0009dac52dc62ab92f6e81c7b3e2c023e7e58f71b4e361cfcf54208b7153de6b, 9897
    [498950, 2993727, 499243, 1995862, 2994020, 499536, 1996155, 2994313, 1996448, 499829, 1996741, 1497987, 500122, 2994606, 500415, 1498280, 1498573, 2994899, 1250075, 1498866]
50, 0x15f669608026427f95707503736187aa2b69463afe640f45a0b4a414fb326df7, 9897
    [498949, 2993726, 499242, 1995861, 2994019, 499535, 1996154, 2994312, 1996447, 499828, 1996740, 1497986, 500121, 2994605, 1498279, 500414, 1498572, 2994898, 1250074, 1498865]
51, 0x05b340365cd47c91808cb3b02cf9233a8e28e1faa5061873665eeb377984aa8d, 9897
    [498791, 1995117, 499084, 2993861, 499377, 1995996, 2994154, 499670, 1996289, 1996582, 2994447, 499963, 500256, 1498121, 1996875, 2994740, 1498414, 500549, 1498707, 2995033]
52, 0x328a077dda77f5c33bdc32ab33c6d165c653d70b86f792cba52a2d3d17d32b06, 9897
    [498850, 1995176, 499143, 2993920, 499436, 1996055, 2994213, 499729, 1996348, 1996641, 500022, 2994506, 1498180, 500315, 1996934, 2994799, 1498473, 500608, 1498766, 2995092]
53, 0x3ceef0e4e6e791dc756db7f6b8ca5ec18ac05636982e5c5b731ea09f564cd203, 9897
    [498760, 1995086, 499053, 2993830, 499346, 1995965, 2994123, 499639, 1996258, 2994416, 1996551, 499932, 1996844, 1498090, 500225, 2994709, 1498383, 500518, 1498676, 2995002]
54, 0x2d102f9778e069dff275cdbaff7fae2ab7d1d6c2b8552ddb2ed3b4da60ba6011, 9897
    [1995035, 499002, 2993779, 499295, 1995914, 2994072, 499588, 1996207, 2994365, 1996500, 499881, 1996793, 1498039, 500174, 2994658, 1498332, 500467, 1498625, 2994951, 1250127]
55, 0x2705bcb4d857af7b9851881c4b4aa35b29d013a24676b5ea60864bf30d478395, 9897
    [498957, 2993734, 499250, 1995869, 2994027, 499543, 1996162, 2994320, 1996455, 499836, 1996748, 1497994, 500129, 2994613, 1498287, 500422, 1498580, 2994906, 1250082, 1498873]
56, 0x2e2f185a02ded7ffa7d118e19f22edd1abfdf701ff0735f6bbbfa77e1f83f0fc, 9897
    [498837, 1995163, 499130, 2993907, 499423, 1996042, 2994200, 499716, 1996335, 1996628, 500009, 2994493, 1498167, 500302, 1996921, 2994786, 1498460, 500595, 1498753, 2995079]
57, 0x0e1cfc0c11b7a7e9b1995edb3bc8cbc204e1d97d32f58a1fa52ba471387f4a87, 9897
    [498936, 2993713, 499229, 1995848, 2994006, 499522, 1996141, 2994299, 499815, 1996434, 1996727, 1497973, 500108, 2994592, 1498266, 500401, 1498559, 2994885, 1250061, 1498852]
58, 0x19d1f8a0e46f9d7e75fbf17bb7e846f1e87d4a23aff6a6e69a4a7ce66ef49253, 9897
    [498798, 1995124, 499091, 2993868, 499384, 1996003, 2994161, 499677, 1996296, 1996589, 2994454, 499970, 500263, 1498128, 1996882, 2994747, 1498421, 500556, 1498714, 2995040]
59, 0x14cd048595d0c0666d792cff398d08d318fadf2ef5ba83bbeda1f8fc1417d199, 9897
    [498822, 1995148, 499115, 2993892, 499408, 1996027, 2994185, 499701, 1996320, 1996613, 499994, 2994478, 1498152, 500287, 1996906, 2994771, 1498445, 500580, 1498738, 2995064]
60, 0x12c397f5ede788a944ad992258570f621174620095b8a1aa3c6e5faa5cb57246, 9897
    [498956, 2993733, 499249, 1995868, 2994026, 499542, 1996161, 2994319, 1996454, 499835, 1996747, 1497993, 500128, 2994612, 1498286, 500421, 1498579, 2994905, 1250081, 1498872]
61, 0x0d59b92b953942a82b7ff2a68e962f3719e5c9ad6ab58ad6e6c3d2b8011dd654, 9897
    [1995029, 498996, 2993773, 499289, 1995908, 2994066, 499582, 1996201, 2994359, 1996494, 499875, 1996787, 1498033, 500168, 2994652, 1498326, 500461, 1498619, 2994945, 1250121]
62, 0x0cdae7e49b3d41c886b2eedc37e3e821276b9320893a2da7374faf834d2dcce4, 9897
    [1995064, 499031, 2993808, 499324, 1995943, 2994101, 499617, 1996236, 2994394, 1996529, 499910, 1996822, 1498068, 500203, 2994687, 1498361, 500496, 1498654, 2994980, 1250156]
63, 0x369d4d08dc75ce9dea4a705d4fc2514de98f7f844cfd728ef111b08086a704b7, 9897
    [1995018, 498985, 2993762, 499278, 1995897, 2994055, 499571, 1996190, 2994348, 1996483, 499864, 1996776, 1498022, 500157, 2994641, 1498315, 500450, 1498608, 2994934, 1250110]
64, 0x1e0ccce9e304f5cd7532f7d365031c219eaad8840cab26faa04e582701f5db19, 9897
    [1995027, 498994, 2993771, 499287, 1995906, 2994064, 499580, 1996199, 2994357, 1996492, 499873, 1996785, 1498031, 500166, 2994650, 1498324, 500459, 1498617, 2994943, 1250119]
65, 0x26ad4381bd7d994951d80b28135028a291848dce7761cb9d3163fd56ff7775a5, 9897
    [498858, 1995184, 499151, 2993928, 499444, 1996063, 2994221, 499737, 1996356, 1996649, 500030, 2994514, 1498188, 500323, 1996942, 2994807, 1498481, 500616, 1498774, 2995100]
66, 0x2a813211dfcb2932e9e369ee707d6bef4b0caaf671f839aa40420e854938f4a4, 9897
    [498868, 1995194, 499161, 2993938, 499454, 1996073, 2994231, 499747, 1996366, 1996659, 500040, 2994524, 1498198, 1996952, 500333, 2994817, 1498491, 500626, 1498784, 2995110]
67, 0x081ef4b8aaaf587ad877582b633a84fe0c514c31a6695160a204f11137d2cad1, 9897
    [498785, 1995111, 499078, 2993855, 499371, 1995990, 2994148, 499664, 1996283, 1996576, 2994441, 499957, 500250, 1498115, 1996869, 2994734, 1498408, 500543, 1498701, 2995027]
68, 0x2940de3f12a04f04f6323d5f88bfb1032bdd729a1d17af6f3a53d2d8bbdf5dbd, 9897
    [498781, 1995107, 499074, 2993851, 499367, 1995986, 2994144, 499660, 1996279, 1996572, 2994437, 499953, 1498111, 500246, 1996865, 2994730, 1498404, 500539, 1498697, 2995023]
69, 0x1ae1041de3bc7520d4985cfa1ce55a62a9f88c322a9c2f625d8401c6f5215f61, 9897
    [1995052, 499019, 2993796, 499312, 1995931, 2994089, 499605, 1996224, 2994382, 1996517, 499898, 1996810, 1498056, 500191, 2994675, 1498349, 500484, 1498642, 2994968, 1250144]
70, 0x3803544eb8ec3b0c6a3cd7cc94df73177bb999d2186bfa0f4b893c72b2381be2, 9897
    [498780, 1995106, 499073, 2993850, 499366, 1995985, 2994143, 499659, 1996278, 1996571, 2994436, 499952, 1498110, 500245, 1996864, 2994729, 1498403, 500538, 1498696, 2995022]
71, 0x34f7d70674e67315309372e47e583295f15dc8467d91d79422248f0a04340444, 9897
    [498820, 1995146, 499113, 2993890, 499406, 1996025, 2994183, 499699, 1996318, 1996611, 499992, 2994476, 1498150, 500285, 1996904, 2994769, 1498443, 500578, 1498736, 2995062]
72, 0x0c7aec0f0e800b9b9d856dd232974fc3ae452c15bbe2692ecd3cf8109e1a2c26, 9897
    [1995043, 499010, 2993787, 499303, 1995922, 2994080, 499596, 1996215, 2994373, 1996508, 499889, 1996801, 1498047, 500182, 2994666, 1498340, 500475, 1498633, 2994959, 1250135]
73, 0x22b4d33dde3c208ebd2166e33be15a908ea260b98a51b0a6167d9afea29bc699, 9897
    [498788, 1995114, 499081, 2993858, 499374, 1995993, 2994151, 499667, 1996286, 1996579, 2994444, 499960, 500253, 1498118, 1996872, 2994737, 1498411, 500546, 1498704, 2995030]
74, 0x015236eb4794b4f23d54c3ba8bf610c445a2c9cdd79d9d6274e2538d33490f2b, 9897
    [1995017, 498984, 2993761, 499277, 1995896, 2994054, 499570, 1996189, 2994347, 1996482, 499863, 1996775, 1498021, 500156, 2994640, 1498314, 500449, 1498607, 2994933, 1250109]
75, 0x0c245e56c61c547025280b52a0dea24ff6d8c7962f88d0248fc03a85aaf285a7, 9897
    [498910, 2993687, 499203, 1995822, 2993980, 499496, 1996115, 2994273, 499789, 1996408, 1996701, 1497947, 500082, 2994566, 1498240, 500375, 2994859, 1498533, 1250035, 1498826]
76, 0x1e5fc14b6f810a6144ef82e25986f0933d7a20286421c2c35c2cb93e11bf0e4f, 9897
    [1995061, 499028, 2993805, 499321, 1995940, 2994098, 499614, 1996233, 2994391, 1996526, 499907, 1996819, 1498065, 500200, 2994684, 1498358, 500493, 1498651, 2994977, 1250153]
77, 0x03d1e788d870c9b01de36ef896f8142cd399cc720847431fceec2ec6bed79b8d, 9897
    [498755, 1995081, 499048, 2993825, 499341, 1995960, 2994118, 499634, 1996253, 2994411, 1996546, 499927, 1996839, 1498085, 500220, 2994704, 1498378, 500513, 1498671, 2994997]
78, 0x1b02951260c8f824e195f84a43bf06c58ad932a0f7de398d0725c52a7da198e4, 9897
    [1995065, 499032, 2993809, 499325, 1995944, 2994102, 499618, 1996237, 2994395, 1996530, 499911, 1996823, 1498069, 500204, 2994688, 1498362, 500497, 1498655, 2994981, 1250157]
79, 0x1e0ddebcbf8ce15ffeb8177d1d4c2d7b4bd5ae920450af0f55f62b1b1c55b376, 9897
    [1995028, 498995, 2993772, 499288, 1995907, 2994065, 499581, 1996200, 2994358, 1996493, 499874, 1996786, 1498032, 500167, 2994651, 1498325, 500460, 1498618, 2994944, 1250120]
80, 0x350bd6177768b95b3a43d9e766e810a74a1cc424fc3530b70763fbd6920b2507, 9897
    [498767, 1995093, 499060, 2993837, 499353, 1995972, 2994130, 499646, 1996265, 2994423, 1996558, 499939, 1996851, 1498097, 500232, 2994716, 1498390, 500525, 1498683, 2995009]
81, 0x19f11ebc052cd4b2c17d2039ea03a6a0ad3bfd83fa5d064903a6b45838678e22, 9897
    [1995058, 499025, 2993802, 499318, 1995937, 2994095, 499611, 1996230, 2994388, 1996523, 499904, 1996816, 1498062, 500197, 2994681, 1498355, 500490, 1498648, 2994974, 1250150]
82, 0x0ebc6dbf76c8b1b8359b31857601625159691b7a07fc78df53d716e05463b12d, 9897
    [498861, 1995187, 499154, 2993931, 499447, 1996066, 2994224, 499740, 1996359, 1996652, 500033, 2994517, 1498191, 500326, 1996945, 2994810, 1498484, 500619, 1498777, 2995103]
83, 0x22e38b3514ba284ca0c9c8b8877c41266ce4643b72342677a4087f6c9be7275a, 9897
    [498873, 1995199, 499166, 2993943, 499459, 1996078, 2994236, 499752, 1996371, 1996664, 500045, 2994529, 1498203, 1996957, 500338, 2994822, 1498496, 500631, 1498789, 2995115]
84, 0x2b92c9b440deff84fdbb0e9d7196801877d15412866eb5db59fea5a1482babcb, 9897
    [1995023, 498990, 2993767, 499283, 1995902, 2994060, 499576, 1996195, 2994353, 1996488, 499869, 1996781, 1498027, 500162, 2994646, 1498320, 500455, 1498613, 2994939, 1250115]
85, 0x02102abe0eb0985d9824f33b0298c3c6516dcf54140f082ecfb8febd07d4baaf, 9897
    [498817, 1995143, 499110, 2993887, 499403, 1996022, 2994180, 499696, 1996315, 1996608, 499989, 2994473, 1498147, 500282, 1996901, 2994766, 1498440, 500575, 1498733, 2995059]
86, 0x3ea67f7d5368d6c2018505dc648c89e6ad845a3eb4b73b6c272ee18d58a22709, 9897
    [1995051, 499018, 2993795, 499311, 1995930, 2994088, 499604, 1996223, 2994381, 1996516, 499897, 1996809, 1498055, 500190, 2994674, 1498348, 500483, 1498641, 2994967, 1250143]
87, 0x3f64b0bdb33e9b9151a64cb80a3c91728be793c9c24e84cbfeaf68cb21cf6160, 9897
    [498912, 2993689, 499205, 1995824, 2993982, 499498, 1996117, 2994275, 499791, 1996410, 1996703, 1497949, 500084, 2994568, 1498242, 500377, 1498535, 2994861, 1250037, 1498828]
88, 0x3cae4d11ea0573b4701d502fb20494e5e482d92fd48e6396f12c24d5d3cb703b, 9897
    [498835, 1995161, 499128, 2993905, 499421, 1996040, 2994198, 499714, 1996333, 1996626, 500007, 2994491, 1498165, 500300, 1996919, 2994784, 1498458, 500593, 1498751, 2995077]
89, 0x3c7f99275e83a4ffbf752c64099ad2ac2f5dbec412e72a3a29f4329e2dd308e0, 9897
    [498855, 1995181, 499148, 2993925, 499441, 1996060, 2994218, 499734, 1996353, 1996646, 500027, 2994511, 1498185, 500320, 1996939, 2994804, 1498478, 500613, 1498771, 2995097]
90, 0x282c7b2ed38dcb7b4fb8c93e25572ef1e30c5c63dba7a3f947ec444544b87b80, 9897
    [1995041, 499008, 2993785, 499301, 1995920, 2994078, 499594, 1996213, 2994371, 1996506, 499887, 1996799, 1498045, 500180, 2994664, 1498338, 500473, 1498631, 2994957, 1250133]
91, 0x3f29abbce94f7357bfc2b4571ba82d3e465912396a58dd7e3417bf02d75ed1c2, 9897
    [1995072, 499039, 2993816, 499332, 1995951, 2994109, 499625, 1996244, 2994402, 1996537, 499918, 1996830, 1498076, 500211, 2994695, 1498369, 500504, 1498662, 2994988, 1250164]
92, 0x1ed61b4baf2f96ef19577352951e1e714d5f43f4339f3000391d819c829bcea7, 9897
    [498963, 2993740, 499256, 1995875, 2994033, 499549, 1996168, 2994326, 1996461, 499842, 1996754, 1498000, 500135, 2994619, 500428, 1498293, 1498586, 2994912, 1250088, 1498879]
93, 0x24d94d85b79c80ef6bacb7c9125de67d44407f05db0e6820c76aae3f0686dc9a, 9897
    [498808, 1995134, 499101, 2993878, 499394, 1996013, 2994171, 499687, 1996306, 1996599, 2994464, 499980, 1498138, 500273, 1996892, 2994757, 1498431, 500566, 1498724, 2995050]
94, 0x1c2c7a59d694907a9a861a390ce975ab894d44d0ef8443b32dac57aa61346ad4, 9897
    [1995054, 499021, 2993798, 499314, 1995933, 2994091, 499607, 1996226, 2994384, 1996519, 499900, 1996812, 1498058, 500193, 2994677, 1498351, 500486, 1498644, 2994970, 1250146]
95, 0x1ed9b68e047334e2a7a61294b20130d253afa143459d2bfddee6e3acf724125a, 9897
    [498769, 1995095, 499062, 2993839, 499355, 1995974, 2994132, 499648, 1996267, 2994425, 1996560, 499941, 1996853, 1498099, 500234, 2994718, 1498392, 500527, 1498685, 2995011]
96, 0x2428538601b19d925b0690565a522d89214a166953523207bccf2015c9cc0419, 9897
    [498797, 1995123, 499090, 2993867, 499383, 1996002, 2994160, 499676, 1996295, 1996588, 2994453, 499969, 500262, 1498127, 1996881, 2994746, 1498420, 500555, 1498713, 2995039]
97, 0x0c537267c685208b07a957c564e8f4b83402d1dd15aad3456bd3b401da2772eb, 9897
    [498821, 1995147, 499114, 2993891, 499407, 1996026, 2994184, 499700, 1996319, 1996612, 499993, 2994477, 1498151, 500286, 1996905, 2994770, 1498444, 500579, 1498737, 2995063]
98, 0x0efb92e6b86c4ff96da33a7b8e62c4340f3667458770f7742d81bf30653ed7f6, 9897
    [498851, 1995177, 499144, 2993921, 499437, 1996056, 2994214, 499730, 1996349, 1996642, 500023, 2994507, 1498181, 500316, 1996935, 2994800, 1498474, 500609, 1498767, 2995093]
99, 0x003068ae1ae952bd0364a5ce322b78722b53c14b243a638c7ff613f834b320df, 9897
    [498959, 2993736, 499252, 1995871, 2994029, 499545, 1996164, 2994322, 1996457, 499838, 1996750, 1497996, 500131, 2994615, 500424, 1498289, 1498582, 2994908, 1250084, 1498875]
