scalars length: 9722443
freq>1000 (count, total, %):         21,    6655485,      68.45%
freq>500  (count, total, %):         95,    6701034,      68.92%
freq>100  (count, total, %):       6953,    7833393,      80.57%
freq>20   (count, total, %):       6953,    7833393,      80.57%

top 100 values:
 0, 0x0000000000000000000000000000000000000000000000000000000000000000, 6567650
    [607652, 607653, 607654, 607655, 607656, 607657, 607658, 607659, 607660, 607661, 607662, 607663, 607664, 607665, 607666, 607667, 607668, 1, 607669, 607670]
 1, 0x0000000000000000000000000000000000000000000000000000000000000001, 23095
    [2, 15, 1215810, 1215862, 1216190, 1216286, 1216289, 1063761, 1063767, 1063771, 1063774, 912701, 912707, 1216467, 912711, 912714, 4861901, 913124, 913130, 913135]
 2, 0x00000000000000000000000000000000507f303fce23a3978189df1f5457a563, 15263
    [0, 8, 1215939, 1064879, 4863306, 4863309, 4863367, 4863375, 913819, 762759, 1586, 1590, 1592, 1594, 1596, 1599, 1601, 1606, 1609, 1611]
 3, 0x40000000000000000000000000000000224698fc0994a8dd8c46eb2100000000, 9198
    [1215876, 1215956, 1216122, 1216172, 1216287, 1216405, 913134, 1218007, 1218009, 1064194, 1064816, 1064896, 4861984, 4862233, 4862242, 1065062, 1065112, 762074, 608242, 608248]
 4, 0x00000000000000000000000000000000507f303fce23a3978189df1f5457a562, 8103
    [1215895, 1215958, 1216053, 1216054, 1216056, 1216093, 1216094, 912801, 1063861, 1064835, 1064898, 761741, 1064993, 1064994, 1064996, 1065033, 1065034, 4863319, 4863320, 4863325]
 5, 0x3fffffffffffffffffffffffffffffffd1c768bc3b7105460abd0c01aba85a9e, 7114
    [79, 2430976, 2430982, 4863374, 4863414, 4863425, 2432146, 1796, 1821, 1912, 4865377, 1220669, 2907, 1069609, 918549, 2435520, 2435544, 2435555, 920376, 920382]
 6, 0x3fffffffffffffffffffffffffffffffd1c768bc3b7105460abd0c01aba85a9f, 6024
    [1216057, 1216066, 1064997, 1065006, 4863326, 4863368, 913937, 913946, 762877, 762886, 4863928, 4863950, 4864132, 4864911, 4865062, 4865064, 4865065, 2434234, 2434492, 2882]
 7, 0x40000000000000000000000000000000224698fc0994a8dd8c46eb20fffffffd, 2193
    [55, 1216128, 1063762, 1063775, 912702, 912715, 761642, 761655, 4861986, 1065068, 914008, 4863489, 762948, 2434096, 1220663, 610582, 610595, 1069603, 918543, 611888]
 8, 0x40000000000000000000000000000000224698fc0994a8dd8c46eb20ffffffff, 1680
    [1216293, 1216309, 1216468, 4861912, 1065233, 1065249, 1065408, 4863353, 914173, 914189, 914348, 763113, 763129, 763288, 2434513, 2435512, 612053, 612069, 612228, 1074973]
 9, 0x0000000000000000000000000000000000000000000000000000000000000002, 1670
    [17, 1215877, 1215957, 1216123, 1216295, 1064197, 4861906, 1064817, 1064897, 913137, 1065063, 762077, 1065235, 4863240, 913757, 913837, 914003, 914175, 762697, 762777]
10, 0x32c18c3e7fb6f6c91b553f566ce012b4d5f92376d9475f49458f5270a57cab51, 1663
    [4883546, 4883586, 4883626, 4883666, 4883706, 4883746, 2466586, 2466626, 2466666, 2466706, 2466746, 2466786, 1107046, 1107086, 1107126, 1107166, 1107206, 1107246, 955986, 956026]
11, 0x06c9a7ae1452ad444e553e1b2f2e38ddbb32479f7c1bb2abd8303696b3ac8104, 1548
    [2434256, 2434296, 2434336, 2434376, 2434416, 1074716, 1074756, 1074796, 1074836, 1074876, 923656, 923696, 923736, 923776, 923816, 772596, 772636, 772676, 772716, 772756]
12, 0x000000000000000000000000000000000000000000000000000000000000000c, 1286
    [1216028, 1064968, 4862229, 4863260, 913908, 762848, 2434164, 2434204, 2434477, 2435573, 611788, 1074624, 1074664, 923564, 923604, 1074937, 923877, 772504, 772544, 772817]
13, 0x3ffffffffffffffffffffffffffffffee049d7fcd1061a7f861f6ea3aea16a79, 1285
    [4864089, 2434236, 2439933, 1074696, 923636, 772576, 4872632, 4872645, 1225756, 621516, 2447129, 929333, 1080393, 778273, 627213, 1231453, 936529, 1087589, 2455672, 2455685]
14, 0x40000000000000000000000000000000224698fc0994a8dd8c46eb20ffffff71, 1160
    [61, 607866, 608254, 2431370, 1071830, 920770, 1222890, 769710, 4870692, 4871080, 2441390, 2441778, 618650, 930790, 1081850, 931178, 1082238, 779730, 780118, 14410]
15, 0x3fffffffffffffffffffffffffffffff8148387c6d4d61ae89332ce25750b53b, 1156
    [4863376, 2446416, 4874103, 4874278, 935816, 1086876, 784756, 1237936, 633696, 2457143, 2457318, 4883823, 4883843, 1097603, 1097778, 4885068, 4885470, 946543, 946718, 29456]
16, 0x3ffffffffffffffffffffffffffffffee049d7fcd1061a7f861f6ea3aea16a75, 1156
    [4865371, 4867683, 2440511, 4873884, 929911, 1080971, 2448411, 778851, 2450723, 627791, 1232031, 4878473, 937811, 1088871, 1091183, 940123, 2456924, 786751, 1239931, 635691]
17, 0x00000000000000000000000000000000a0fe607f9c47472f0313be3ea8af4ac6, 1152
    [4874105, 2457145, 4883496, 4883530, 1097605, 4885464, 946545, 4886610, 2466536, 2466570, 1248665, 4894276, 1106996, 1107030, 644425, 2468504, 795485, 4896461, 2469650, 1108964]
18, 0x3fffffffffffffffffffffffffffffd2dabb75181588a3a4aeb969818eb2f851, 1037
    [2430988, 2432152, 920388, 1071448, 1222508, 4869134, 921552, 1072612, 769328, 4869916, 4870304, 1223672, 770492, 2443330, 618268, 619432, 1083790, 932730, 781670, 14028]
19, 0x021cdb1b6fc3896af2da46ac29f955700cf0046519004891a3be4fedf74e9ae6, 1032
    [4863318, 2434220, 2434260, 2434300, 2434340, 2434380, 2434420, 1074680, 1074720, 1074760, 1074800, 923620, 1074840, 1074880, 923660, 923700, 923740, 923780, 923820, 772560]
20, 0x0000000000000000000000000000000000000000000000000000000000000004, 1020
    [1063768, 912708, 913125, 761648, 1064185, 4862221, 762065, 610588, 611005, 2445261, 934661, 1085721, 783601, 17587, 17691, 1236781, 632541, 4896254, 39307, 4906475]
21, 0x40000000000000000000000000000000224698fc0994a8dd8c46eb20fffffff5, 901
    [1216297, 4862223, 1065237, 914177, 763117, 2434485, 2435514, 612057, 1074945, 923885, 1075974, 772825, 924914, 4873035, 2445263, 773854, 1226005, 4874188, 621765, 9508]
22, 0x0000000000000000000000000000000141fcc0ff388e8e5e06277c7d515e9588, 899
    [4863917, 4863952, 4865056, 2434471, 1074931, 923871, 772811, 1225991, 2446957, 2446992, 621751, 2448096, 936357, 936392, 1087417, 1087452, 937496, 17511, 1088556, 785297]
23, 0x3b547a3b8f0a332cc70ff1b2614d5f1133c9811fb85c207bc74da8fddcff0f6b, 896
    [607868, 608256, 4870694, 4871082, 2441392, 2441780, 930792, 1081852, 931180, 1082240, 779732, 780120, 1232912, 628672, 1233300, 629060, 2453734, 2454122, 943134, 1094194]
24, 0x13118958ad8a8c2daf467f9560f6c6da22deee58951d15bbe51b43b36a6c0a5f, 896
    [607867, 608255, 4870693, 4871081, 2441391, 2441779, 930791, 1081851, 931179, 1082239, 779731, 780119, 1232911, 628671, 1233299, 629059, 2453733, 2454121, 943133, 1094193]
25, 0x3fffffffffffffffffffffffffffffd2dabb75181588a3a4aeb969818eb2f8e1, 894
    [2442554, 2442942, 1083014, 931954, 932342, 1083402, 780894, 781282, 629834, 1234074, 1234462, 630222, 4890720, 4891108, 4892272, 35214, 35996, 36384, 4903062, 2473760]
26, 0x392836157e4a996d56c7914a16e4079c31de7f425288e2f74cdceb1c8ec071cb, 893
    [2442555, 2442943, 1083015, 931955, 932343, 1083403, 780895, 781283, 629835, 1234075, 1234463, 630223, 4890721, 4891109, 4892273, 35997, 36385, 4903063, 2473761, 2474149]
27, 0x00f5208be60bcaa87feb0bac5d4ebde5bc3de2ad4c3437c0bdafd1b02aeec8e4, 893
    [2442556, 2442944, 1083016, 931956, 932344, 1083404, 780896, 781284, 629836, 1234076, 1234464, 630224, 4890722, 4891110, 4892274, 35998, 36386, 4903064, 2473762, 2474150]
28, 0x3fffffffffffffffffffffffffffffff8148387c6d4d61ae89332ce25750b53d, 774
    [1216074, 1065014, 4863313, 913954, 762894, 2434202, 2436140, 611834, 1074662, 923602, 772542, 925540, 1076600, 1225722, 774480, 621482, 2446353, 4874119, 1227660, 623420]
29, 0x00000000000000000000000000000003c5f642fda9abab1a12767577f41bc098, 768
    [4863357, 2435508, 1075968, 924908, 773848, 2446397, 1227028, 622788, 935797, 1086857, 18548, 784737, 1237917, 633677, 4884628, 2467668, 4894599, 1108128, 957068, 39958]
30, 0x1d992b8355c91d3f701e609430b5865d426578f1182f85c9c700b3ba5f46b9e6, 768
    [608249, 4869911, 4870687, 2441385, 2441773, 930785, 1081845, 931173, 1082233, 779725, 780113, 1232905, 628665, 1233293, 629053, 2452951, 2453727, 942351, 1093411, 943127]
31, 0x15561bd38d83a8bc98384352f00bc4ac5ef74757fb16d689cbc7dc2c39c9e4aa, 768
    [608250, 4869912, 4870688, 2441386, 2441774, 930786, 1081846, 931174, 1082234, 779726, 780114, 1232906, 628666, 1233294, 629054, 2452952, 2453728, 942352, 1093412, 943128]
32, 0x158794d479027be2ab31a2752269978c773e1fdaeb1acc0e80589f8f86226eff, 767
    [4861917, 4861925, 4861957, 4861965, 4862003, 2444957, 2444965, 2444997, 2445005, 2445043, 934357, 934365, 934397, 934405, 934443, 1085417, 1085425, 1085457, 1085465, 1085503]
33, 0x1c80ced8c24b134f4a60b8fb49507816a31968fdbde81b94943a9a65cf55b0f9, 765
    [2442549, 2442937, 1083009, 931949, 932337, 1083397, 780889, 781277, 629829, 1234069, 1234457, 630217, 4890715, 4891103, 4892267, 36379, 4903057, 2473755, 2474143, 1114215]
34, 0x33b5e9be7bc9e643016c97b7c4cd2b07b5ba6be0e40b4cbf019a71be7491a5e1, 765
    [2442550, 2442938, 1083010, 931950, 932338, 1083398, 780890, 781278, 629830, 1234070, 1234458, 630218, 4890716, 4891104, 4892268, 36380, 4903058, 2473756, 2474144, 1114216]
35, 0x00000000000000000000000000000000a0fe607f9c47472f0313be3ea8af4ac4, 652
    [912802, 1063862, 761742, 2434196, 610682, 2436096, 2436134, 1074656, 923596, 772536, 4872732, 1076556, 925496, 925534, 1076594, 1225716, 774436, 774474, 621476, 1227616]
36, 0x0c39bf6e2bd5259b060e10df77dace763276d49ede114fd5a5b143aef92c7c29, 651
    [2430989, 2432153, 920389, 1071449, 1222509, 921553, 1072613, 769329, 4869917, 4870305, 1223673, 770493, 2443331, 618269, 619433, 1083791, 932731, 781671, 14029, 15193]
37, 0x3c499ac77515fdd546fafd5ebe9c1cf6f00763cd0490583c84fd7aae07edd84f, 651
    [2430990, 2432154, 920390, 1071450, 1222510, 921554, 1072614, 769330, 4869918, 4870306, 1223674, 770494, 2443332, 618270, 619434, 1083792, 932732, 781672, 14030, 15194]
38, 0x24664e532d6dd820af4d0a47693e4fad6c47a69d704c863a00ee5f42e95f2940, 648
    [1216292, 1065232, 914172, 763112, 2434190, 612052, 1074650, 923590, 772530, 1225710, 621470, 4874159, 4874177, 17639, 17653, 17669, 2457199, 2457217, 1097659, 1097677]
39, 0x00000000000000000000000000000003c5f642fda9abab1a12767577f41bc0a4, 647
    [2434479, 1074939, 923879, 772819, 1225999, 4873878, 621759, 17519, 2456918, 4883494, 1097378, 4884903, 946318, 29437, 2466534, 1248438, 2467943, 644198, 1106994, 795258]
40, 0x0b6bbf9fc27365ec95f6c7957ff958536ee31ed393cb3e3f8f3ad37ccd9ff506, 646
    [607863, 4868270, 4868559, 4871077, 10169, 11036, 2451310, 2451599, 2454117, 940710, 1091770, 940999, 1092059, 20959, 1094577, 943517, 789650, 789939, 1242830, 1243119]
41, 0x0000000000000000000000000000000000000000000000000000000000000003, 644
    [1218010, 4863254, 1066950, 915890, 764830, 613770, 2446294, 4874178, 935694, 1086754, 784634, 1237814, 633574, 2457218, 1097678, 946618, 29480, 1248738, 644498, 795558]
42, 0x1c97c3d48dcb86d993b32e9d28773bccfae705b5aeb321cb7d03f6fca8560930, 642
    [4865372, 4867684, 2440512, 929912, 1080972, 2448412, 778852, 2450724, 627792, 1232032, 4878474, 937812, 1088872, 1091184, 940124, 786752, 1239932, 635692, 789064, 23552]
43, 0x3ffffffffffffffffffffffffffffffb1a5394ff275a6f6573a8f92bba85a9d1, 642
    [4867975, 2440225, 929625, 1080685, 778565, 2451015, 627505, 1231745, 4881088, 1091475, 940415, 23265, 789355, 1242535, 638295, 4886954, 2464128, 1104588, 4890419, 953528]
44, 0x1b6795690ee33da329c86b00815c3031eb411f68b45f8468b447b79f54c36893, 642
    [4865373, 4867685, 2440513, 929913, 1080973, 2448413, 778853, 2450725, 627793, 1232033, 4878475, 937813, 1088873, 1091185, 940125, 786753, 1239933, 635693, 789065, 23553]
45, 0x33ab216d954310a2518c9ca20ae68982782e5347087f3ce8c2adddbd263d6d51, 642
    [1216041, 1216191, 1064981, 1065131, 913921, 914071, 762861, 763011, 2435311, 2435461, 611801, 611951, 1075771, 1075921, 924711, 924861, 773651, 773801, 1226831, 1226981]
46, 0x0c54de926abcef5dae73635df519767daa1845b501156bf4c9990d63d9c292b0, 642
    [1063784, 912724, 1218017, 761664, 1066957, 915897, 764837, 2434490, 610604, 2437287, 613777, 1074950, 923890, 772830, 4873040, 1226010, 926687, 1077747, 775627, 621770]
47, 0x3d59bc8af09149e6ca16f1ba8e5a12568d02d914848fb40c3c8990b48250a71d, 641
    [608251, 4870689, 2441387, 2441775, 930787, 1081847, 931175, 1082235, 779727, 780115, 1232907, 628667, 1233295, 629055, 2453729, 20953, 943129, 1094189, 24427, 792069]
48, 0x2f5b068688eae25ac84276efe9483cb8a9181e9fc6c7c9dae75d1430e7279f63, 641
    [2434272, 2434312, 2434352, 2434392, 2434432, 1074732, 1074772, 1074812, 1074852, 1074892, 923672, 923712, 923752, 923792, 923832, 772612, 772652, 772692, 772732, 772772]
49, 0x090f526d386d3c4fb0341de4a74f9a77eb74915f5a6d302eca0929b08e56292a, 640
    [608243, 4870681, 2441379, 2441767, 930779, 1081839, 931167, 1082227, 779719, 780107, 1232899, 628659, 1233287, 629047, 2453721, 943121, 1094181, 24419, 792061, 1245241]
50, 0x3b9e2fef4c664044d8ec8683aad3772e1f7fb6b4d62e83136637c04b7c4d8e22, 640
    [608253, 4870691, 2441389, 2441777, 930789, 1081849, 931177, 1082237, 779729, 780117, 1232909, 628669, 1233297, 629057, 2453731, 943131, 1094191, 24429, 792071, 1245251]
51, 0x2298a81609871f21e1431010b6320eedceeeeb90ce26490273210ce77533a0bc, 640
    [608244, 4870682, 2441380, 2441768, 930780, 1081840, 931168, 1082228, 779720, 780108, 1232900, 628660, 1233288, 629048, 2453722, 943122, 1094182, 24420, 792062, 1245242]
52, 0x371b0a21c1ccdd485beadcadb994d27e42ba93b971676d571865478d886c77b1, 640
    [608252, 4870690, 2441388, 2441776, 930788, 1081848, 931176, 1082236, 779728, 780116, 1232908, 628668, 1233296, 629056, 2453730, 943130, 1094190, 24428, 792070, 1245250]
53, 0x00000000000000000000000000000000f17d90bf6a6aeac6849d9d5dfd06f029, 639
    [4863388, 2446428, 4875820, 935828, 1086888, 784768, 1237948, 633708, 2458860, 1099320, 948260, 29468, 1250380, 4897426, 797200, 646140, 4905005, 4905026, 1120926, 2480466]
54, 0x1a9df51ff0b7ebfca40108813245c9bfb46d9f17b1f1a248881ae31b195cbd73, 639
    [607875, 1071063, 920003, 1222123, 768943, 4871089, 2442951, 617883, 932351, 1083411, 781291, 1234471, 630231, 2454129, 1094589, 943529, 792469, 1245649, 641409, 4902295]
55, 0x37212ab08b12ec8882e4719cd9bf4bb096858fcca0c8f7c0a786e5e9e002c172, 638
    [1071050, 919990, 1222110, 768930, 2442544, 617870, 1083004, 931944, 780884, 629824, 1234064, 4890710, 4891098, 36374, 4903052, 2473750, 2474138, 1114210, 1114598, 963150]
56, 0x02978ddde7b773fbf1dcf4b900d53f92058d7d94e44d8d8419a3b812e2060fa0, 638
    [1071049, 919989, 1222109, 768929, 2442543, 617869, 1083003, 931943, 780883, 629823, 1234063, 4890709, 4891097, 36373, 4903051, 2473749, 2474137, 1114209, 1114597, 963149]
57, 0x40000000000000000000000000000000224698fc0994a8dd8c46eb20fffffff1, 638
    [1218354, 1067294, 916234, 765174, 2437624, 614114, 927024, 1078084, 775964, 1229144, 624904, 4900345, 4901209, 4911135, 1123845, 1124709, 2483385, 2484249, 4919324, 972785]
58, 0x3ffffffffffffffffffffffffffffffd4dcde6bdca53e889fe6e130708eb2f8f, 638
    [4875824, 2458864, 1099324, 948264, 4892260, 4894587, 35984, 1250384, 797204, 646144, 4903438, 2475300, 1115760, 4906560, 1118087, 41904, 2477627, 964700, 1126938, 967027]
59, 0x0a501e060f6abeaeb19650dbdcfabbb2b66fc80103d57e9490054ab30cc9a698, 519
    [2440520, 2440809, 2443327, 929920, 930209, 1080980, 1081269, 778860, 779149, 1083787, 932727, 627800, 1232040, 628089, 781667, 1232329, 4878482, 1234847, 630607, 23560]
60, 0x3fffffffffffffffffffffffffaf07e3d28d9c3f08a3d776c0b61358b39e7851, 517
    [2432158, 921558, 1072618, 4869922, 1223678, 770498, 2442172, 2443336, 619438, 931572, 1082632, 1083796, 932736, 780512, 781676, 1233692, 15198, 629452, 2452962, 1234856]
61, 0x0cbfa9ce76fcfb77651b61cd5bc72acaab134b2dee1c15c8120fb57bfc281462, 517
    [2432161, 921561, 1072621, 4869925, 1223681, 770501, 2442175, 2443339, 619441, 931575, 1082635, 1083799, 932739, 780515, 781679, 1233695, 15201, 629455, 2452965, 1234859]
62, 0x293e568e960833c757a7479a405e23cb13f914f7bc2aab725595889f8e32791a, 517
    [1220664, 1069604, 918544, 4868262, 767484, 616424, 10739, 11606, 12184, 2451302, 940702, 1091762, 21240, 789642, 1242822, 638582, 32319, 4900054, 4910844, 1123554]
63, 0x09f15082e80ef0928fb2120da23fea4b95b6f8811738aa975ff48fbdacba0b64, 517
    [1215955, 1215964, 1064895, 1064904, 913835, 913844, 762775, 762784, 611715, 611724, 4873685, 2456725, 1097185, 4884475, 946125, 1248245, 2467515, 644005, 795065, 1107975]
64, 0x2793e18af476b7683288f6f5776268efb0c9a5c1ba460eba76fc157d60fd02e3, 517
    [1220665, 1069605, 918545, 4868263, 767485, 616425, 10740, 11607, 12185, 2451303, 940703, 1091763, 21241, 789643, 1242823, 638583, 32320, 4900055, 4910845, 1123555]
65, 0x11ea5e0df6b79b46aa604a1b6b2d08fcd72bb54b7e5775f386749e268e2d9421, 516
    [2432163, 921563, 1072623, 4869927, 1223683, 770503, 2442177, 2443341, 619443, 931577, 1082637, 1083801, 932741, 780517, 781681, 1233697, 15203, 629457, 2452967, 1234861]
66, 0x1b2e17612a34f16b07f7ffe65e8e354fefcb811ea3779ee5fdb32a15b5b97cfc, 516
    [4883857, 4884477, 4884557, 4884723, 2466897, 2467517, 2467597, 2467763, 1107357, 1107977, 1108057, 1108223, 956297, 956917, 956997, 957163, 1258417, 1259037, 1259117, 1259283]
67, 0x1efb34a2b628101b6cb7a9321263eb18bbe0fa4dc517939ab602634f86c360ff, 516
    [2432159, 921559, 1072619, 4869923, 1223679, 770499, 2442173, 2443337, 619439, 931573, 1082633, 1083797, 932737, 780513, 781677, 1233693, 15199, 629453, 2452963, 1234857]
68, 0x039d3cc41133362a40ef3ba90d6467e6069b8eee336adc02ff24a3dc75a2e9ec, 516
    [2432160, 921560, 1072620, 4869924, 1223680, 770500, 2442174, 2443338, 619440, 931574, 1082634, 1083798, 932738, 780514, 781678, 1233694, 15200, 629454, 2452964, 1234858]
69, 0x00bd7149d1985cee17e8b6828c45827bb16db9d853be6be5800c375175ef2906, 516
    [2432162, 921562, 1072622, 4869926, 1223682, 770502, 2442176, 2443340, 619442, 931576, 1082636, 1083800, 932740, 780516, 781680, 1233696, 15202, 629456, 2452966, 1234860]
70, 0x40000000000000000000000000000000224698fc0994a8dd8c46eb20fffffff8, 516
    [607854, 1218014, 4862217, 1066954, 915894, 764834, 613774, 4871068, 2445257, 934657, 1085717, 783597, 2454108, 1236777, 632537, 1094568, 943508, 29524, 792448, 1245628]
71, 0x23ac0f40176ffc4433fe7f4dc52fc7bde661d10cc0dd25e94a7ab6de697eecd0, 515
    [2434253, 1074713, 923653, 772593, 1225773, 621533, 17293, 4894327, 4894335, 4894373, 1117827, 1117835, 1117873, 2477367, 2477375, 2477413, 966767, 966775, 966813, 1268887]
72, 0x1533674b056362eeec5899de2b7b339b17746d4d53f88f7f9af5c79beed26db8, 515
    [2434527, 2435147, 2435227, 2435393, 1074987, 923927, 1075607, 1075687, 1075853, 924547, 924627, 772867, 924793, 773487, 773567, 773733, 1226047, 1226667, 1226747, 621807]
73, 0x3ffffffffffffffffffffffffffffffc5c5055fe5fe8fdc379d075a90be43f5d, 515
    [4874107, 2457147, 4883825, 1097607, 4885472, 946547, 29397, 2466865, 1248667, 644427, 1107325, 2468512, 795487, 1108972, 956265, 957912, 4905405, 1258385, 1260032, 805205]
74, 0x3fffffffffffffffffffffffffaf629d5be7d5ccd5798e172b6dfbc0c7e60f86, 514
    [4869146, 2452186, 4880712, 4881094, 941586, 1092646, 790526, 1243706, 639466, 2463752, 2464134, 1104212, 1104594, 4890425, 953152, 953534, 2473465, 1113925, 1255272, 1255654]
75, 0x3ffffffffffffffffffffffffffffffe3f4b777d34bed350830bb06505f21fb5, 514
    [4863911, 2436085, 1076545, 925485, 774425, 2446951, 1227605, 623365, 936351, 1087411, 19125, 785291, 1238471, 634231, 4884638, 4885415, 29991, 2467678, 2468455, 1108138]
76, 0x30aad6f4eced1a77424a0f1415d72ebbf0e25592c3e19946523fe4fa2976e985, 513
    [1220666, 1069606, 918546, 4868264, 767486, 616426, 12186, 2451304, 940704, 1091764, 789644, 1242824, 638584, 4910846, 4911132, 4921636, 1134346, 1134632, 983286, 983572]
77, 0x1533674b056362eeec5899de2b7b339bb872cdccf03fd6ae9e0985da9781b87c, 512
    [4873067, 4873687, 4873767, 4873933, 2456107, 2456727, 2456807, 2456973, 1096567, 1097187, 1097267, 1097433, 945507, 946127, 946207, 946373, 643387, 1247627, 794447, 1248247]
78, 0x2ce70d73dc1a84a3d84a7301652c680b226b8e8da51fa9e518d436578c5e3427, 512
    [1215875, 1064815, 913755, 762695, 2435145, 2435225, 2435234, 611635, 1075605, 1075685, 1075694, 924545, 924625, 924634, 773485, 773565, 773574, 1226665, 1226745, 1226754]
79, 0x1d0a430f0bf46beeb7679f0c3d138240959202ef7bada98fd3674487205bd73e, 512
    [2435507, 1075967, 924907, 773847, 1227027, 622787, 18547, 4884555, 4884564, 2467595, 2467604, 1108055, 1108064, 956995, 957004, 4906514, 1259115, 1259124, 805935, 805944]
80, 0x1ee09342895e314862053d3aae8ec8c987e728c08e2529f92b836642bbda9463, 511
    [2439941, 929341, 1080401, 778281, 627221, 1231461, 31459, 4889271, 4900061, 2472311, 1112771, 4908539, 961711, 1123561, 1263831, 2483101, 810651, 659591, 972501, 1132039]
81, 0x0c99ad01fedacee9995180384ee9b85987461f7f7294cc957685a28fedf27b5c, 511
    [2439940, 929340, 1080400, 778280, 627220, 1231460, 31458, 4889270, 4900060, 2472310, 1112770, 4908538, 961710, 1123560, 1263830, 2483100, 810650, 659590, 972500, 1132038]
82, 0x24f71b4bb97343f6746f6da9f703f4fab270d509a3e2ec4bbc23a764d53384b6, 511
    [1218356, 1067296, 916236, 765176, 2437626, 614116, 927026, 1078086, 775966, 1229146, 624906, 4900347, 4911137, 1123847, 2483387, 4919326, 972787, 1134637, 4930116, 1274907]
83, 0x3248384b9871a07327e31dfd00394801d47c52ee21ea31a063e2070d61c857bd, 511
    [1218355, 1067295, 916235, 765175, 2437625, 614115, 927025, 1078085, 775965, 1229145, 624905, 4900346, 4911136, 1123846, 2483386, 4919325, 972786, 1134636, 4930115, 1274906]
84, 0x140f2a4041ecb17c4de1115439ee7463110ac357bbea192a73153a82da10fce8, 511
    [2442553, 1083013, 931953, 780893, 629833, 1234073, 4890719, 4891107, 36383, 4903061, 2473759, 2474147, 1114219, 1114607, 963159, 963547, 1265279, 1126561, 1265667, 812099]
85, 0x2efd2579a344f3054fe9b3c812b0fc9c9ad8cda601331f6990de307594739ba7, 511
    [607877, 4871091, 2442953, 932353, 1083413, 781293, 1234473, 630233, 2454131, 1094591, 943531, 792471, 1245651, 641411, 4902297, 4913087, 1125797, 2485337, 974737, 1136587]
86, 0x1bdd35d51910d34a3b9e5fd7eb11875d9bc2da21e9607d3b5b28c1ad5f4df4f5, 511
    [607873, 4871087, 2442949, 932349, 1083409, 781289, 1234469, 630229, 2454127, 1094587, 943527, 792467, 1245647, 641407, 4902293, 4913083, 1125793, 2485333, 974733, 1136583]
87, 0x40000000000000000000000000000000224698fc0994a8dd8c46eb20fefe7f71, 511
    [607872, 4871086, 2442948, 932348, 1083408, 781288, 1234468, 630228, 2454126, 1094586, 943526, 792466, 1245646, 641406, 4902292, 4913082, 1125792, 2485332, 974732, 1136582]
88, 0x071de0dda6d752b404bff943797f862687500d6ac5e5f523134d4572ea2426bc, 511
    [2442551, 1083011, 931951, 780891, 629831, 1234071, 4890717, 4891105, 36381, 4903059, 2473757, 2474145, 1114217, 1114605, 963157, 963545, 1265277, 1126559, 1265665, 812097]
89, 0x19cce771948a1ad35bd5c50ba4dd328d6f7ddf7f614d0e8d9c57b5cb9ed5e48c, 511
    [607874, 4871088, 2442950, 932350, 1083410, 781290, 1234470, 630230, 2454128, 1094588, 943528, 792468, 1245648, 641408, 4902294, 4913084, 1125794, 2485334, 974734, 1136584]
90, 0x04ec1f6378e0896d51655353310a3d2369606c4f70d5aa321c2a8da9c0304710, 511
    [607876, 4871090, 2442952, 932352, 1083412, 781292, 1234472, 630232, 2454130, 1094590, 943530, 792470, 1245650, 641410, 4902296, 4913086, 1125796, 2485336, 974736, 1136586]
91, 0x3dfb3abd2f74e545976896739525fbec926958fddd6f02f3ea9987f5582235eb, 511
    [2442552, 1083012, 931952, 780892, 629832, 1234072, 4890718, 4891106, 36382, 4903060, 2473758, 2474146, 1114218, 1114606, 963158, 963546, 1265278, 1126560, 1265666, 812098]
92, 0x1d9c5fc6ca5cb0fc487c9c72bdef5471eb8110a24a1114613b7fba32f644f14a, 509
    [2442547, 1083007, 931947, 780887, 629827, 1234067, 4890713, 4891101, 4891877, 2473753, 2474141, 1114213, 1114601, 2474917, 1115377, 963153, 963541, 964317, 1265273, 1265661]
93, 0x29f4f675c7acc0837a517b8793040b1643abd2b1a517c5371213a6002e6577d2, 509
    [2442545, 1083005, 931945, 780885, 629825, 1234065, 4890711, 4891099, 4891875, 2473751, 2474139, 1114211, 1114599, 2474915, 1115375, 963151, 963539, 964315, 1265271, 1265659]
94, 0x190d6c30c8106776fddfd8f088ad90288e924ad9906d61d7a51634851f31d06b, 509
    [2442546, 1083006, 931946, 780886, 629826, 1234066, 4890712, 4891100, 4891876, 2473752, 2474140, 1114212, 1114600, 2474916, 1115376, 963152, 963540, 964316, 1265272, 1265660]
95, 0x3a19fa5c1814308eba7f198f7a05fe73e57ee1eed617a15e5b3b4e202e9c6adf, 394
    [2430983, 2432147, 920383, 1071443, 1222503, 921547, 1072607, 769323, 4870299, 1223667, 770487, 618263, 619427, 14023, 15187, 2453339, 942739, 1093799, 25589, 25977]
96, 0x090c0592094d8eff99a4db0ab4d8efb3f26b1a3cd58d7a6b411b62c9ae5b8a8a, 394
    [2430984, 2432148, 920384, 1071444, 1222504, 921548, 1072608, 769324, 4870300, 1223668, 770488, 618264, 619428, 14024, 15188, 2453340, 942740, 1093800, 25590, 25978]
97, 0x22c531d1d1a225935378f389083ced1bd7260043224e07078c6fb7fe8a9ad997, 390
    [4868271, 4868560, 10170, 11037, 2451311, 2451600, 940711, 1091771, 941000, 1092060, 20960, 789651, 789940, 1242831, 1243120, 638591, 638880, 31750, 32039, 32617]
98, 0x1a1118ae70785dff326cb1786440e53ad28f682f94cb6b1e28104858a20c3eac, 390
    [4868272, 4868561, 10171, 11038, 2451312, 2451601, 940712, 1091772, 941001, 1092061, 20961, 789652, 789941, 1242832, 1243121, 638592, 638881, 31751, 32040, 32618]
99, 0x3ffffffffffffffffffffffffffffffd4dcde6bdca53e889fe6e130708eb2f86, 390
    [2432140, 921540, 1072600, 4869904, 1223660, 770480, 2443318, 619420, 1083778, 932718, 781658, 15180, 2452944, 1234838, 630598, 942344, 1093404, 26358, 791284, 1244464]
 638881, 487532, 487821, 336472, 336761]
